sep=;
ACCELEROMETER X (m/s²);ACCELEROMETER Y (m/s²);ACCELEROMETER Z (m/s²);LIGHT (lux);PROXIMITY (m);SOUND LEVEL (dB);LOCATION Latitude : ;LOCATION Longitude : ;LOCATION Altitude ( m);LOCATION Altitude-google ( m);LOCATION Speed ( Kmh);LOCATION Accuracy ( m);LOCATION ORIENTATION (°);Satellites in range;Time since start in ms ;YYYY-MO-DD HH-MI-SS_SSS
-1.254;3.687;9.902;11.0;1.0;37.22;48.16253;11.55339;;NaN;;708.0;;0 / 21;22;2018-11-09 17:37:38:071
-2.461;3.945;7.958;18.0;1.0;37.22;48.16253;11.55339;;NaN;;708.0;;0 / 21;122;2018-11-09 17:37:38:171
-2.93;4.539;9.146;9.0;1.0;37.22;48.16253;11.55339;;NaN;;708.0;;0 / 21;221;2018-11-09 17:37:38:270
-5.813;6.78;12.45;27.0;1.0;48.86;48.16253;11.55339;;NaN;;708.0;;0 / 21;321;2018-11-09 17:37:38:370
-1.484;1.225;6.215;14.0;1.0;48.86;48.16253;11.55339;;NaN;;708.0;;0 / 21;421;2018-11-09 17:37:38:470
0.881;2.461;7.039;7.0;1.0;48.86;48.16253;11.55339;;NaN;;708.0;;0 / 21;521;2018-11-09 17:37:38:570
-2.968;3.533;7.106;15.0;1.0;48.86;48.16253;11.55339;;NaN;;708.0;;0 / 21;621;2018-11-09 17:37:38:670
-3.323;4.769;10.946;21.0;1.0;52.66;48.16253;11.55339;;NaN;;708.0;;0 / 21;722;2018-11-09 17:37:38:771
-3.61;2.863;11.329;9.0;1.0;52.66;48.16253;11.55339;;NaN;;708.0;;0 / 21;822;2018-11-09 17:37:38:871
0.632;4.932;11.818;14.0;1.0;52.66;48.16253;11.55339;;NaN;;708.0;;0 / 21;922;2018-11-09 17:37:38:971
-1.072;0.124;8.868;16.0;1.0;57.28;48.16253;11.55339;;NaN;;708.0;;0 / 21;1022;2018-11-09 17:37:39:071
1.704;3.208;6.397;15.0;1.0;57.28;48.16253;11.55339;;NaN;;708.0;;0 / 21;1123;2018-11-09 17:37:39:172
-2.039;4.156;8.801;26.0;1.0;57.28;48.16253;11.55339;;NaN;;708.0;;0 / 21;1222;2018-11-09 17:37:39:271
-0.153;4.118;9.807;17.0;1.0;53.72;48.16253;11.55339;;NaN;;708.0;;0 / 21;1322;2018-11-09 17:37:39:371
0.153;5.344;8.945;13.0;1.0;53.72;48.16253;11.55339;;NaN;;708.0;;0 / 21;1422;2018-11-09 17:37:39:471
-0.402;3.696;9.395;0.0;1.0;53.72;48.16253;11.55339;;NaN;;708.0;;0 / 21;1522;2018-11-09 17:37:39:571
-2.116;1.685;7.575;8.0;1.0;55.66;48.16253;11.55339;;NaN;;708.0;;0 / 21;1622;2018-11-09 17:37:39:671
-0.526;3.102;8.016;4.0;1.0;55.66;48.16253;11.55339;;NaN;;708.0;;0 / 21;1722;2018-11-09 17:37:39:771
1.043;4.759;10.324;18.0;1.0;55.66;48.16253;11.55339;;NaN;;708.0;;0 / 21;1822;2018-11-09 17:37:39:871
-0.948;4.261;9.625;16.0;1.0;56.95;48.16253;11.55339;;NaN;;708.0;;0 / 21;1922;2018-11-09 17:37:39:971
-1.666;4.213;10.86;4.0;1.0;56.95;48.16253;11.55339;;NaN;;708.0;;0 / 21;2021;2018-11-09 17:37:40:070
0.086;4.3;8.916;20.0;1.0;56.95;48.16253;11.55339;;NaN;;708.0;;0 / 21;2121;2018-11-09 17:37:40:170
0.612;0.45;8.485;13.0;1.0;39.49;48.16253;11.55339;;NaN;;708.0;;0 / 21;2221;2018-11-09 17:37:40:270
1.723;3.284;8.102;10.0;1.0;39.49;48.16253;11.55339;;NaN;;708.0;;0 / 21;2321;2018-11-09 17:37:40:370
0.842;4.271;9.165;12.0;1.0;39.49;48.16253;11.55339;;NaN;;708.0;;0 / 21;2421;2018-11-09 17:37:40:470
0.498;3.936;8.81;5.0;1.0;36.79;48.16253;11.55339;;NaN;;708.0;;0 / 21;2521;2018-11-09 17:37:40:570
0.967;4.846;8.159;12.0;1.0;36.79;48.16253;11.55339;;NaN;;708.0;;0 / 21;2621;2018-11-09 17:37:40:670
-0.43;5.066;9.366;8.0;1.0;36.79;48.16253;11.55339;;NaN;;708.0;;0 / 21;2721;2018-11-09 17:37:40:770
1.656;5.037;9.49;10.0;1.0;35.36;48.16253;11.55339;;NaN;;708.0;;0 / 21;2821;2018-11-09 17:37:40:870
-0.641;2.145;7.297;10.0;1.0;35.36;48.16253;11.55339;;NaN;;708.0;;0 / 21;2921;2018-11-09 17:37:40:970
-0.22;3.045;10.314;19.0;1.0;35.36;48.16253;11.55339;;NaN;;708.0;;0 / 21;3023;2018-11-09 17:37:41:072
-0.383;4.482;8.341;5.0;1.0;50.56;48.16253;11.55339;;NaN;;708.0;;0 / 21;3122;2018-11-09 17:37:41:171
0.335;4.472;9.577;18.0;1.0;50.56;48.16253;11.55339;;NaN;;708.0;;0 / 21;3222;2018-11-09 17:37:41:271
0.507;4.089;8.839;15.0;1.0;50.56;48.16253;11.55339;;NaN;;708.0;;0 / 21;3322;2018-11-09 17:37:41:371
1.13;4.357;11.454;15.0;1.0;51.07;48.16253;11.55339;;NaN;;708.0;;0 / 21;3422;2018-11-09 17:37:41:471
2.145;1.187;11.301;21.0;1.0;51.07;48.16253;11.55339;;NaN;;708.0;;0 / 21;3522;2018-11-09 17:37:41:571
2.355;2.001;6.349;7.0;1.0;51.07;48.16253;11.55339;;NaN;;708.0;;0 / 21;3621;2018-11-09 17:37:41:670
0.708;4.041;9.107;5.0;1.0;51.07;48.16253;11.55339;;NaN;;708.0;;0 / 21;3722;2018-11-09 17:37:41:771
0.44;3.984;8.236;6.0;1.0;47.04;48.1624;11.5588;-41.3;NaN;0.0;13.1;0.0;0 / 21;3822;2018-11-09 17:37:41:871
2.451;4.98;8.025;11.0;1.0;47.04;48.1624;11.5588;-41.3;NaN;0.0;13.1;0.0;6 / 21;3922;2018-11-09 17:37:41:971
-1.723;4.367;10.247;20.0;1.0;47.04;48.1624;11.5588;-41.3;NaN;0.0;13.1;0.0;6 / 21;4021;2018-11-09 17:37:42:070
2.308;2.269;10.63;3.0;1.0;55.2;48.1624;11.5588;-41.3;NaN;0.0;13.1;0.0;6 / 21;4122;2018-11-09 17:37:42:171
-0.727;2.557;6.531;5.0;1.0;55.2;48.1624;11.5588;-41.3;NaN;0.0;13.1;0.0;6 / 21;4222;2018-11-09 17:37:42:271
-1.273;2.652;7.91;13.0;1.0;55.2;48.1624;11.5588;-41.3;NaN;0.0;13.1;0.0;6 / 21;4322;2018-11-09 17:37:42:371
-1.302;4.817;9.864;18.0;1.0;50.27;48.1624;11.5588;-41.3;NaN;0.0;13.1;0.0;6 / 21;4421;2018-11-09 17:37:42:470
-2.26;4.807;8.226;2.0;1.0;50.27;48.1624;11.5588;-41.3;NaN;0.0;13.1;0.0;6 / 21;4521;2018-11-09 17:37:42:570
-2.576;3.964;10.956;3.0;1.0;50.27;48.1624;11.5588;-41.3;NaN;0.0;13.1;0.0;6 / 21;4622;2018-11-09 17:37:42:671
-0.555;6.062;10.812;28.0;1.0;45.43;48.1624;11.5588;-41.3;NaN;0.0;13.1;0.0;6 / 21;4722;2018-11-09 17:37:42:771
-2.672;1.465;8.523;27.0;1.0;45.43;48.16058;11.55863;-17.4;NaN;0.0;11.2;0.0;6 / 21;4823;2018-11-09 17:37:42:872
-1.877;4.357;7.671;11.0;1.0;45.43;48.16058;11.55863;-17.4;NaN;0.0;11.2;0.0;6 / 21;4922;2018-11-09 17:37:42:971
-3.648;4.146;7.69;14.0;1.0;38.8;48.16058;11.55863;-17.4;NaN;0.0;11.2;0.0;6 / 21;5022;2018-11-09 17:37:43:071
-2.116;5.42;6.34;22.0;1.0;38.8;48.16058;11.55863;-17.4;NaN;0.0;11.2;0.0;6 / 21;5122;2018-11-09 17:37:43:171
-1.8;7.182;7.661;10.0;1.0;38.8;48.16058;11.55863;-17.4;NaN;0.0;11.2;0.0;6 / 21;5222;2018-11-09 17:37:43:271
-3.284;6.531;8.265;14.0;1.0;46.98;48.16058;11.55863;-17.4;NaN;0.0;11.2;0.0;6 / 21;5322;2018-11-09 17:37:43:371
-2.729;3.198;11.301;2.0;1.0;46.98;48.16058;11.55863;-17.4;NaN;0.0;11.2;0.0;6 / 21;5421;2018-11-09 17:37:43:470
-2.183;1.848;6.924;24.0;1.0;46.98;48.16058;11.55863;-17.4;NaN;0.0;11.2;0.0;6 / 21;5522;2018-11-09 17:37:43:571
-2.978;2.959;10.247;21.0;1.0;46.98;48.16058;11.55863;-17.4;NaN;0.0;11.2;0.0;6 / 21;5622;2018-11-09 17:37:43:671
-2.327;5.889;7.115;28.0;1.0;46.58;48.16058;11.55863;-17.4;NaN;0.0;11.2;0.0;6 / 21;5722;2018-11-09 17:37:43:771
-4.06;4.453;7.422;16.0;1.0;46.58;48.1616;11.55738;2.7;NaN;0.0;10.2;0.0;6 / 21;5822;2018-11-09 17:37:43:871
-4.539;3.945;10.793;22.0;1.0;46.58;48.1616;11.55738;2.7;NaN;0.0;10.2;0.0;6 / 21;5922;2018-11-09 17:37:43:971
-4.079;3.763;13.455;12.0;1.0;35.81;48.1616;11.55738;2.7;NaN;0.0;10.2;0.0;6 / 21;6022;2018-11-09 17:37:44:071
-0.344;2.106;6.359;16.0;1.0;35.81;48.1616;11.55738;2.7;NaN;0.0;10.2;0.0;6 / 21;6122;2018-11-09 17:37:44:171
-0.383;3.696;6.723;21.0;1.0;35.81;48.1616;11.55738;2.7;NaN;0.0;10.2;0.0;6 / 21;6222;2018-11-09 17:37:44:271
-1.312;6.493;9.548;10.0;1.0;54.19;48.1616;11.55738;2.7;NaN;0.0;10.2;0.0;6 / 21;6322;2018-11-09 17:37:44:371
0.143;6.301;5.391;31.0;1.0;54.19;48.1616;11.55738;2.7;NaN;0.0;10.2;0.0;6 / 21;6422;2018-11-09 17:37:44:471
-2.71;6.167;8.916;18.0;1.0;54.19;48.1616;11.55738;2.7;NaN;0.0;10.2;0.0;6 / 21;6522;2018-11-09 17:37:44:571
-2.288;5.87;10.87;23.0;1.0;52.77;48.1616;11.55738;2.7;NaN;0.0;10.2;0.0;6 / 21;6622;2018-11-09 17:37:44:671
-1.972;4.041;8.399;18.0;1.0;52.77;48.1616;11.55738;2.7;NaN;0.0;10.2;0.0;6 / 21;6721;2018-11-09 17:37:44:770
-2.308;4.022;6.608;7.0;1.0;52.77;48.1626;11.55635;68.3;NaN;0.0;8.8;0.0;6 / 21;6821;2018-11-09 17:37:44:870
-1.177;5.842;7.805;11.0;1.0;48.25;48.1626;11.55635;68.3;NaN;0.0;8.8;0.0;6 / 21;6921;2018-11-09 17:37:44:970
-2.106;6.052;7.02;7.0;1.0;48.25;48.1626;11.55635;68.3;NaN;0.0;8.8;0.0;6 / 21;7021;2018-11-09 17:37:45:070
-2.346;6.177;9.165;11.0;1.0;48.25;48.1626;11.55635;68.3;NaN;0.0;8.8;0.0;6 / 21;7121;2018-11-09 17:37:45:170
-2.135;6.292;11.157;17.0;1.0;40.85;48.1626;11.55635;68.3;NaN;0.0;8.8;0.0;6 / 21;7221;2018-11-09 17:37:45:270
-2.394;5.315;6.684;12.0;1.0;40.85;48.1626;11.55635;68.3;NaN;0.0;8.8;0.0;6 / 21;7321;2018-11-09 17:37:45:370
-3.505;1.762;9.098;17.0;1.0;40.85;48.1626;11.55635;68.3;NaN;0.0;8.8;0.0;6 / 21;7422;2018-11-09 17:37:45:471
-1.484;5.775;7.297;12.0;1.0;40.85;48.1626;11.55635;68.3;NaN;0.0;8.8;0.0;6 / 21;7522;2018-11-09 17:37:45:571
-2.355;5.583;7.479;23.0;1.0;44.11;48.1626;11.55635;68.3;NaN;0.0;8.8;0.0;6 / 21;7622;2018-11-09 17:37:45:671
-1.455;5.047;7.221;14.0;1.0;44.11;48.1626;11.55635;68.3;NaN;0.0;8.8;0.0;6 / 21;7721;2018-11-09 17:37:45:770
1.072;4.903;6.761;9.0;1.0;44.11;48.16279;11.55626;87.5;NaN;0.0;8.5;0.0;6 / 21;7822;2018-11-09 17:37:45:871
-2.384;5.631;10.008;17.0;1.0;40.87;48.16279;11.55626;87.5;NaN;0.0;8.5;0.0;6 / 21;7922;2018-11-09 17:37:45:971
-0.21;4.96;8.245;8.0;1.0;40.87;48.16279;11.55626;87.5;NaN;0.0;8.5;0.0;6 / 21;8022;2018-11-09 17:37:46:071
-1.522;1.283;7.69;0.0;1.0;40.87;48.16279;11.55626;87.5;NaN;0.0;8.5;0.0;6 / 21;8121;2018-11-09 17:37:46:170
-2.068;3.457;9.634;21.0;1.0;37.92;48.16279;11.55626;87.5;NaN;0.0;8.5;0.0;6 / 21;8221;2018-11-09 17:37:46:270
0.287;5.095;10.237;0.0;1.0;37.92;48.16279;11.55626;87.5;NaN;0.0;8.5;0.0;6 / 21;8321;2018-11-09 17:37:46:370
-1.522;5.248;7.843;19.0;1.0;37.92;48.16279;11.55626;87.5;NaN;0.0;8.5;0.0;6 / 21;8421;2018-11-09 17:37:46:470
-2.154;3.84;11.607;17.0;1.0;39.4;48.16279;11.55626;87.5;NaN;0.0;8.5;0.0;6 / 21;8522;2018-11-09 17:37:46:571
-0.766;4.865;12.297;18.0;1.0;39.4;48.16279;11.55626;87.5;NaN;0.0;8.5;0.0;6 / 21;8622;2018-11-09 17:37:46:671
-2.059;1.589;8.226;7.0;1.0;39.4;48.16279;11.55626;87.5;NaN;0.0;8.5;0.0;6 / 21;8722;2018-11-09 17:37:46:771
-1.359;4.635;6.311;15.0;1.0;48.85;48.16358;11.5572;395.4;NaN;0.0;8.9;0.0;8 / 21;8822;2018-11-09 17:37:46:871
-2.777;4.731;7.144;18.0;1.0;48.85;48.16358;11.5572;395.4;NaN;0.0;8.9;0.0;8 / 21;8922;2018-11-09 17:37:46:971
-1.58;5.956;7.949;19.0;1.0;48.85;48.16358;11.5572;395.4;NaN;0.0;8.9;0.0;8 / 21;9022;2018-11-09 17:37:47:071
-1.264;6.138;7.814;10.0;1.0;52.9;48.16358;11.5572;395.4;NaN;0.0;8.9;0.0;8 / 21;9121;2018-11-09 17:37:47:170
-5.851;5.698;8.533;17.0;1.0;52.9;48.16358;11.5572;395.4;NaN;0.0;8.9;0.0;8 / 21;9222;2018-11-09 17:37:47:271
-3.763;2.174;10.649;20.0;1.0;52.9;48.16358;11.5572;395.4;NaN;0.0;8.9;0.0;8 / 21;9322;2018-11-09 17:37:47:371
-3.131;3.869;7.441;25.0;1.0;50.42;48.16358;11.5572;395.4;NaN;0.0;8.9;0.0;8 / 21;9422;2018-11-09 17:37:47:471
-4.166;4.529;7.795;11.0;1.0;50.42;48.16358;11.5572;395.4;NaN;0.0;8.9;0.0;8 / 21;9522;2018-11-09 17:37:47:571
-1.963;6.043;7.91;22.0;1.0;50.42;48.16358;11.5572;395.4;NaN;0.0;8.9;0.0;8 / 21;9622;2018-11-09 17:37:47:671
-3.782;4.204;9.385;9.0;1.0;50.42;48.16358;11.5572;395.4;NaN;0.0;8.9;0.0;8 / 21;9722;2018-11-09 17:37:47:771
-0.086;3.715;11.578;20.0;1.0;47.74;48.16358;11.5572;395.4;NaN;0.0;8.9;0.0;8 / 21;9822;2018-11-09 17:37:47:871
-1.465;2.346;12.421;21.0;1.0;47.74;48.16358;11.5572;395.4;NaN;0.0;8.9;0.0;8 / 21;9921;2018-11-09 17:37:47:970
0.325;0.747;8.121;7.0;1.0;47.74;48.16358;11.5572;395.4;NaN;0.0;8.9;0.0;8 / 21;10022;2018-11-09 17:37:48:071
-0.612;3.61;7.968;11.0;1.0;53.55;48.1635;11.55713;441.5;NaN;0.0;7.6;0.0;8 / 21;10122;2018-11-09 17:37:48:171
-0.948;4.52;9.385;11.0;1.0;53.55;48.1635;11.55713;441.5;NaN;0.0;7.6;0.0;8 / 21;10222;2018-11-09 17:37:48:271
-0.21;3.85;9.069;0.0;1.0;53.55;48.1635;11.55713;441.5;NaN;0.0;7.6;0.0;8 / 21;10322;2018-11-09 17:37:48:371
-1.225;5.612;8.236;12.0;1.0;39.45;48.1635;11.55713;441.5;NaN;0.0;7.6;0.0;8 / 21;10421;2018-11-09 17:37:48:470
-1.091;6.397;10.85;16.0;1.0;39.45;48.1635;11.55713;441.5;NaN;0.0;7.6;0.0;8 / 21;10522;2018-11-09 17:37:48:571
-0.986;1.723;8.715;2.0;1.0;39.45;48.1635;11.55713;441.5;NaN;0.0;7.6;0.0;8 / 21;10621;2018-11-09 17:37:48:670
-3.352;2.863;7.92;7.0;1.0;38.38;48.1635;11.55713;441.5;NaN;0.0;7.6;0.0;8 / 21;10722;2018-11-09 17:37:48:771
-1.867;4.127;9.902;15.0;1.0;38.38;48.1635;11.55713;441.5;NaN;0.0;7.6;0.0;8 / 21;10822;2018-11-09 17:37:48:871
-2.135;5.037;7.087;13.0;1.0;38.38;48.1635;11.55713;441.5;NaN;0.0;7.6;0.0;8 / 21;10922;2018-11-09 17:37:48:971
-1.963;6.809;5.085;25.0;1.0;53.23;48.1635;11.55713;441.5;NaN;0.0;7.6;0.0;8 / 21;11022;2018-11-09 17:37:49:071
-6.186;6.014;9.883;15.0;1.0;53.23;48.16347;11.55709;461.2;NaN;0.0;7.0;0.0;8 / 21;11122;2018-11-09 17:37:49:171
-1.752;6.311;7.585;12.0;1.0;53.23;48.16347;11.55709;461.2;NaN;0.0;7.0;0.0;8 / 21;11221;2018-11-09 17:37:49:270
-2.288;0.411;8.466;11.0;1.0;58.57;48.16347;11.55709;461.2;NaN;0.0;7.0;0.0;8 / 21;11321;2018-11-09 17:37:49:370
-1.8;6.091;5.516;14.0;1.0;58.57;48.16347;11.55709;461.2;NaN;0.0;7.0;0.0;8 / 21;11421;2018-11-09 17:37:49:470
-2.231;5.995;7.613;24.0;1.0;58.57;48.16347;11.55709;461.2;NaN;0.0;7.0;0.0;8 / 21;11521;2018-11-09 17:37:49:570
-2.518;5.037;8.15;14.0;1.0;61.27;48.16346;11.55707;474.6;NaN;0.0;6.5;0.0;8 / 21;11621;2018-11-09 17:37:49:670
-2.509;7.345;8.37;4.0;1.0;61.27;48.16346;11.55707;474.6;NaN;0.0;6.5;0.0;8 / 21;11721;2018-11-09 17:37:49:770
-0.593;7.297;8.054;10.0;1.0;61.27;48.16346;11.55707;474.6;NaN;0.0;6.5;0.0;8 / 21;11822;2018-11-09 17:37:49:871
-0.766;3.399;7.489;9.0;1.0;56.77;48.16346;11.55707;474.6;NaN;0.0;6.5;0.0;8 / 21;11922;2018-11-09 17:37:49:971
-1.896;3.888;9.328;5.0;1.0;56.77;48.16346;11.55707;474.6;NaN;0.0;6.5;0.0;8 / 21;12022;2018-11-09 17:37:50:071
-1.072;7.0;7.498;13.0;1.0;56.77;48.16344;11.55707;482.8;NaN;0.0;6.2;0.0;8 / 21;12122;2018-11-09 17:37:50:171
-2.097;7.048;7.336;13.0;1.0;35.23;48.16344;11.55707;482.8;NaN;0.0;6.2;0.0;8 / 21;12222;2018-11-09 17:37:50:271
-2.499;6.062;8.849;19.0;1.0;35.23;48.16344;11.55707;482.8;NaN;0.0;6.2;0.0;8 / 21;12322;2018-11-09 17:37:50:371
0.488;7.048;7.68;15.0;1.0;35.23;48.16344;11.55707;482.8;NaN;0.0;6.2;0.0;8 / 21;12421;2018-11-09 17:37:50:470
-1.541;2.442;9.395;28.0;1.0;54.34;48.16344;11.55707;482.8;NaN;0.0;6.2;0.0;8 / 21;12522;2018-11-09 17:37:50:571
-0.842;3.85;7.326;0.0;1.0;54.34;48.16344;11.55707;489.5;NaN;0.0;5.9;0.0;8 / 21;12622;2018-11-09 17:37:50:671
-2.269;5.573;7.479;4.0;1.0;54.34;48.16344;11.55707;489.5;NaN;0.0;5.9;0.0;8 / 21;12721;2018-11-09 17:37:50:770
-0.325;5.755;7.403;20.0;1.0;48.38;48.16344;11.55707;489.5;NaN;0.0;5.9;0.0;8 / 21;12821;2018-11-09 17:37:50:870
-2.097;6.234;5.315;22.0;1.0;48.38;48.16344;11.55707;489.5;NaN;0.0;5.9;0.0;8 / 21;12922;2018-11-09 17:37:50:971
-2.317;4.252;13.762;17.0;1.0;48.38;48.16344;11.55707;489.5;NaN;0.0;5.9;0.0;8 / 21;13021;2018-11-09 17:37:51:070
-0.641;5.755;8.878;20.0;1.0;48.38;48.16343;11.55708;491.8;NaN;0.0;5.6;0.0;8 / 21;13121;2018-11-09 17:37:51:170
-2.777;1.091;8.13;11.0;1.0;49.64;48.16343;11.55708;491.8;NaN;0.0;5.6;0.0;8 / 21;13221;2018-11-09 17:37:51:270
-0.43;1.704;9.615;16.0;1.0;49.64;48.16343;11.55708;491.8;NaN;0.0;5.6;0.0;8 / 21;13321;2018-11-09 17:37:51:370
-2.346;1.522;12.833;12.0;1.0;49.64;48.16343;11.55708;491.8;NaN;0.0;5.6;0.0;8 / 21;13422;2018-11-09 17:37:51:471
-2.921;2.03;8.456;12.0;1.0;49.81;48.16343;11.55708;491.8;NaN;0.0;5.6;0.0;8 / 21;13522;2018-11-09 17:37:51:571
-1.934;0.0;9.95;27.0;1.0;49.81;48.16343;11.55708;491.8;NaN;0.0;5.6;0.0;8 / 21;13622;2018-11-09 17:37:51:671
-0.612;0.277;12.766;12.0;1.0;49.81;48.16343;11.55708;491.8;NaN;0.0;5.6;0.0;8 / 21;13721;2018-11-09 17:37:51:770
-0.296;-1.953;7.757;14.0;1.0;49.48;48.16343;11.55708;491.8;NaN;0.0;5.6;0.0;8 / 21;13821;2018-11-09 17:37:51:870
-0.67;1.513;9.95;14.0;1.0;49.48;48.16343;11.55708;491.8;NaN;0.0;5.6;0.0;8 / 21;13922;2018-11-09 17:37:51:971
-4.376;0.842;8.293;16.0;1.0;49.48;48.16343;11.55708;491.8;NaN;0.0;5.6;0.0;8 / 21;14022;2018-11-09 17:37:52:071
-0.938;2.116;8.581;15.0;1.0;47.53;48.16342;11.55708;493.8;NaN;0.0;5.3;0.0;8 / 21;14121;2018-11-09 17:37:52:170
0.881;2.547;9.28;14.0;1.0;47.53;48.16342;11.55708;493.8;NaN;0.0;5.3;0.0;8 / 21;14222;2018-11-09 17:37:52:271
-0.651;3.917;10.41;17.0;1.0;47.53;48.16342;11.55708;493.8;NaN;0.0;5.3;0.0;8 / 21;14322;2018-11-09 17:37:52:371
-0.536;4.233;10.688;7.0;1.0;48.41;48.16342;11.55708;493.8;NaN;0.0;5.3;0.0;8 / 21;14421;2018-11-09 17:37:52:470
0.593;1.13;9.059;14.0;1.0;48.41;48.16342;11.55708;493.8;NaN;0.0;5.3;0.0;8 / 21;14521;2018-11-09 17:37:52:570
-0.948;3.17;8.207;15.0;1.0;48.41;48.16342;11.55708;493.8;NaN;0.0;5.3;0.0;8 / 21;14622;2018-11-09 17:37:52:671
0.507;3.744;8.973;0.0;1.0;51.11;48.16342;11.55708;493.8;NaN;0.0;5.3;0.0;8 / 21;14722;2018-11-09 17:37:52:771
-0.545;4.74;10.046;12.0;1.0;51.11;48.16342;11.55708;493.8;NaN;0.0;5.3;0.0;8 / 21;14823;2018-11-09 17:37:52:872
0.086;4.089;7.728;21.0;1.0;51.11;48.16342;11.55708;493.8;NaN;0.0;5.3;0.0;8 / 21;14922;2018-11-09 17:37:52:971
0.938;3.706;8.657;10.0;1.0;51.0;48.16342;11.55708;493.8;NaN;0.0;5.3;0.0;8 / 21;15022;2018-11-09 17:37:53:071
0.028;2.423;11.473;16.0;1.0;51.0;48.16342;11.55709;494.7;NaN;0.0;5.1;0.0;8 / 21;15122;2018-11-09 17:37:53:171
0.737;1.436;11.655;16.0;1.0;51.0;48.16342;11.55709;494.7;NaN;0.0;5.1;0.0;8 / 21;15222;2018-11-09 17:37:53:271
-1.11;3.227;11.31;11.0;1.0;51.12;48.16342;11.55709;494.7;NaN;0.0;5.1;0.0;8 / 21;15321;2018-11-09 17:37:53:370
0.172;3.112;11.224;23.0;1.0;51.12;48.16342;11.55709;494.7;NaN;0.0;5.1;0.0;8 / 21;15421;2018-11-09 17:37:53:470
0.718;2.815;8.236;9.0;1.0;51.12;48.16342;11.55709;494.7;NaN;0.0;5.1;0.0;8 / 21;15521;2018-11-09 17:37:53:570
1.369;2.796;6.885;7.0;1.0;55.83;48.16342;11.55709;494.7;NaN;0.0;5.1;0.0;8 / 21;15622;2018-11-09 17:37:53:671
-1.733;3.256;8.868;11.0;1.0;55.83;48.16342;11.55709;494.7;NaN;0.0;5.1;0.0;8 / 21;15722;2018-11-09 17:37:53:771
-0.574;1.168;9.557;12.0;1.0;55.83;48.16342;11.55709;494.7;NaN;0.0;5.1;0.0;8 / 21;15822;2018-11-09 17:37:53:871
-0.363;2.106;8.293;15.0;1.0;56.29;48.16342;11.55709;494.7;NaN;0.0;5.1;0.0;8 / 21;15921;2018-11-09 17:37:53:970
0.287;2.547;8.82;18.0;1.0;56.29;48.16342;11.55709;494.7;NaN;0.0;5.1;0.0;8 / 21;16021;2018-11-09 17:37:54:070
-0.555;3.476;9.299;6.0;1.0;56.29;48.16335;11.55721;514.0;NaN;2.1;4.7;182.6;8 / 21;16121;2018-11-09 17:37:54:170
-0.21;3.754;9.232;10.0;1.0;52.97;48.16335;11.55721;514.0;NaN;2.1;4.7;182.6;8 / 21;16221;2018-11-09 17:37:54:270
-0.162;3.744;10.496;9.0;1.0;52.97;48.16335;11.55721;514.0;NaN;2.1;4.7;182.6;8 / 21;16322;2018-11-09 17:37:54:371
-0.268;2.595;11.061;24.0;1.0;52.97;48.16335;11.55721;514.0;NaN;2.1;4.7;182.6;8 / 21;16422;2018-11-09 17:37:54:471
0.9;1.369;8.485;16.0;1.0;40.31;48.16335;11.55721;514.0;NaN;2.1;4.7;182.6;8 / 21;16522;2018-11-09 17:37:54:571
0.392;2.308;9.174;11.0;1.0;40.31;48.16335;11.55721;514.0;NaN;2.1;4.7;182.6;8 / 21;16622;2018-11-09 17:37:54:671
0.584;2.901;8.37;11.0;1.0;40.31;48.16335;11.55721;514.0;NaN;2.1;4.7;182.6;8 / 21;16721;2018-11-09 17:37:54:770
0.727;3.179;9.529;17.0;1.0;33.45;48.16335;11.55721;514.0;NaN;2.1;4.7;182.6;8 / 21;16821;2018-11-09 17:37:54:870
-0.718;4.137;11.54;16.0;1.0;33.45;48.16335;11.55721;514.0;NaN;2.1;4.7;182.6;8 / 21;16921;2018-11-09 17:37:54:970
-1.091;2.71;13.896;25.0;1.0;33.45;48.16335;11.55721;514.0;NaN;2.1;4.7;182.6;8 / 21;17021;2018-11-09 17:37:55:070
-1.11;1.139;6.675;5.0;1.0;32.7;48.16334;11.55722;515.6;NaN;0.0;4.4;182.6;8 / 21;17121;2018-11-09 17:37:55:170
-0.756;1.723;9.423;20.0;1.0;32.7;48.16334;11.55722;515.6;NaN;0.0;4.4;182.6;8 / 21;17221;2018-11-09 17:37:55:270
-0.976;3.035;7.594;18.0;1.0;32.7;48.16334;11.55722;515.6;NaN;0.0;4.4;182.6;8 / 21;17321;2018-11-09 17:37:55:370
-0.881;3.84;10.649;19.0;1.0;45.76;48.16334;11.55722;515.6;NaN;0.0;4.4;182.6;8 / 21;17421;2018-11-09 17:37:55:470
-0.679;3.265;10.611;4.0;1.0;45.76;48.16334;11.55722;515.6;NaN;0.0;4.4;182.6;8 / 21;17522;2018-11-09 17:37:55:571
-0.488;3.447;11.569;18.0;1.0;45.76;48.16334;11.55722;515.6;NaN;0.0;4.4;182.6;8 / 21;17622;2018-11-09 17:37:55:671
0.699;0.105;8.447;0.0;1.0;48.91;48.16334;11.55722;515.6;NaN;0.0;4.4;182.6;8 / 21;17722;2018-11-09 17:37:55:771
0.785;1.082;6.771;12.0;1.0;48.91;48.16334;11.55722;515.6;NaN;0.0;4.4;182.6;8 / 21;17822;2018-11-09 17:37:55:871
-0.392;3.572;10.036;18.0;1.0;48.91;48.16334;11.55722;515.6;NaN;0.0;4.4;182.6;8 / 21;17922;2018-11-09 17:37:55:971
-0.038;3.802;8.408;16.0;1.0;33.85;48.16334;11.55722;515.6;NaN;0.0;4.4;182.6;8 / 21;18022;2018-11-09 17:37:56:071
0.344;4.204;8.638;20.0;1.0;33.85;48.16333;11.55723;516.0;NaN;0.0;4.3;182.6;9 / 21;18122;2018-11-09 17:37:56:171
-0.354;4.271;10.573;8.0;1.0;33.85;48.16333;11.55723;516.0;NaN;0.0;4.3;182.6;9 / 21;18222;2018-11-09 17:37:56:271
0.766;3.572;11.435;9.0;1.0;36.11;48.16333;11.55723;516.0;NaN;0.0;4.3;182.6;9 / 21;18322;2018-11-09 17:37:56:371
1.139;0.651;7.604;25.0;1.0;36.11;48.16333;11.55723;516.0;NaN;0.0;4.3;182.6;9 / 21;18421;2018-11-09 17:37:56:470
-0.622;2.748;8.552;17.0;1.0;36.11;48.16333;11.55723;516.0;NaN;0.0;4.3;182.6;9 / 21;18521;2018-11-09 17:37:56:570
-0.498;3.897;8.686;14.0;1.0;40.4;48.16333;11.55723;516.0;NaN;0.0;4.3;182.6;9 / 21;18622;2018-11-09 17:37:56:671
-1.245;3.735;10.448;20.0;1.0;40.4;48.16333;11.55723;516.0;NaN;0.0;4.3;182.6;9 / 21;18722;2018-11-09 17:37:56:771
-1.273;3.342;10.429;22.0;1.0;40.4;48.16333;11.55723;516.0;NaN;0.0;4.3;182.6;9 / 21;18822;2018-11-09 17:37:56:871
0.105;4.108;11.396;14.0;1.0;36.62;48.16333;11.55723;516.0;NaN;0.0;4.3;182.6;9 / 21;18922;2018-11-09 17:37:56:971
0.488;1.637;11.166;6.0;1.0;36.62;48.16333;11.55723;516.0;NaN;0.0;4.3;182.6;9 / 21;19022;2018-11-09 17:37:57:071
2.183;0.881;6.292;10.0;1.0;36.62;48.16332;11.55723;515.7;NaN;0.0;4.2;182.6;9 / 21;19122;2018-11-09 17:37:57:171
0.373;2.317;8.715;16.0;1.0;35.05;48.16332;11.55723;515.7;NaN;0.0;4.2;182.6;9 / 21;19222;2018-11-09 17:37:57:271
0.114;3.198;8.437;4.0;1.0;35.05;48.16332;11.55723;515.7;NaN;0.0;4.2;182.6;9 / 21;19322;2018-11-09 17:37:57:371
0.296;3.237;9.366;13.0;1.0;35.05;48.16332;11.55723;515.7;NaN;0.0;4.2;182.6;9 / 21;19422;2018-11-09 17:37:57:471
0.603;2.298;11.578;14.0;1.0;35.05;48.16332;11.55723;515.7;NaN;0.0;4.2;182.6;9 / 21;19525;2018-11-09 17:37:57:574
0.383;1.666;13.36;26.0;1.0;32.18;48.16332;11.55723;515.7;NaN;0.0;4.2;182.6;9 / 21;19622;2018-11-09 17:37:57:671
-0.727;1.752;5.372;10.0;1.0;32.18;48.16332;11.55723;515.7;NaN;0.0;4.2;182.6;9 / 21;19721;2018-11-09 17:37:57:770
-0.249;1.963;9.854;20.0;1.0;32.18;48.16332;11.55723;515.7;NaN;0.0;4.2;182.6;9 / 21;19821;2018-11-09 17:37:57:870
-0.852;3.62;8.504;13.0;1.0;36.97;48.16332;11.55723;515.7;NaN;0.0;4.2;182.6;9 / 21;19923;2018-11-09 17:37:57:972
-1.35;3.629;8.523;26.0;1.0;36.97;48.16332;11.55723;515.7;NaN;0.0;4.2;182.6;9 / 21;20023;2018-11-09 17:37:58:072
-0.919;3.955;10.621;6.0;1.0;36.97;48.16331;11.55723;516.8;NaN;0.0;4.1;182.6;9 / 21;20121;2018-11-09 17:37:58:170
0.948;3.495;12.028;9.0;1.0;53.92;48.16331;11.55723;516.8;NaN;0.0;4.1;182.6;9 / 21;20222;2018-11-09 17:37:58:271
1.398;0.478;12.804;13.0;1.0;53.92;48.16331;11.55723;516.8;NaN;0.0;4.1;182.6;9 / 21;20321;2018-11-09 17:37:58:370
0.45;1.79;7.029;18.0;1.0;53.92;48.16331;11.55723;516.8;NaN;0.0;4.1;182.6;9 / 21;20421;2018-11-09 17:37:58:470
0.114;3.706;4.788;5.0;1.0;54.71;48.16331;11.55723;516.8;NaN;0.0;4.1;182.6;9 / 21;20522;2018-11-09 17:37:58:571
0.488;3.514;7.518;14.0;1.0;54.71;48.16331;11.55723;516.8;NaN;0.0;4.1;182.6;9 / 21;20621;2018-11-09 17:37:58:670
1.177;3.945;8.514;15.0;1.0;54.71;48.16331;11.55723;516.8;NaN;0.0;4.1;182.6;9 / 21;20721;2018-11-09 17:37:58:770
0.258;4.52;9.548;10.0;1.0;53.04;48.16331;11.55723;516.8;NaN;0.0;4.1;182.6;9 / 21;20821;2018-11-09 17:37:58:870
-0.976;4.261;10.142;12.0;1.0;53.04;48.16331;11.55723;516.8;NaN;0.0;4.1;182.6;9 / 21;20922;2018-11-09 17:37:58:971
1.024;0.938;8.581;18.0;1.0;53.04;48.16331;11.55723;516.8;NaN;0.0;4.1;182.6;9 / 21;21022;2018-11-09 17:37:59:071
-0.766;2.978;7.412;8.0;1.0;44.7;48.1633;11.55724;517.5;NaN;0.0;4.0;182.6;9 / 21;21122;2018-11-09 17:37:59:171
0.009;3.62;7.901;12.0;1.0;44.7;48.1633;11.55724;517.5;NaN;0.0;4.0;182.6;9 / 21;21222;2018-11-09 17:37:59:271
-1.12;3.744;8.427;14.0;1.0;44.7;48.1633;11.55724;517.5;NaN;0.0;4.0;182.6;9 / 21;21321;2018-11-09 17:37:59:370
-0.363;4.462;8.13;24.0;1.0;61.72;48.1633;11.55724;517.5;NaN;0.0;4.0;182.6;9 / 21;21421;2018-11-09 17:37:59:470
0.545;4.175;10.764;6.0;1.0;61.72;48.1633;11.55724;517.5;NaN;0.0;4.0;182.6;9 / 21;21522;2018-11-09 17:37:59:571
-0.43;2.423;11.348;17.0;1.0;61.72;48.1633;11.55724;517.5;NaN;0.0;4.0;182.6;9 / 21;21622;2018-11-09 17:37:59:671
0.488;2.298;7.613;14.0;1.0;59.58;48.1633;11.55724;517.5;NaN;0.0;4.0;182.6;9 / 21;21722;2018-11-09 17:37:59:771
0.402;2.786;10.937;9.0;1.0;59.58;48.1633;11.55724;517.5;NaN;0.0;4.0;182.6;9 / 21;21822;2018-11-09 17:37:59:871
0.814;2.921;9.184;23.0;1.0;59.58;48.1633;11.55724;517.5;NaN;0.0;4.0;182.6;9 / 21;21922;2018-11-09 17:37:59:971
0.976;3.227;8.83;11.0;1.0;51.57;48.1633;11.55724;517.5;NaN;0.0;4.0;182.6;9 / 21;22022;2018-11-09 17:38:00:071
-1.359;6.004;9.414;0.0;1.0;51.57;48.16329;11.55725;518.3;NaN;0.0;4.0;182.6;10 / 21;22121;2018-11-09 17:38:00:170
-1.216;5.152;11.894;15.0;1.0;51.57;48.16329;11.55725;518.3;NaN;0.0;4.0;182.6;10 / 21;22221;2018-11-09 17:38:00:270
0.593;1.58;9.5;0.0;1.0;57.51;48.16329;11.55725;518.3;NaN;0.0;4.0;182.6;10 / 21;22322;2018-11-09 17:38:00:371
-0.383;2.509;5.851;16.0;1.0;57.51;48.16329;11.55725;518.3;NaN;0.0;4.0;182.6;10 / 21;22422;2018-11-09 17:38:00:471
-0.727;3.62;10.544;9.0;1.0;57.51;48.16329;11.55725;518.3;NaN;0.0;4.0;182.6;10 / 21;22522;2018-11-09 17:38:00:571
-1.082;2.308;6.502;3.0;1.0;53.04;48.16329;11.55725;518.3;NaN;0.0;4.0;182.6;10 / 21;22622;2018-11-09 17:38:00:671
1.254;4.434;11.54;25.0;1.0;53.04;48.16329;11.55725;518.3;NaN;0.0;4.0;182.6;10 / 21;22722;2018-11-09 17:38:00:771
1.283;4.491;11.052;31.0;1.0;53.04;48.16329;11.55725;518.3;NaN;0.0;4.0;182.6;10 / 21;22822;2018-11-09 17:38:00:871
0.928;5.765;12.517;11.0;1.0;43.64;48.16329;11.55725;518.3;NaN;0.0;4.0;182.6;10 / 21;22921;2018-11-09 17:38:00:970
-1.522;-0.45;8.638;18.0;1.0;43.64;48.16329;11.55725;518.3;NaN;0.0;4.0;182.6;10 / 21;23022;2018-11-09 17:38:01:071
0.114;2.432;5.277;22.0;1.0;43.64;48.16328;11.55726;519.3;NaN;3.6;4.0;172.2;10 / 21;23122;2018-11-09 17:38:01:171
-2.126;4.529;9.194;9.0;1.0;44.22;48.16328;11.55726;519.3;NaN;3.6;4.0;172.2;10 / 21;23222;2018-11-09 17:38:01:271
-1.532;3.361;8.533;4.0;1.0;44.22;48.16328;11.55726;519.3;NaN;3.6;4.0;172.2;10 / 21;23322;2018-11-09 17:38:01:371
-0.354;5.985;7.996;30.0;1.0;44.22;48.16328;11.55726;519.3;NaN;3.6;4.0;172.2;10 / 21;23421;2018-11-09 17:38:01:470
0.134;6.043;13.858;22.0;1.0;57.17;48.16328;11.55726;519.3;NaN;3.6;4.0;172.2;10 / 21;23522;2018-11-09 17:38:01:571
0.622;0.852;5.669;20.0;1.0;57.17;48.16328;11.55726;519.3;NaN;3.6;4.0;172.2;10 / 21;23622;2018-11-09 17:38:01:671
-0.967;1.685;9.941;5.0;1.0;57.17;48.16328;11.55726;519.3;NaN;3.6;4.0;172.2;10 / 21;23722;2018-11-09 17:38:01:771
-0.603;3.61;8.475;18.0;1.0;53.05;48.16328;11.55726;519.3;NaN;3.6;4.0;172.2;10 / 21;23822;2018-11-09 17:38:01:871
1.723;4.52;9.778;14.0;1.0;53.05;48.16328;11.55726;519.3;NaN;3.6;4.0;172.2;10 / 21;23922;2018-11-09 17:38:01:971
-0.21;3.409;11.358;16.0;1.0;53.05;48.16328;11.55726;519.3;NaN;3.6;4.0;172.2;10 / 21;24021;2018-11-09 17:38:02:070
2.039;3.696;11.348;9.0;1.0;52.25;48.16326;11.55726;519.9;NaN;3.7;3.9;174.8;10 / 21;24122;2018-11-09 17:38:02:171
-0.67;-0.392;10.879;15.0;1.0;52.25;48.16326;11.55726;519.9;NaN;3.7;3.9;174.8;10 / 21;24222;2018-11-09 17:38:02:271
3.476;2.557;5.755;19.0;1.0;52.25;48.16326;11.55726;519.9;NaN;3.7;3.9;174.8;10 / 21;24322;2018-11-09 17:38:02:371
0.804;3.668;9.883;15.0;1.0;36.17;48.16326;11.55726;519.9;NaN;3.7;3.9;174.8;10 / 21;24422;2018-11-09 17:38:02:471
0.153;3.007;8.169;3.0;1.0;36.17;48.16326;11.55726;519.9;NaN;3.7;3.9;174.8;10 / 21;24523;2018-11-09 17:38:02:572
1.79;4.261;9.95;10.0;1.0;36.17;48.16326;11.55726;519.9;NaN;3.7;3.9;174.8;10 / 21;24622;2018-11-09 17:38:02:671
2.154;4.261;12.584;14.0;1.0;53.1;48.16326;11.55726;519.9;NaN;3.7;3.9;174.8;10 / 21;24721;2018-11-09 17:38:02:770
0.306;-0.986;7.91;21.0;1.0;53.1;48.16326;11.55726;519.9;NaN;3.7;3.9;174.8;10 / 21;24821;2018-11-09 17:38:02:870
1.177;0.766;7.613;10.0;1.0;53.1;48.16326;11.55726;519.9;NaN;3.7;3.9;174.8;10 / 21;24922;2018-11-09 17:38:02:971
-0.028;2.557;9.701;14.0;1.0;56.29;48.16326;11.55726;519.9;NaN;3.7;3.9;174.8;10 / 21;25022;2018-11-09 17:38:03:071
1.771;4.261;11.53;15.0;1.0;56.29;48.16325;11.55725;520.9;NaN;3.8;3.8;175.5;11 / 21;25122;2018-11-09 17:38:03:171
0.287;2.537;10.324;9.0;1.0;56.29;48.16325;11.55725;520.9;NaN;3.8;3.8;175.5;11 / 21;25221;2018-11-09 17:38:03:270
1.11;3.428;12.996;0.0;1.0;54.46;48.16325;11.55725;520.9;NaN;3.8;3.8;175.5;11 / 21;25322;2018-11-09 17:38:03:371
2.949;0.852;8.743;4.0;1.0;54.46;48.16325;11.55725;520.9;NaN;3.8;3.8;175.5;11 / 21;25421;2018-11-09 17:38:03:470
0.871;1.331;4.625;8.0;1.0;54.46;48.16325;11.55725;520.9;NaN;3.8;3.8;175.5;11 / 21;25522;2018-11-09 17:38:03:571
0.076;4.3;8.59;20.0;1.0;61.3;48.16325;11.55725;520.9;NaN;3.8;3.8;175.5;11 / 21;25622;2018-11-09 17:38:03:671
1.034;4.271;8.801;16.0;1.0;61.3;48.16325;11.55725;520.9;NaN;3.8;3.8;175.5;11 / 21;25722;2018-11-09 17:38:03:771
0.268;5.612;7.881;24.0;1.0;61.3;48.16325;11.55725;520.9;NaN;3.8;3.8;175.5;11 / 21;25822;2018-11-09 17:38:03:871
0.43;6.636;11.071;30.0;1.0;42.0;48.16325;11.55725;520.9;NaN;3.8;3.8;175.5;11 / 21;25921;2018-11-09 17:38:03:970
-0.229;2.48;7.546;8.0;1.0;42.0;48.16325;11.55725;520.9;NaN;3.8;3.8;175.5;11 / 21;26021;2018-11-09 17:38:04:070
2.269;3.677;6.704;9.0;1.0;42.0;48.16325;11.55726;521.0;NaN;3.9;3.7;178.7;11 / 21;26121;2018-11-09 17:38:04:170
0.344;3.179;13.159;17.0;1.0;60.8;48.16325;11.55726;521.0;NaN;3.9;3.7;178.7;11 / 21;26222;2018-11-09 17:38:04:271
0.574;3.438;9.174;8.0;1.0;60.8;48.16325;11.55726;521.0;NaN;3.9;3.7;178.7;11 / 21;26322;2018-11-09 17:38:04:371
-5.2;-0.153;8.437;18.0;1.0;60.8;48.16325;11.55726;521.0;NaN;3.9;3.7;178.7;11 / 21;26421;2018-11-09 17:38:04:470
-1.158;2.518;7.498;5.0;1.0;62.68;48.16325;11.55726;521.0;NaN;3.9;3.7;178.7;11 / 21;26522;2018-11-09 17:38:04:571
-0.881;2.758;10.563;16.0;1.0;62.68;48.16325;11.55726;521.0;NaN;3.9;3.7;178.7;11 / 21;26622;2018-11-09 17:38:04:671
4.309;3.428;7.604;12.0;1.0;62.68;48.16325;11.55726;521.0;NaN;3.9;3.7;178.7;11 / 21;26721;2018-11-09 17:38:04:770
2.346;3.399;11.55;22.0;1.0;54.63;48.16325;11.55726;521.0;NaN;3.9;3.7;178.7;11 / 21;26821;2018-11-09 17:38:04:870
-0.201;2.652;9.059;13.0;1.0;54.63;48.16325;11.55726;521.0;NaN;3.9;3.7;178.7;11 / 21;26922;2018-11-09 17:38:04:971
-0.507;4.204;9.05;6.0;1.0;54.63;48.16325;11.55726;521.0;NaN;3.9;3.7;178.7;11 / 21;27022;2018-11-09 17:38:05:071
-4.022;4.175;11.138;11.0;1.0;45.56;48.16324;11.55726;521.6;NaN;3.7;3.7;180.7;11 / 21;27122;2018-11-09 17:38:05:171
-0.785;2.346;11.243;12.0;1.0;45.56;48.16324;11.55726;521.6;NaN;3.7;3.7;180.7;11 / 21;27222;2018-11-09 17:38:05:271
-3.332;4.118;4.769;17.0;1.0;45.56;48.16324;11.55726;521.6;NaN;3.7;3.7;180.7;11 / 21;27322;2018-11-09 17:38:05:371
-1.513;2.758;9.184;25.0;1.0;59.16;48.16324;11.55726;521.6;NaN;3.7;3.7;180.7;11 / 21;27421;2018-11-09 17:38:05:470
-1.388;4.74;7.173;7.0;1.0;59.16;48.16324;11.55726;521.6;NaN;3.7;3.7;180.7;11 / 21;27524;2018-11-09 17:38:05:573
-1.81;4.252;9.414;20.0;1.0;59.16;48.16324;11.55726;521.6;NaN;3.7;3.7;180.7;11 / 21;27622;2018-11-09 17:38:05:671
-1.58;4.242;13.427;9.0;1.0;58.56;48.16324;11.55726;521.6;NaN;3.7;3.7;180.7;11 / 21;27721;2018-11-09 17:38:05:770
1.953;1.283;11.291;14.0;1.0;58.56;48.16324;11.55726;521.6;NaN;3.7;3.7;180.7;11 / 21;27822;2018-11-09 17:38:05:871
1.12;1.254;4.731;9.0;1.0;58.56;48.16324;11.55726;521.6;NaN;3.7;3.7;180.7;11 / 21;27922;2018-11-09 17:38:05:971
-1.608;3.735;11.138;15.0;1.0;58.56;48.16324;11.55726;521.6;NaN;3.7;3.7;180.7;11 / 21;28022;2018-11-09 17:38:06:071
0.641;3.428;9.692;18.0;1.0;52.11;48.16323;11.55726;521.7;NaN;0.0;3.7;180.7;11 / 21;28122;2018-11-09 17:38:06:171
1.599;4.606;7.077;11.0;1.0;52.11;48.16323;11.55726;521.7;NaN;0.0;3.7;180.7;11 / 21;28222;2018-11-09 17:38:06:271
1.139;5.707;8.504;24.0;1.0;52.11;48.16323;11.55726;521.7;NaN;0.0;3.7;180.7;11 / 21;28322;2018-11-09 17:38:06:371
-0.086;6.292;8.763;13.0;1.0;59.29;48.16323;11.55726;521.7;NaN;0.0;3.7;180.7;11 / 21;28422;2018-11-09 17:38:06:471
1.177;1.57;10.228;24.0;1.0;59.29;48.16323;11.55726;521.7;NaN;0.0;3.7;180.7;11 / 21;28521;2018-11-09 17:38:06:570
0.545;2.279;7.642;21.0;1.0;59.29;48.16323;11.55726;521.7;NaN;0.0;3.7;180.7;11 / 21;28622;2018-11-09 17:38:06:671
-0.478;4.98;8.456;12.0;1.0;57.04;48.16323;11.55726;521.7;NaN;0.0;3.7;180.7;11 / 21;28722;2018-11-09 17:38:06:771
-0.9;5.679;9.538;12.0;1.0;57.04;48.16323;11.55726;521.7;NaN;0.0;3.7;180.7;11 / 21;28822;2018-11-09 17:38:06:871
-0.45;4.884;10.467;13.0;1.0;57.04;48.16323;11.55726;521.7;NaN;0.0;3.7;180.7;11 / 21;28922;2018-11-09 17:38:06:971
2.039;5.545;11.377;10.0;1.0;51.68;48.16323;11.55726;521.7;NaN;0.0;3.7;180.7;11 / 21;29022;2018-11-09 17:38:07:071
-0.047;1.771;11.224;17.0;1.0;51.68;48.16322;11.55725;522.0;NaN;3.7;3.6;182.6;11 / 21;29122;2018-11-09 17:38:07:171
3.083;3.629;4.606;12.0;1.0;51.68;48.16322;11.55725;522.0;NaN;3.7;3.6;182.6;11 / 21;29222;2018-11-09 17:38:07:271
-1.541;4.156;6.799;25.0;1.0;34.86;48.16322;11.55725;522.0;NaN;3.7;3.6;182.6;11 / 21;29321;2018-11-09 17:38:07:370
-0.536;4.673;8.954;8.0;1.0;34.86;48.16322;11.55725;522.0;NaN;3.7;3.6;182.6;11 / 21;29422;2018-11-09 17:38:07:471
0.536;4.865;8.629;9.0;1.0;34.86;48.16322;11.55725;522.0;NaN;3.7;3.6;182.6;11 / 21;29522;2018-11-09 17:38:07:571
-2.288;4.826;8.245;13.0;1.0;34.56;48.16322;11.55725;522.0;NaN;3.7;3.6;182.6;11 / 21;29622;2018-11-09 17:38:07:671
-0.277;3.466;11.77;2.0;1.0;34.56;48.16322;11.55725;522.0;NaN;3.7;3.6;182.6;11 / 21;29722;2018-11-09 17:38:07:771
-0.373;3.275;8.858;24.0;1.0;34.56;48.16322;11.55725;522.0;NaN;3.7;3.6;182.6;11 / 21;29822;2018-11-09 17:38:07:871
-1.312;3.141;9.519;20.0;1.0;32.95;48.16322;11.55725;522.0;NaN;3.7;3.6;182.6;11 / 21;29922;2018-11-09 17:38:07:971
-0.612;4.434;9.692;14.0;1.0;32.95;48.16322;11.55725;522.0;NaN;3.7;3.6;182.6;11 / 21;30021;2018-11-09 17:38:08:070
-0.249;4.213;7.431;17.0;1.0;32.95;48.16322;11.55723;524.6;NaN;3.5;3.6;187.4;11 / 21;30123;2018-11-09 17:38:08:172
-0.584;4.3;11.425;4.0;1.0;30.39;48.16322;11.55723;524.6;NaN;3.5;3.6;187.4;11 / 21;30222;2018-11-09 17:38:08:271
0.871;1.398;12.68;27.0;1.0;30.39;48.16322;11.55723;524.6;NaN;3.5;3.6;187.4;11 / 21;30322;2018-11-09 17:38:08:371
0.766;2.365;6.292;12.0;1.0;30.39;48.16322;11.55723;524.6;NaN;3.5;3.6;187.4;11 / 21;30422;2018-11-09 17:38:08:471
-0.44;4.194;8.475;14.0;1.0;44.86;48.16322;11.55723;524.6;NaN;3.5;3.6;187.4;11 / 21;30525;2018-11-09 17:38:08:574
1.149;4.194;7.929;10.0;1.0;44.86;48.16322;11.55723;524.6;NaN;3.5;3.6;187.4;11 / 21;30622;2018-11-09 17:38:08:671
1.81;5.152;7.431;19.0;1.0;44.86;48.16322;11.55723;524.6;NaN;3.5;3.6;187.4;11 / 21;30721;2018-11-09 17:38:08:770
-2.873;2.375;7.929;24.0;1.0;41.86;48.16322;11.55723;524.6;NaN;3.5;3.6;187.4;11 / 21;30821;2018-11-09 17:38:08:870
0.335;4.012;15.562;8.0;1.0;41.86;48.16322;11.55723;524.6;NaN;3.5;3.6;187.4;11 / 21;30921;2018-11-09 17:38:08:970
-0.277;3.035;8.964;32.0;1.0;41.86;48.16322;11.55723;524.6;NaN;3.5;3.6;187.4;11 / 21;31022;2018-11-09 17:38:09:071
-0.603;3.064;8.6;10.0;1.0;53.92;48.16322;11.55723;526.5;NaN;0.0;3.5;187.4;11 / 21;31122;2018-11-09 17:38:09:171
-0.852;5.794;6.627;19.0;1.0;53.92;48.16322;11.55723;526.5;NaN;0.0;3.5;187.4;11 / 21;31221;2018-11-09 17:38:09:270
-1.608;4.951;9.988;5.0;1.0;53.92;48.16322;11.55723;526.5;NaN;0.0;3.5;187.4;11 / 21;31321;2018-11-09 17:38:09:370
-0.928;4.798;10.17;0.0;1.0;42.32;48.16322;11.55723;526.5;NaN;0.0;3.5;187.4;11 / 21;31421;2018-11-09 17:38:09:470
1.551;3.035;11.291;25.0;1.0;42.32;48.16322;11.55723;526.5;NaN;0.0;3.5;187.4;11 / 21;31522;2018-11-09 17:38:09:571
0.507;1.685;6.359;14.0;1.0;42.32;48.16322;11.55723;526.5;NaN;0.0;3.5;187.4;11 / 21;31622;2018-11-09 17:38:09:671
-0.996;4.309;8.054;11.0;1.0;33.75;48.16322;11.55723;526.5;NaN;0.0;3.5;187.4;11 / 21;31722;2018-11-09 17:38:09:771
1.522;5.19;8.82;23.0;1.0;33.75;48.16322;11.55723;526.5;NaN;0.0;3.5;187.4;11 / 21;31822;2018-11-09 17:38:09:871
-0.047;4.836;9.289;7.0;1.0;33.75;48.16322;11.55723;526.5;NaN;0.0;3.5;187.4;11 / 21;31922;2018-11-09 17:38:09:971
-0.708;6.301;11.233;11.0;1.0;50.49;48.16322;11.55723;526.5;NaN;0.0;3.5;187.4;11 / 21;32021;2018-11-09 17:38:10:070
2.451;3.122;12.718;13.0;1.0;50.49;48.16321;11.55722;528.1;NaN;3.2;3.5;179.2;11 / 21;32121;2018-11-09 17:38:10:170
-1.8;1.656;3.601;13.0;1.0;50.49;48.16321;11.55722;528.1;NaN;3.2;3.5;179.2;11 / 21;32221;2018-11-09 17:38:10:270
-2.394;2.825;9.854;21.0;1.0;46.84;48.16321;11.55722;528.1;NaN;3.2;3.5;179.2;11 / 21;32322;2018-11-09 17:38:10:371
-2.403;4.673;9.615;32.0;1.0;46.84;48.16321;11.55722;528.1;NaN;3.2;3.5;179.2;11 / 21;32421;2018-11-09 17:38:10:470
-4.194;3.715;9.49;4.0;1.0;46.84;48.16321;11.55722;528.1;NaN;3.2;3.5;179.2;11 / 21;32522;2018-11-09 17:38:10:571
-2.691;4.462;10.937;3.0;1.0;46.15;48.16321;11.55722;528.1;NaN;3.2;3.5;179.2;11 / 21;32621;2018-11-09 17:38:10:670
1.12;5.506;7.824;9.0;1.0;46.15;48.16321;11.55722;528.1;NaN;3.2;3.5;179.2;11 / 21;32722;2018-11-09 17:38:10:771
0.622;0.842;4.759;15.0;1.0;46.15;48.16321;11.55722;528.1;NaN;3.2;3.5;179.2;11 / 21;32822;2018-11-09 17:38:10:871
-2.652;3.198;8.83;22.0;1.0;41.6;48.16321;11.55722;528.1;NaN;3.2;3.5;179.2;11 / 21;32921;2018-11-09 17:38:10:970
-2.882;2.537;8.456;11.0;1.0;41.6;48.16321;11.55722;528.1;NaN;3.2;3.5;179.2;11 / 21;33021;2018-11-09 17:38:11:070
-1.58;4.261;11.674;15.0;1.0;41.6;48.16321;11.5572;528.9;NaN;3.1;3.4;185.4;11 / 21;33122;2018-11-09 17:38:11:171
-0.354;5.564;12.028;20.0;1.0;47.38;48.16321;11.5572;528.9;NaN;3.1;3.4;185.4;11 / 21;33222;2018-11-09 17:38:11:271
-1.8;1.11;8.322;0.0;1.0;47.38;48.16321;11.5572;528.9;NaN;3.1;3.4;185.4;11 / 21;33322;2018-11-09 17:38:11:371
-1.714;2.518;7.23;13.0;1.0;47.38;48.16321;11.5572;528.9;NaN;3.1;3.4;185.4;11 / 21;33422;2018-11-09 17:38:11:471
-1.34;2.94;8.188;10.0;1.0;54.98;48.16321;11.5572;528.9;NaN;3.1;3.4;185.4;11 / 21;33522;2018-11-09 17:38:11:571
-1.963;4.798;8.609;38.0;1.0;54.98;48.16321;11.5572;528.9;NaN;3.1;3.4;185.4;11 / 21;33622;2018-11-09 17:38:11:671
-1.024;5.171;9.778;8.0;1.0;54.98;48.16321;11.5572;528.9;NaN;3.1;3.4;185.4;11 / 21;33722;2018-11-09 17:38:11:771
0.134;5.066;12.306;12.0;1.0;53.42;48.16321;11.5572;528.9;NaN;3.1;3.4;185.4;11 / 21;33822;2018-11-09 17:38:11:871
3.15;3.533;10.333;2.0;1.0;53.42;48.16321;11.5572;528.9;NaN;3.1;3.4;185.4;11 / 21;33922;2018-11-09 17:38:11:971
-0.019;1.292;6.11;19.0;1.0;53.42;48.16321;11.5572;528.9;NaN;3.1;3.4;185.4;11 / 21;34022;2018-11-09 17:38:12:071
0.689;3.495;8.169;34.0;1.0;56.8;48.1632;11.55719;530.1;NaN;2.9;3.4;189.9;11 / 21;34122;2018-11-09 17:38:12:171
0.43;4.261;8.887;16.0;1.0;56.8;48.1632;11.55719;530.1;NaN;2.9;3.4;189.9;11 / 21;34222;2018-11-09 17:38:12:271
0.689;4.597;10.439;17.0;1.0;56.8;48.1632;11.55719;530.1;NaN;2.9;3.4;189.9;11 / 21;34322;2018-11-09 17:38:12:371
1.867;5.468;9.289;9.0;1.0;61.8;48.1632;11.55719;530.1;NaN;2.9;3.4;189.9;11 / 21;34421;2018-11-09 17:38:12:470
4.597;3.179;10.621;20.0;1.0;61.8;48.1632;11.55719;530.1;NaN;2.9;3.4;189.9;11 / 21;34522;2018-11-09 17:38:12:571
-0.986;2.336;6.598;9.0;1.0;61.8;48.1632;11.55719;530.1;NaN;2.9;3.4;189.9;11 / 21;34622;2018-11-09 17:38:12:671
-0.928;3.112;8.667;21.0;1.0;58.38;48.1632;11.55719;530.1;NaN;2.9;3.4;189.9;11 / 21;34722;2018-11-09 17:38:12:771
0.076;5.353;9.194;5.0;1.0;58.38;48.1632;11.55719;530.1;NaN;2.9;3.4;189.9;11 / 21;34821;2018-11-09 17:38:12:870
0.067;3.917;12.095;29.0;1.0;58.38;48.1632;11.55719;530.1;NaN;2.9;3.4;189.9;11 / 21;34922;2018-11-09 17:38:12:971
1.024;3.725;11.109;12.0;1.0;58.18;48.1632;11.55719;530.1;NaN;2.9;3.4;189.9;11 / 21;35021;2018-11-09 17:38:13:070
2.336;1.532;10.793;20.0;1.0;58.18;48.16319;11.55718;531.7;NaN;2.9;3.3;189.6;11 / 21;35122;2018-11-09 17:38:13:171
2.327;4.118;7.297;23.0;1.0;58.18;48.16319;11.55718;531.7;NaN;2.9;3.3;189.6;11 / 21;35222;2018-11-09 17:38:13:271
0.411;4.434;6.905;13.0;1.0;48.58;48.16319;11.55718;531.7;NaN;2.9;3.3;189.6;11 / 21;35322;2018-11-09 17:38:13:371
0.028;4.482;9.213;4.0;1.0;48.58;48.16319;11.55718;531.7;NaN;2.9;3.3;189.6;11 / 21;35422;2018-11-09 17:38:13:471
2.691;4.97;8.552;19.0;1.0;48.58;48.16319;11.55718;531.7;NaN;2.9;3.3;189.6;11 / 21;35521;2018-11-09 17:38:13:570
-0.9;7.269;11.827;16.0;1.0;60.84;48.16319;11.55718;531.7;NaN;2.9;3.3;189.6;11 / 21;35621;2018-11-09 17:38:13:670
0.919;1.905;5.976;16.0;1.0;60.84;48.16319;11.55718;531.7;NaN;2.9;3.3;189.6;11 / 21;35722;2018-11-09 17:38:13:771
-0.258;2.183;8.858;8.0;1.0;60.84;48.16319;11.55718;531.7;NaN;2.9;3.3;189.6;11 / 21;35822;2018-11-09 17:38:13:871
-1.12;4.127;9.443;4.0;1.0;41.56;48.16319;11.55718;531.7;NaN;2.9;3.3;189.6;11 / 21;35922;2018-11-09 17:38:13:971
0.086;5.707;11.645;11.0;1.0;41.56;48.16319;11.55718;531.7;NaN;2.9;3.3;189.6;11 / 21;36022;2018-11-09 17:38:14:071
-1.925;5.324;7.221;17.0;1.0;41.56;48.16319;11.55717;533.4;NaN;3.0;3.3;192.7;11 / 21;36122;2018-11-09 17:38:14:171
-1.819;6.876;9.979;20.0;1.0;44.66;48.16319;11.55717;533.4;NaN;3.0;3.3;192.7;11 / 21;36222;2018-11-09 17:38:14:271
-2.624;-0.047;8.351;8.0;1.0;44.66;48.16319;11.55717;533.4;NaN;3.0;3.3;192.7;11 / 21;36321;2018-11-09 17:38:14:370
-0.699;4.194;8.169;12.0;1.0;44.66;48.16319;11.55717;533.4;NaN;3.0;3.3;192.7;11 / 21;36421;2018-11-09 17:38:14:470
-0.976;4.328;9.653;26.0;1.0;41.04;48.16319;11.55717;533.4;NaN;3.0;3.3;192.7;11 / 21;36521;2018-11-09 17:38:14:570
-0.076;4.98;9.299;20.0;1.0;41.04;48.16319;11.55717;533.4;NaN;3.0;3.3;192.7;11 / 21;36622;2018-11-09 17:38:14:671
1.608;7.192;8.868;26.0;1.0;41.04;48.16319;11.55717;533.4;NaN;3.0;3.3;192.7;11 / 21;36722;2018-11-09 17:38:14:771
1.426;6.426;10.151;8.0;1.0;55.45;48.16319;11.55717;533.4;NaN;3.0;3.3;192.7;11 / 21;36822;2018-11-09 17:38:14:871
0.881;2.202;6.062;21.0;1.0;55.45;48.16319;11.55717;533.4;NaN;3.0;3.3;192.7;11 / 21;36922;2018-11-09 17:38:14:971
0.957;4.051;7.69;19.0;1.0;55.45;48.16319;11.55717;533.4;NaN;3.0;3.3;192.7;11 / 21;37022;2018-11-09 17:38:15:071
-0.191;5.775;7.814;9.0;1.0;51.0;48.16318;11.55716;534.4;NaN;3.1;3.3;194.8;11 / 21;37122;2018-11-09 17:38:15:171
-0.459;6.474;8.581;8.0;1.0;51.0;48.16318;11.55716;534.4;NaN;3.1;3.3;194.8;11 / 21;37222;2018-11-09 17:38:15:271
-1.216;6.024;8.6;17.0;1.0;51.0;48.16318;11.55716;534.4;NaN;3.1;3.3;194.8;11 / 21;37322;2018-11-09 17:38:15:371
0.957;5.43;12.325;20.0;1.0;44.71;48.16318;11.55716;534.4;NaN;3.1;3.3;194.8;11 / 21;37421;2018-11-09 17:38:15:470
1.79;2.604;10.64;18.0;1.0;44.71;48.16318;11.55716;534.4;NaN;3.1;3.3;194.8;11 / 21;37521;2018-11-09 17:38:15:570
1.264;4.108;5.937;6.0;1.0;44.71;48.16318;11.55716;534.4;NaN;3.1;3.3;194.8;11 / 21;37621;2018-11-09 17:38:15:670
-0.612;5.775;7.096;5.0;1.0;46.68;48.16318;11.55716;534.4;NaN;3.1;3.3;194.8;11 / 21;37722;2018-11-09 17:38:15:771
-0.019;6.474;6.1;13.0;1.0;46.68;48.16318;11.55716;534.4;NaN;3.1;3.3;194.8;11 / 21;37822;2018-11-09 17:38:15:871
4.75;8.868;8.494;2.0;1.0;46.68;48.16318;11.55716;534.4;NaN;3.1;3.3;194.8;11 / 21;37923;2018-11-09 17:38:15:972
0.383;10.429;7.326;10.0;1.0;46.68;48.16318;11.55716;534.4;NaN;3.1;3.3;194.8;11 / 21;38021;2018-11-09 17:38:16:070
0.344;3.696;4.865;24.0;1.0;39.86;48.16317;11.55714;535.2;NaN;0.0;3.3;194.8;11 / 21;38121;2018-11-09 17:38:16:170
1.197;3.668;8.341;14.0;1.0;39.86;48.16317;11.55714;535.2;NaN;0.0;3.3;194.8;11 / 21;38221;2018-11-09 17:38:16:270
0.124;4.846;8.178;25.0;1.0;39.86;48.16317;11.55714;535.2;NaN;0.0;3.3;194.8;11 / 21;38322;2018-11-09 17:38:16:371
1.417;6.033;8.255;18.0;1.0;37.73;48.16317;11.55714;535.2;NaN;0.0;3.3;194.8;11 / 21;38422;2018-11-09 17:38:16:471
3.16;7.489;8.542;19.0;1.0;37.73;48.16317;11.55714;535.2;NaN;0.0;3.3;194.8;11 / 21;38522;2018-11-09 17:38:16:571
2.308;6.512;10.333;0.0;1.0;37.73;48.16317;11.55714;535.2;NaN;0.0;3.3;194.8;11 / 21;38622;2018-11-09 17:38:16:671
0.143;1.158;7.929;11.0;1.0;35.47;48.16317;11.55714;535.2;NaN;0.0;3.3;194.8;11 / 21;38722;2018-11-09 17:38:16:771
2.413;4.702;6.78;7.0;1.0;35.47;48.16317;11.55714;535.2;NaN;0.0;3.3;194.8;11 / 21;38823;2018-11-09 17:38:16:872
2.126;5.171;9.557;21.0;1.0;35.47;48.16317;11.55714;535.2;NaN;0.0;3.3;194.8;11 / 21;38922;2018-11-09 17:38:16:971
1.264;6.138;5.487;28.0;1.0;53.57;48.16317;11.55714;535.2;NaN;0.0;3.3;194.8;11 / 21;39022;2018-11-09 17:38:17:071
-0.967;6.148;7.652;2.0;1.0;53.57;48.16317;11.55714;535.7;NaN;3.4;3.3;189.9;11 / 21;39122;2018-11-09 17:38:17:171
-3.466;8.198;7.431;7.0;1.0;53.57;48.16317;11.55714;535.7;NaN;3.4;3.3;189.9;11 / 21;39222;2018-11-09 17:38:17:271
1.532;2.94;7.288;28.0;1.0;56.19;48.16317;11.55714;535.7;NaN;3.4;3.3;189.9;11 / 21;39322;2018-11-09 17:38:17:371
-0.114;4.941;8.312;14.0;1.0;56.19;48.16317;11.55714;535.7;NaN;3.4;3.3;189.9;11 / 21;39422;2018-11-09 17:38:17:471
1.235;5.439;8.38;0.0;1.0;56.19;48.16317;11.55714;535.7;NaN;3.4;3.3;189.9;11 / 21;39522;2018-11-09 17:38:17:571
1.618;6.1;10.831;33.0;1.0;61.78;48.16317;11.55714;535.7;NaN;3.4;3.3;189.9;11 / 21;39622;2018-11-09 17:38:17:671
1.398;5.219;9.787;20.0;1.0;61.78;48.16317;11.55714;535.7;NaN;3.4;3.3;189.9;11 / 21;39721;2018-11-09 17:38:17:770
3.553;7.613;10.343;18.0;1.0;61.78;48.16317;11.55714;535.7;NaN;3.4;3.3;189.9;11 / 21;39822;2018-11-09 17:38:17:871
3.361;1.848;6.885;20.0;1.0;57.32;48.16317;11.55714;535.7;NaN;3.4;3.3;189.9;11 / 21;39922;2018-11-09 17:38:17:971
1.704;4.97;3.505;20.0;1.0;57.32;48.16317;11.55714;535.7;NaN;3.4;3.3;189.9;11 / 21;40022;2018-11-09 17:38:18:071
2.662;5.861;8.475;14.0;1.0;57.32;48.16316;11.55713;536.1;NaN;3.3;3.3;187.4;11 / 21;40122;2018-11-09 17:38:18:171
2.604;5.554;7.269;13.0;1.0;57.39;48.16316;11.55713;536.1;NaN;3.3;3.3;187.4;11 / 21;40222;2018-11-09 17:38:18:271
3.85;7.077;7.508;11.0;1.0;57.39;48.16316;11.55713;536.1;NaN;3.3;3.3;187.4;11 / 21;40321;2018-11-09 17:38:18:370
3.658;7.403;12.507;11.0;1.0;57.39;48.16316;11.55713;536.1;NaN;3.3;3.3;187.4;11 / 21;40421;2018-11-09 17:38:18:470
2.126;3.725;2.719;11.0;1.0;53.72;48.16316;11.55713;536.1;NaN;3.3;3.3;187.4;11 / 21;40521;2018-11-09 17:38:18:570
3.773;3.84;7.431;22.0;1.0;53.72;48.16316;11.55713;536.1;NaN;3.3;3.3;187.4;11 / 21;40621;2018-11-09 17:38:18:670
2.978;4.778;6.78;24.0;1.0;53.72;48.16316;11.55713;536.1;NaN;3.3;3.3;187.4;11 / 21;40723;2018-11-09 17:38:18:772
4.702;7.039;6.79;31.0;1.0;45.98;48.16316;11.55713;536.1;NaN;3.3;3.3;187.4;11 / 21;40822;2018-11-09 17:38:18:871
4.865;5.698;8.121;27.0;1.0;45.98;48.16316;11.55713;536.1;NaN;3.3;3.3;187.4;11 / 21;40922;2018-11-09 17:38:18:971
7.326;7.518;6.004;19.0;1.0;45.98;48.16316;11.55713;536.1;NaN;3.3;3.3;187.4;11 / 21;41022;2018-11-09 17:38:19:071
6.771;2.241;4.673;29.0;1.0;52.73;48.16316;11.55713;536.1;NaN;3.3;3.3;187.4;11 / 21;41121;2018-11-09 17:38:19:170
1.896;2.968;6.675;26.0;1.0;52.73;48.16316;11.55713;536.5;NaN;0.0;3.3;187.4;11 / 21;41222;2018-11-09 17:38:19:271
3.763;3.581;12.344;15.0;1.0;52.73;48.16316;11.55713;536.5;NaN;0.0;3.3;187.4;11 / 21;41321;2018-11-09 17:38:19:370
3.83;3.725;7.479;9.0;1.0;49.02;48.16316;11.55713;536.5;NaN;0.0;3.3;187.4;11 / 21;41422;2018-11-09 17:38:19:471
3.217;4.846;4.74;19.0;1.0;49.02;48.16316;11.55713;536.5;NaN;0.0;3.3;187.4;11 / 21;41522;2018-11-09 17:38:19:571
3.131;5.382;10.946;17.0;1.0;49.02;48.16316;11.55713;536.5;NaN;0.0;3.3;187.4;11 / 21;41622;2018-11-09 17:38:19:671
6.981;4.367;7.422;14.0;1.0;57.49;48.16316;11.55713;536.5;NaN;0.0;3.3;187.4;11 / 21;41722;2018-11-09 17:38:19:771
3.323;0.622;7.891;14.0;1.0;57.49;48.16316;11.55713;536.5;NaN;0.0;3.3;187.4;11 / 21;41822;2018-11-09 17:38:19:871
3.811;5.296;5.162;20.0;1.0;57.49;48.16316;11.55713;536.5;NaN;0.0;3.3;187.4;11 / 21;41921;2018-11-09 17:38:19:970
4.807;6.847;7.853;10.0;1.0;54.57;48.16316;11.55713;536.5;NaN;0.0;3.3;187.4;11 / 21;42022;2018-11-09 17:38:20:071
3.419;5.2;7.757;12.0;1.0;54.57;48.16315;11.55712;536.7;NaN;0.0;3.2;187.4;11 / 21;42125;2018-11-09 17:38:20:174
4.932;5.2;9.289;18.0;1.0;54.57;48.16315;11.55712;536.7;NaN;0.0;3.2;187.4;11 / 21;42222;2018-11-09 17:38:20:271
6.579;5.066;8.945;13.0;1.0;54.98;48.16315;11.55712;536.7;NaN;0.0;3.2;187.4;11 / 21;42321;2018-11-09 17:38:20:370
6.359;1.79;6.014;8.0;1.0;54.98;48.16315;11.55712;536.7;NaN;0.0;3.2;187.4;11 / 21;42422;2018-11-09 17:38:20:471
4.041;5.344;3.342;13.0;1.0;54.98;48.16315;11.55712;536.7;NaN;0.0;3.2;187.4;11 / 21;42522;2018-11-09 17:38:20:571
4.625;6.522;6.656;29.0;1.0;56.11;48.16315;11.55712;536.7;NaN;0.0;3.2;187.4;11 / 21;42622;2018-11-09 17:38:20:671
3.639;5.257;5.88;17.0;1.0;56.11;48.16315;11.55712;536.7;NaN;0.0;3.2;187.4;11 / 21;42722;2018-11-09 17:38:20:771
6.368;6.885;4.051;13.0;1.0;56.11;48.16315;11.55712;536.7;NaN;0.0;3.2;187.4;11 / 21;42822;2018-11-09 17:38:20:871
7.565;7.537;9.672;19.0;1.0;52.94;48.16315;11.55712;536.7;NaN;0.0;3.2;187.4;11 / 21;42922;2018-11-09 17:38:20:971
2.001;2.604;2.777;2.0;1.0;52.94;48.16315;11.55712;536.7;NaN;0.0;3.2;187.4;11 / 21;43022;2018-11-09 17:38:21:071
6.435;5.765;3.802;26.0;1.0;52.94;48.16314;11.55712;536.7;NaN;3.3;3.2;179.3;11 / 21;43121;2018-11-09 17:38:21:170
5.104;6.656;4.644;28.0;1.0;64.04;48.16314;11.55712;536.7;NaN;3.3;3.2;179.3;11 / 21;43222;2018-11-09 17:38:21:271
5.794;6.445;5.985;28.0;1.0;64.04;48.16314;11.55712;536.7;NaN;3.3;3.2;179.3;11 / 21;43322;2018-11-09 17:38:21:371
6.454;5.861;5.976;21.0;1.0;64.04;48.16314;11.55712;536.7;NaN;3.3;3.2;179.3;11 / 21;43422;2018-11-09 17:38:21:471
9.845;6.704;6.598;22.0;1.0;47.05;48.16314;11.55712;536.7;NaN;3.3;3.2;179.3;11 / 21;43522;2018-11-09 17:38:21:571
5.861;1.934;5.152;9.0;1.0;47.05;48.16314;11.55712;536.7;NaN;3.3;3.2;179.3;11 / 21;43621;2018-11-09 17:38:21:670
4.213;4.644;3.878;12.0;1.0;47.05;48.16314;11.55712;536.7;NaN;3.3;3.2;179.3;11 / 21;43721;2018-11-09 17:38:21:770
6.905;5.775;7.671;13.0;1.0;44.11;48.16314;11.55712;536.7;NaN;3.3;3.2;179.3;11 / 21;43823;2018-11-09 17:38:21:872
3.112;4.616;6.464;11.0;1.0;44.11;48.16314;11.55712;536.7;NaN;3.3;3.2;179.3;11 / 21;43922;2018-11-09 17:38:21:971
7.134;6.847;6.55;4.0;1.0;44.11;48.16314;11.55712;536.7;NaN;3.3;3.2;179.3;11 / 21;44022;2018-11-09 17:38:22:071
7.211;8.226;8.341;8.0;1.0;42.8;48.16313;11.55712;536.9;NaN;3.4;3.2;178.7;11 / 21;44122;2018-11-09 17:38:22:171
4.846;2.461;6.761;11.0;1.0;42.8;48.16313;11.55712;536.9;NaN;3.4;3.2;178.7;11 / 21;44222;2018-11-09 17:38:22:271
2.126;2.394;4.443;15.0;1.0;42.8;48.16313;11.55712;536.9;NaN;3.4;3.2;178.7;11 / 21;44322;2018-11-09 17:38:22:371
4.099;4.539;8.609;17.0;1.0;55.57;48.16313;11.55712;536.9;NaN;3.4;3.2;178.7;11 / 21;44422;2018-11-09 17:38:22:471
5.803;6.981;8.351;25.0;1.0;55.57;48.16313;11.55712;536.9;NaN;3.4;3.2;178.7;11 / 21;44522;2018-11-09 17:38:22:571
2.537;4.951;6.933;8.0;1.0;55.57;48.16313;11.55712;536.9;NaN;3.4;3.2;178.7;11 / 21;44621;2018-11-09 17:38:22:670
5.382;6.359;9.596;21.0;1.0;50.67;48.16313;11.55712;536.9;NaN;3.4;3.2;178.7;11 / 21;44722;2018-11-09 17:38:22:771
7.518;3.419;6.397;0.0;1.0;50.67;48.16313;11.55712;536.9;NaN;3.4;3.2;178.7;11 / 21;44822;2018-11-09 17:38:22:871
3.208;2.059;4.539;25.0;1.0;50.67;48.16313;11.55712;536.9;NaN;3.4;3.2;178.7;11 / 21;44922;2018-11-09 17:38:22:971
6.253;5.631;7.307;30.0;1.0;46.4;48.16313;11.55712;536.9;NaN;3.4;3.2;178.7;11 / 21;45022;2018-11-09 17:38:23:071
2.279;4.156;7.642;17.0;1.0;46.4;48.16312;11.55711;537.1;NaN;3.6;3.2;183.9;11 / 21;45123;2018-11-09 17:38:23:172
2.241;2.48;10.745;7.0;1.0;46.4;48.16312;11.55711;537.1;NaN;3.6;3.2;183.9;11 / 21;45221;2018-11-09 17:38:23:270
3.083;2.815;7.613;0.0;1.0;42.31;48.16312;11.55711;537.1;NaN;3.6;3.2;183.9;11 / 21;45323;2018-11-09 17:38:23:372
2.126;5.229;16.386;0.0;1.0;42.31;48.16312;11.55711;537.1;NaN;3.6;3.2;183.9;11 / 21;45421;2018-11-09 17:38:23:470
4.041;2.174;6.953;20.0;1.0;42.31;48.16312;11.55711;537.1;NaN;3.6;3.2;183.9;11 / 21;45521;2018-11-09 17:38:23:570
2.997;2.47;5.468;30.0;1.0;48.89;48.16312;11.55711;537.1;NaN;3.6;3.2;183.9;11 / 21;45622;2018-11-09 17:38:23:671
1.762;3.993;6.033;7.0;1.0;48.89;48.16312;11.55711;537.1;NaN;3.6;3.2;183.9;11 / 21;45722;2018-11-09 17:38:23:771
4.558;7.096;9.059;18.0;1.0;48.89;48.16312;11.55711;537.1;NaN;3.6;3.2;183.9;11 / 21;45826;2018-11-09 17:38:23:875
4.951;6.512;10.956;21.0;1.0;40.96;48.16312;11.55711;537.1;NaN;3.6;3.2;183.9;11 / 21;45922;2018-11-09 17:38:23:971
7.02;4.022;10.649;6.0;1.0;40.96;48.16312;11.55711;537.1;NaN;3.6;3.2;183.9;11 / 21;46022;2018-11-09 17:38:24:071
4.539;2.901;4.175;2.0;1.0;40.96;48.16311;11.55711;537.3;NaN;3.7;3.2;185.8;11 / 21;46122;2018-11-09 17:38:24:171
2.997;5.621;5.755;7.0;1.0;56.88;48.16311;11.55711;537.3;NaN;3.7;3.2;185.8;11 / 21;46222;2018-11-09 17:38:24:271
3.227;5.822;6.062;12.0;1.0;56.88;48.16311;11.55711;537.3;NaN;3.7;3.2;185.8;11 / 21;46325;2018-11-09 17:38:24:374
2.145;6.933;5.095;7.0;1.0;56.88;48.16311;11.55711;537.3;NaN;3.7;3.2;185.8;11 / 21;46421;2018-11-09 17:38:24:470
0.775;6.33;7.824;4.0;1.0;58.86;48.16311;11.55711;537.3;NaN;3.7;3.2;185.8;11 / 21;46522;2018-11-09 17:38:24:571
1.867;4.702;10.649;18.0;1.0;58.86;48.16311;11.55711;537.3;NaN;3.7;3.2;185.8;11 / 21;46621;2018-11-09 17:38:24:670
1.925;3.648;6.713;7.0;1.0;58.86;48.16311;11.55711;537.3;NaN;3.7;3.2;185.8;11 / 21;46721;2018-11-09 17:38:24:770
2.978;5.008;6.387;11.0;1.0;62.26;48.16311;11.55711;537.3;NaN;3.7;3.2;185.8;11 / 21;46823;2018-11-09 17:38:24:872
-1.005;4.893;11.138;15.0;1.0;62.26;48.16311;11.55711;537.3;NaN;3.7;3.2;185.8;11 / 21;46922;2018-11-09 17:38:24:971
-4.731;2.729;8.523;18.0;1.0;62.26;48.16311;11.55711;537.3;NaN;3.7;3.2;185.8;11 / 21;47022;2018-11-09 17:38:25:071
-2.796;3.543;12.411;6.0;1.0;59.11;48.16311;11.55711;537.3;NaN;3.7;3.2;185.8;11 / 21;47122;2018-11-09 17:38:25:171
2.183;3.888;12.076;22.0;1.0;59.11;48.1631;11.5571;537.5;NaN;3.7;3.2;186.8;11 / 21;47222;2018-11-09 17:38:25:271
0.699;2.719;8.083;6.0;1.0;59.11;48.1631;11.5571;537.5;NaN;3.7;3.2;186.8;11 / 21;47321;2018-11-09 17:38:25:370
-0.603;3.773;6.895;0.0;1.0;57.22;48.1631;11.5571;537.5;NaN;3.7;3.2;186.8;11 / 21;47421;2018-11-09 17:38:25:470
-0.565;5.19;7.661;13.0;1.0;57.22;48.1631;11.5571;537.5;NaN;3.7;3.2;186.8;11 / 21;47521;2018-11-09 17:38:25:570
-0.517;4.271;10.094;18.0;1.0;57.22;48.1631;11.5571;537.5;NaN;3.7;3.2;186.8;11 / 21;47621;2018-11-09 17:38:25:670
0.747;5.296;5.784;14.0;1.0;59.39;48.1631;11.5571;537.5;NaN;3.7;3.2;186.8;11 / 21;47721;2018-11-09 17:38:25:770
1.283;4.434;12.344;4.0;1.0;59.39;48.1631;11.5571;537.5;NaN;3.7;3.2;186.8;11 / 21;47821;2018-11-09 17:38:25:870
3.38;4.654;10.113;18.0;1.0;59.39;48.1631;11.5571;537.5;NaN;3.7;3.2;186.8;11 / 21;47921;2018-11-09 17:38:25:970
0.0;2.566;8.073;1.0;1.0;45.89;48.1631;11.5571;537.5;NaN;3.7;3.2;186.8;11 / 21;48021;2018-11-09 17:38:26:070
-0.249;2.93;8.571;9.0;1.0;45.89;48.16309;11.5571;537.4;NaN;3.7;3.1;185.4;11 / 21;48121;2018-11-09 17:38:26:170
0.124;4.491;7.326;16.0;1.0;45.89;48.16309;11.5571;537.4;NaN;3.7;3.1;185.4;11 / 21;48223;2018-11-09 17:38:26:272
1.618;4.558;13.245;14.0;1.0;45.89;48.16309;11.5571;537.4;NaN;3.7;3.1;185.4;11 / 21;48323;2018-11-09 17:38:26:372
3.888;1.321;8.743;21.0;1.0;53.52;48.16309;11.5571;537.4;NaN;3.7;3.1;185.4;11 / 21;48422;2018-11-09 17:38:26:471
5.564;2.662;4.75;0.0;1.0;53.52;48.16309;11.5571;537.4;NaN;3.7;3.1;185.4;11 / 21;48522;2018-11-09 17:38:26:571
5.976;4.175;7.182;24.0;1.0;53.52;48.16309;11.5571;537.4;NaN;3.7;3.1;185.4;11 / 21;48622;2018-11-09 17:38:26:671
4.98;3.773;6.502;0.0;1.0;53.07;48.16309;11.5571;537.4;NaN;3.7;3.1;185.4;11 / 21;48721;2018-11-09 17:38:26:770
3.677;5.956;2.365;27.0;1.0;53.07;48.16309;11.5571;537.4;NaN;3.7;3.1;185.4;11 / 21;48822;2018-11-09 17:38:26:871
5.095;4.664;7.259;8.0;1.0;53.07;48.16309;11.5571;537.4;NaN;3.7;3.1;185.4;11 / 21;48922;2018-11-09 17:38:26:971
14.557;5.391;9.787;19.0;1.0;60.17;48.16309;11.5571;537.4;NaN;3.7;3.1;185.4;11 / 21;49022;2018-11-09 17:38:27:071
6.665;5.669;2.279;20.0;1.0;60.17;48.16307;11.5571;537.6;NaN;0.0;3.1;185.4;11 / 21;49122;2018-11-09 17:38:27:171
2.518;3.045;6.062;5.0;1.0;60.17;48.16307;11.5571;537.6;NaN;0.0;3.1;185.4;11 / 21;49221;2018-11-09 17:38:27:270
3.179;1.857;9.72;19.0;1.0;62.13;48.16307;11.5571;537.6;NaN;0.0;3.1;185.4;11 / 21;49321;2018-11-09 17:38:27:370
4.635;3.936;6.857;12.0;1.0;62.13;48.16307;11.5571;537.6;NaN;0.0;3.1;185.4;11 / 21;49422;2018-11-09 17:38:27:471
4.884;5.506;5.219;13.0;1.0;62.13;48.16307;11.5571;537.6;NaN;0.0;3.1;185.4;11 / 21;49521;2018-11-09 17:38:27:570
7.364;5.095;6.704;19.0;1.0;52.47;48.16307;11.5571;537.6;NaN;0.0;3.1;185.4;11 / 21;49621;2018-11-09 17:38:27:670
5.209;5.19;3.945;19.0;1.0;52.47;48.16307;11.5571;537.6;NaN;0.0;3.1;185.4;11 / 21;49721;2018-11-09 17:38:27:770
3.782;4.673;5.889;16.0;1.0;52.47;48.16307;11.5571;537.6;NaN;0.0;3.1;185.4;11 / 21;49823;2018-11-09 17:38:27:872
6.895;5.956;8.169;14.0;1.0;51.49;48.16307;11.5571;537.6;NaN;0.0;3.1;185.4;11 / 21;49922;2018-11-09 17:38:27:971
3.792;5.162;10.745;13.0;1.0;51.49;48.16307;11.5571;537.6;NaN;0.0;3.1;185.4;11 / 21;50022;2018-11-09 17:38:28:071
6.704;-0.622;9.998;17.0;1.0;51.49;48.16306;11.5571;537.5;NaN;0.0;3.2;185.4;11 / 21;50122;2018-11-09 17:38:28:171
9.768;1.158;6.866;12.0;1.0;57.14;48.16306;11.5571;537.5;NaN;0.0;3.2;185.4;11 / 21;50221;2018-11-09 17:38:28:270
7.01;2.796;4.06;17.0;1.0;57.14;48.16306;11.5571;537.5;NaN;0.0;3.2;185.4;11 / 21;50325;2018-11-09 17:38:28:374
5.928;3.543;7.096;15.0;1.0;57.14;48.16306;11.5571;537.5;NaN;0.0;3.2;185.4;11 / 21;50421;2018-11-09 17:38:28:470
7.891;4.491;6.397;7.0;1.0;44.17;48.16306;11.5571;537.5;NaN;0.0;3.2;185.4;11 / 21;50521;2018-11-09 17:38:28:570
11.119;2.786;8.447;15.0;1.0;44.17;48.16306;11.5571;537.5;NaN;0.0;3.2;185.4;11 / 21;50625;2018-11-09 17:38:28:674
6.11;-0.363;7.47;23.0;1.0;44.17;48.16306;11.5571;537.5;NaN;0.0;3.2;185.4;11 / 21;50722;2018-11-09 17:38:28:771
4.501;3.409;3.993;10.0;1.0;44.07;48.16306;11.5571;537.5;NaN;0.0;3.2;185.4;11 / 21;50821;2018-11-09 17:38:28:870
5.008;6.435;3.974;14.0;1.0;44.07;48.16306;11.5571;537.5;NaN;0.0;3.2;185.4;11 / 21;50921;2018-11-09 17:38:28:970
5.612;6.196;5.545;9.0;1.0;44.07;48.16306;11.5571;537.5;NaN;0.0;3.2;185.4;11 / 21;51022;2018-11-09 17:38:29:071
6.244;7.527;5.899;8.0;1.0;38.97;48.16305;11.5571;537.7;NaN;3.9;3.2;173.3;11 / 21;51122;2018-11-09 17:38:29:171
7.412;5.047;7.901;4.0;1.0;38.97;48.16305;11.5571;537.7;NaN;3.9;3.2;173.3;11 / 21;51222;2018-11-09 17:38:29:271
2.241;3.342;7.383;8.0;1.0;38.97;48.16305;11.5571;537.7;NaN;3.9;3.2;173.3;11 / 21;51321;2018-11-09 17:38:29:370
3.524;4.261;8.178;25.0;1.0;45.83;48.16305;11.5571;537.7;NaN;3.9;3.2;173.3;11 / 21;51422;2018-11-09 17:38:29:471
4.415;7.115;7.173;6.0;1.0;45.83;48.16305;11.5571;537.7;NaN;3.9;3.2;173.3;11 / 21;51522;2018-11-09 17:38:29:571
4.395;5.813;7.843;2.0;1.0;45.83;48.16305;11.5571;537.7;NaN;3.9;3.2;173.3;11 / 21;51622;2018-11-09 17:38:29:671
5.487;6.129;8.763;17.0;1.0;58.4;48.16305;11.5571;537.7;NaN;3.9;3.2;173.3;11 / 21;51721;2018-11-09 17:38:29:770
8.332;5.238;6.349;27.0;1.0;58.4;48.16305;11.5571;537.7;NaN;3.9;3.2;173.3;11 / 21;51822;2018-11-09 17:38:29:871
4.233;2.001;6.368;8.0;1.0;58.4;48.16305;11.5571;537.7;NaN;3.9;3.2;173.3;11 / 21;51922;2018-11-09 17:38:29:971
4.395;5.382;4.798;10.0;1.0;48.16;48.16305;11.5571;537.7;NaN;3.9;3.2;173.3;11 / 21;52022;2018-11-09 17:38:30:071
5.075;6.043;5.937;14.0;1.0;48.16;48.16304;11.5571;537.3;NaN;4.1;3.2;174.2;11 / 21;52122;2018-11-09 17:38:30:171
6.052;7.249;6.569;15.0;1.0;48.16;48.16304;11.5571;537.3;NaN;4.1;3.2;174.2;11 / 21;52222;2018-11-09 17:38:30:271
5.372;7.412;5.736;17.0;1.0;54.66;48.16304;11.5571;537.3;NaN;4.1;3.2;174.2;11 / 21;52322;2018-11-09 17:38:30:371
3.754;4.242;7.738;16.0;1.0;54.66;48.16304;11.5571;537.3;NaN;4.1;3.2;174.2;11 / 21;52422;2018-11-09 17:38:30:471
2.49;2.49;8.629;7.0;1.0;54.66;48.16304;11.5571;537.3;NaN;4.1;3.2;174.2;11 / 21;52523;2018-11-09 17:38:30:572
2.643;3.189;8.265;19.0;1.0;55.55;48.16304;11.5571;537.3;NaN;4.1;3.2;174.2;11 / 21;52622;2018-11-09 17:38:30:671
2.269;4.893;7.996;5.0;1.0;55.55;48.16304;11.5571;537.3;NaN;4.1;3.2;174.2;11 / 21;52722;2018-11-09 17:38:30:771
1.972;5.066;8.878;9.0;1.0;55.55;48.16304;11.5571;537.3;NaN;4.1;3.2;174.2;11 / 21;52822;2018-11-09 17:38:30:871
4.482;6.177;10.41;9.0;1.0;54.28;48.16304;11.5571;537.3;NaN;4.1;3.2;174.2;11 / 21;52922;2018-11-09 17:38:30:971
4.577;4.041;10.142;13.0;1.0;54.28;48.16304;11.5571;537.3;NaN;4.1;3.2;174.2;11 / 21;53022;2018-11-09 17:38:31:071
3.179;4.089;5.104;18.0;1.0;54.28;48.16303;11.5571;536.4;NaN;3.9;3.2;174.4;11 / 21;53123;2018-11-09 17:38:31:172
2.604;4.874;6.876;10.0;1.0;56.33;48.16303;11.5571;536.4;NaN;3.9;3.2;174.4;11 / 21;53222;2018-11-09 17:38:31:271
1.589;4.137;8.447;3.0;1.0;56.33;48.16303;11.5571;536.4;NaN;3.9;3.2;174.4;11 / 21;53321;2018-11-09 17:38:31:370
2.537;6.024;8.561;0.0;1.0;56.33;48.16303;11.5571;536.4;NaN;3.9;3.2;174.4;11 / 21;53422;2018-11-09 17:38:31:471
1.819;4.96;10.419;18.0;1.0;49.99;48.16303;11.5571;536.4;NaN;3.9;3.2;174.4;11 / 21;53522;2018-11-09 17:38:31:571
1.187;2.739;7.345;8.0;1.0;49.99;48.16303;11.5571;536.4;NaN;3.9;3.2;174.4;11 / 21;53622;2018-11-09 17:38:31:671
2.681;2.978;8.236;4.0;1.0;49.99;48.16303;11.5571;536.4;NaN;3.9;3.2;174.4;11 / 21;53722;2018-11-09 17:38:31:771
0.421;3.869;8.868;4.0;1.0;49.99;48.16303;11.5571;536.4;NaN;3.9;3.2;174.4;11 / 21;53822;2018-11-09 17:38:31:871
-0.354;6.818;4.06;9.0;1.0;38.45;48.16303;11.5571;536.4;NaN;3.9;3.2;174.4;11 / 21;53921;2018-11-09 17:38:31:970
-0.354;7.7;7.24;17.0;1.0;38.45;48.16303;11.5571;536.4;NaN;3.9;3.2;174.4;11 / 21;54021;2018-11-09 17:38:32:070
-0.89;7.0;8.973;0.0;1.0;38.45;48.16302;11.5571;536.1;NaN;3.7;3.3;174.7;11 / 21;54122;2018-11-09 17:38:32:171
1.685;6.244;8.447;19.0;1.0;56.68;48.16302;11.5571;536.1;NaN;3.7;3.3;174.7;10 / 21;54222;2018-11-09 17:38:32:271
0.948;5.583;7.297;19.0;1.0;56.68;48.16302;11.5571;536.1;NaN;3.7;3.3;174.7;10 / 21;54323;2018-11-09 17:38:32:372
0.574;5.468;7.307;15.0;1.0;56.68;48.16302;11.5571;536.1;NaN;3.7;3.3;174.7;10 / 21;54422;2018-11-09 17:38:32:471
-1.005;6.531;4.721;3.0;1.0;46.95;48.16302;11.5571;536.1;NaN;3.7;3.3;174.7;10 / 21;54522;2018-11-09 17:38:32:571
0.603;7.154;7.565;9.0;1.0;46.95;48.16302;11.5571;536.1;NaN;3.7;3.3;174.7;10 / 21;54621;2018-11-09 17:38:32:670
1.819;6.857;6.847;9.0;1.0;46.95;48.16302;11.5571;536.1;NaN;3.7;3.3;174.7;10 / 21;54721;2018-11-09 17:38:32:770
-0.114;4.405;10.151;16.0;1.0;46.89;48.16302;11.5571;536.1;NaN;3.7;3.3;174.7;10 / 21;54822;2018-11-09 17:38:32:871
-1.359;3.419;8.542;14.0;1.0;46.89;48.16302;11.5571;536.1;NaN;3.7;3.3;174.7;10 / 21;54922;2018-11-09 17:38:32:971
-1.283;3.505;9.51;21.0;1.0;46.89;48.16302;11.5571;536.1;NaN;3.7;3.3;174.7;10 / 21;55021;2018-11-09 17:38:33:070
-1.723;4.817;9.596;4.0;1.0;46.89;48.16301;11.5571;535.7;NaN;3.8;3.3;176.2;10 / 21;55122;2018-11-09 17:38:33:171
-2.068;4.319;10.994;17.0;1.0;47.43;48.16301;11.5571;535.7;NaN;3.8;3.3;176.2;10 / 21;55221;2018-11-09 17:38:33:270
-1.407;5.487;9.701;11.0;1.0;47.43;48.16301;11.5571;535.7;NaN;3.8;3.3;176.2;10 / 21;55321;2018-11-09 17:38:33:370
5.171;4.462;6.953;7.0;1.0;47.43;48.16301;11.5571;535.7;NaN;3.8;3.3;176.2;10 / 21;55421;2018-11-09 17:38:33:470
1.647;3.007;9.012;14.0;1.0;50.95;48.16301;11.5571;535.7;NaN;3.8;3.3;176.2;10 / 21;55522;2018-11-09 17:38:33:571
1.139;4.022;8.236;1.0;1.0;50.95;48.16301;11.5571;535.7;NaN;3.8;3.3;176.2;10 / 21;55622;2018-11-09 17:38:33:671
1.072;4.051;7.403;11.0;1.0;50.95;48.16301;11.5571;535.7;NaN;3.8;3.3;176.2;10 / 21;55722;2018-11-09 17:38:33:771
-0.871;4.395;7.996;17.0;1.0;48.63;48.16301;11.5571;535.7;NaN;3.8;3.3;176.2;10 / 21;55821;2018-11-09 17:38:33:870
-0.708;3.275;10.573;20.0;1.0;48.63;48.16301;11.5571;535.7;NaN;3.8;3.3;176.2;10 / 21;55922;2018-11-09 17:38:33:971
1.359;1.666;11.473;7.0;1.0;48.63;48.16301;11.5571;535.7;NaN;3.8;3.3;176.2;10 / 21;56022;2018-11-09 17:38:34:071
-0.325;2.796;7.154;38.0;1.0;45.42;48.16301;11.55711;534.9;NaN;3.5;3.3;172.4;10 / 21;56122;2018-11-09 17:38:34:171
0.354;2.71;8.945;16.0;1.0;45.42;48.16301;11.55711;534.9;NaN;3.5;3.3;172.4;10 / 21;56222;2018-11-09 17:38:34:271
0.43;3.304;9.787;24.0;1.0;45.42;48.16301;11.55711;534.9;NaN;3.5;3.3;172.4;10 / 21;56321;2018-11-09 17:38:34:370
1.398;3.648;8.102;13.0;1.0;50.59;48.16301;11.55711;534.9;NaN;3.5;3.3;172.4;10 / 21;56421;2018-11-09 17:38:34:470
1.12;3.409;9.577;18.0;1.0;50.59;48.16301;11.55711;534.9;NaN;3.5;3.3;172.4;10 / 21;56521;2018-11-09 17:38:34:570
0.814;4.079;10.324;10.0;1.0;50.59;48.16301;11.55711;534.9;NaN;3.5;3.3;172.4;10 / 21;56621;2018-11-09 17:38:34:670
1.532;-0.354;14.193;4.0;1.0;47.23;48.16301;11.55711;534.9;NaN;3.5;3.3;172.4;10 / 21;56722;2018-11-09 17:38:34:771
1.245;1.963;5.937;2.0;1.0;47.23;48.16301;11.55711;534.9;NaN;3.5;3.3;172.4;10 / 21;56822;2018-11-09 17:38:34:871
0.134;2.624;9.117;16.0;1.0;47.23;48.16301;11.55711;534.9;NaN;3.5;3.3;172.4;10 / 21;56922;2018-11-09 17:38:34:971
-0.086;3.256;7.575;13.0;1.0;40.77;48.16301;11.55711;534.9;NaN;3.5;3.3;172.4;10 / 21;57022;2018-11-09 17:38:35:071
1.264;3.237;9.778;0.0;1.0;40.77;48.163;11.5571;534.2;NaN;3.6;3.3;175.1;10 / 21;57122;2018-11-09 17:38:35:171
-0.344;4.031;10.333;11.0;1.0;40.77;48.163;11.5571;534.2;NaN;3.6;3.3;175.1;10 / 21;57222;2018-11-09 17:38:35:271
2.499;0.249;12.143;0.0;1.0;41.23;48.163;11.5571;534.2;NaN;3.6;3.3;175.1;10 / 21;57322;2018-11-09 17:38:35:371
-0.66;1.81;9.059;12.0;1.0;41.23;48.163;11.5571;534.2;NaN;3.6;3.3;175.1;10 / 21;57422;2018-11-09 17:38:35:471
0.727;1.81;7.182;19.0;1.0;41.23;48.163;11.5571;534.2;NaN;3.6;3.3;175.1;10 / 21;57522;2018-11-09 17:38:35:571
-0.603;3.964;9.778;0.0;1.0;42.65;48.163;11.5571;534.2;NaN;3.6;3.3;175.1;10 / 21;57622;2018-11-09 17:38:35:671
-0.306;2.652;10.621;13.0;1.0;42.65;48.163;11.5571;534.2;NaN;3.6;3.3;175.1;10 / 21;57722;2018-11-09 17:38:35:771
-0.296;3.878;13.561;12.0;1.0;42.65;48.163;11.5571;534.2;NaN;3.6;3.3;175.1;10 / 21;57822;2018-11-09 17:38:35:871
0.43;-0.411;11.348;12.0;1.0;58.9;48.163;11.5571;534.2;NaN;3.6;3.3;175.1;10 / 21;57922;2018-11-09 17:38:35:971
1.455;-0.679;7.134;12.0;1.0;58.9;48.163;11.5571;534.2;NaN;3.6;3.3;175.1;10 / 21;58022;2018-11-09 17:38:36:071
0.45;2.518;11.013;7.0;1.0;58.9;48.16299;11.5571;534.0;NaN;3.4;3.3;175.3;10 / 21;58122;2018-11-09 17:38:36:171
0.459;3.304;9.021;11.0;1.0;60.14;48.16299;11.5571;534.0;NaN;3.4;3.3;175.3;10 / 21;58221;2018-11-09 17:38:36:270
0.948;2.959;8.897;17.0;1.0;60.14;48.16299;11.5571;534.0;NaN;3.4;3.3;175.3;10 / 21;58321;2018-11-09 17:38:36:370
-0.612;3.208;11.205;9.0;1.0;60.14;48.16299;11.5571;534.0;NaN;3.4;3.3;175.3;10 / 21;58422;2018-11-09 17:38:36:471
1.79;0.191;13.034;14.0;1.0;57.48;48.16299;11.5571;534.0;NaN;3.4;3.3;175.3;10 / 21;58522;2018-11-09 17:38:36:571
-2.03;2.413;7.613;18.0;1.0;57.48;48.16299;11.5571;534.0;NaN;3.4;3.3;175.3;10 / 21;58622;2018-11-09 17:38:36:671
-0.996;2.461;8.485;14.0;1.0;57.48;48.16299;11.5571;534.0;NaN;3.4;3.3;175.3;10 / 21;58722;2018-11-09 17:38:36:771
-1.063;3.313;11.502;12.0;1.0;46.74;48.16299;11.5571;534.0;NaN;3.4;3.3;175.3;10 / 21;58822;2018-11-09 17:38:36:871
-1.522;3.294;9.251;0.0;1.0;46.74;48.16299;11.5571;534.0;NaN;3.4;3.3;175.3;10 / 21;58922;2018-11-09 17:38:36:971
-0.019;3.562;12.124;14.0;1.0;46.74;48.16299;11.5571;534.0;NaN;3.4;3.3;175.3;10 / 21;59022;2018-11-09 17:38:37:071
1.829;2.557;11.253;18.0;1.0;53.73;48.16298;11.55711;533.3;NaN;3.3;3.3;173.8;10 / 21;59122;2018-11-09 17:38:37:171
3.85;0.459;5.813;27.0;1.0;53.73;48.16298;11.55711;533.3;NaN;3.3;3.3;173.8;10 / 21;59222;2018-11-09 17:38:37:271
1.139;2.825;6.799;7.0;1.0;53.73;48.16298;11.55711;533.3;NaN;3.3;3.3;173.8;10 / 21;59322;2018-11-09 17:38:37:371
1.915;5.056;8.485;19.0;1.0;48.97;48.16298;11.55711;533.3;NaN;3.3;3.3;173.8;10 / 21;59422;2018-11-09 17:38:37:471
2.518;5.315;9.28;3.0;1.0;48.97;48.16298;11.55711;533.3;NaN;3.3;3.3;173.8;10 / 21;59522;2018-11-09 17:38:37:571
1.474;4.989;10.745;28.0;1.0;48.97;48.16298;11.55711;533.3;NaN;3.3;3.3;173.8;10 / 21;59621;2018-11-09 17:38:37:670
2.087;5.707;11.732;21.0;1.0;51.6;48.16298;11.55711;533.3;NaN;3.3;3.3;173.8;10 / 21;59722;2018-11-09 17:38:37:771
2.355;1.972;6.828;18.0;1.0;51.6;48.16298;11.55711;533.3;NaN;3.3;3.3;173.8;10 / 21;59822;2018-11-09 17:38:37:871
2.384;3.945;8.13;18.0;1.0;51.6;48.16298;11.55711;533.3;NaN;3.3;3.3;173.8;10 / 21;59922;2018-11-09 17:38:37:971
1.082;5.545;6.732;11.0;1.0;42.77;48.16298;11.55711;533.3;NaN;3.3;3.3;173.8;10 / 21;60022;2018-11-09 17:38:38:071
1.532;5.918;7.709;9.0;1.0;42.77;48.16298;11.55711;533.3;NaN;0.0;3.3;173.8;10 / 21;60122;2018-11-09 17:38:38:171
3.581;6.914;10.18;21.0;1.0;42.77;48.16298;11.55711;533.3;NaN;0.0;3.3;173.8;10 / 21;60222;2018-11-09 17:38:38:271
4.683;6.387;10.506;2.0;1.0;54.99;48.16298;11.55711;533.3;NaN;0.0;3.3;173.8;10 / 21;60322;2018-11-09 17:38:38:371
3.687;2.681;4.941;18.0;1.0;54.99;48.16298;11.55711;533.3;NaN;0.0;3.3;173.8;10 / 21;60421;2018-11-09 17:38:38:470
2.164;4.051;7.221;13.0;1.0;54.99;48.16298;11.55711;533.3;NaN;0.0;3.3;173.8;10 / 21;60522;2018-11-09 17:38:38:571
2.106;6.167;6.78;18.0;1.0;50.78;48.16298;11.55711;533.3;NaN;0.0;3.3;173.8;10 / 21;60622;2018-11-09 17:38:38:671
3.38;6.723;7.623;23.0;1.0;50.78;48.16298;11.55711;533.3;NaN;0.0;3.3;173.8;10 / 21;60722;2018-11-09 17:38:38:771
2.279;6.56;8.006;22.0;1.0;50.78;48.16298;11.55711;533.3;NaN;0.0;3.3;173.8;10 / 21;60822;2018-11-09 17:38:38:871
1.618;7.604;9.759;10.0;1.0;38.03;48.16298;11.55711;533.3;NaN;0.0;3.3;173.8;10 / 21;60921;2018-11-09 17:38:38:970
4.089;3.457;6.838;7.0;1.0;38.03;48.16298;11.55711;533.3;NaN;0.0;3.3;173.8;10 / 21;61023;2018-11-09 17:38:39:072
1.474;4.769;7.862;11.0;1.0;38.03;48.16297;11.55711;533.2;NaN;0.0;3.2;173.8;10 / 21;61122;2018-11-09 17:38:39:171
1.34;6.215;5.506;7.0;1.0;42.45;48.16297;11.55711;533.2;NaN;0.0;3.2;173.8;10 / 21;61222;2018-11-09 17:38:39:271
0.354;7.537;8.389;18.0;1.0;42.45;48.16297;11.55711;533.2;NaN;0.0;3.2;173.8;10 / 21;61322;2018-11-09 17:38:39:371
1.321;6.847;10.228;12.0;1.0;42.45;48.16297;11.55711;533.2;NaN;0.0;3.2;173.8;10 / 21;61421;2018-11-09 17:38:39:470
3.074;7.23;10.64;9.0;1.0;57.78;48.16297;11.55711;533.2;NaN;0.0;3.2;173.8;10 / 21;61525;2018-11-09 17:38:39:574
3.419;3.773;7.862;28.0;1.0;57.78;48.16297;11.55711;533.2;NaN;0.0;3.2;173.8;10 / 21;61621;2018-11-09 17:38:39:670
1.695;4.108;5.64;31.0;1.0;57.78;48.16297;11.55711;533.2;NaN;0.0;3.2;173.8;10 / 21;61722;2018-11-09 17:38:39:771
0.574;4.836;8.14;0.0;1.0;61.26;48.16297;11.55711;533.2;NaN;0.0;3.2;173.8;10 / 21;61822;2018-11-09 17:38:39:871
0.402;6.091;9.002;3.0;1.0;61.26;48.16297;11.55711;533.2;NaN;0.0;3.2;173.8;10 / 21;61921;2018-11-09 17:38:39:970
0.191;6.081;8.973;15.0;1.0;61.26;48.16297;11.55711;533.2;NaN;0.0;3.2;173.8;10 / 21;62022;2018-11-09 17:38:40:071
-2.844;5.344;13.408;25.0;1.0;52.61;48.16296;11.5571;532.9;NaN;3.2;3.2;184.8;10 / 21;62122;2018-11-09 17:38:40:171
-2.461;2.183;5.162;20.0;1.0;52.61;48.16296;11.5571;532.9;NaN;3.2;3.2;184.8;10 / 21;62222;2018-11-09 17:38:40:271
0.335;1.752;7.087;11.0;1.0;52.61;48.16296;11.5571;532.9;NaN;3.2;3.2;184.8;10 / 21;62322;2018-11-09 17:38:40:371
-3.85;4.242;8.542;19.0;1.0;55.55;48.16296;11.5571;532.9;NaN;3.2;3.2;184.8;10 / 21;62422;2018-11-09 17:38:40:471
-2.317;6.225;7.01;2.0;1.0;55.55;48.16296;11.5571;532.9;NaN;3.2;3.2;184.8;10 / 21;62522;2018-11-09 17:38:40:571
-3.045;5.736;10.333;29.0;1.0;55.55;48.16296;11.5571;532.9;NaN;3.2;3.2;184.8;10 / 21;62621;2018-11-09 17:38:40:670
0.622;6.158;13.589;29.0;1.0;55.55;48.16296;11.5571;532.9;NaN;3.2;3.2;184.8;10 / 21;62722;2018-11-09 17:38:40:771
0.373;0.727;8.236;19.0;1.0;52.18;48.16296;11.5571;532.9;NaN;3.2;3.2;184.8;10 / 21;62821;2018-11-09 17:38:40:870
-0.201;4.079;7.192;0.0;1.0;52.18;48.16296;11.5571;532.9;NaN;3.2;3.2;184.8;10 / 21;62922;2018-11-09 17:38:40:971
-1.532;5.564;8.657;11.0;1.0;52.18;48.16296;11.5571;532.9;NaN;3.2;3.2;184.8;10 / 21;63031;2018-11-09 17:38:41:080
-1.024;6.885;8.36;6.0;1.0;52.73;48.16295;11.5571;532.4;NaN;0.0;3.2;184.8;10 / 21;63122;2018-11-09 17:38:41:171
2.777;7.604;6.34;0.0;1.0;52.73;48.16295;11.5571;532.4;NaN;0.0;3.2;184.8;10 / 21;63222;2018-11-09 17:38:41:271
0.804;6.349;12.775;29.0;1.0;52.73;48.16295;11.5571;532.4;NaN;0.0;3.2;184.8;10 / 21;63322;2018-11-09 17:38:41:371
2.288;3.419;6.483;11.0;1.0;46.03;48.16295;11.5571;532.4;NaN;0.0;3.2;184.8;10 / 21;63422;2018-11-09 17:38:41:471
0.478;4.644;7.412;2.0;1.0;46.03;48.16295;11.5571;532.4;NaN;0.0;3.2;184.8;10 / 21;63525;2018-11-09 17:38:41:574
-0.019;5.937;6.569;19.0;1.0;46.03;48.16295;11.5571;532.4;NaN;0.0;3.2;184.8;10 / 21;63621;2018-11-09 17:38:41:670
-0.086;5.43;7.862;14.0;1.0;40.99;48.16295;11.5571;532.4;NaN;0.0;3.2;184.8;10 / 21;63722;2018-11-09 17:38:41:771
1.158;6.732;9.002;6.0;1.0;40.99;48.16295;11.5571;532.4;NaN;0.0;3.2;184.8;10 / 21;63822;2018-11-09 17:38:41:871
5.19;8.638;11.387;13.0;1.0;40.99;48.16295;11.5571;532.4;NaN;0.0;3.2;184.8;10 / 21;63922;2018-11-09 17:38:41:971
1.331;2.011;7.489;0.0;1.0;51.34;48.16295;11.5571;532.4;NaN;0.0;3.2;184.8;10 / 21;64023;2018-11-09 17:38:42:072
2.729;4.099;5.554;18.0;1.0;51.34;48.16295;11.5571;532.2;NaN;0.0;3.2;184.8;10 / 21;64121;2018-11-09 17:38:42:170
2.403;6.062;7.69;5.0;1.0;51.34;48.16295;11.5571;532.2;NaN;0.0;3.2;184.8;10 / 21;64222;2018-11-09 17:38:42:271
3.639;7.518;5.842;25.0;1.0;33.88;48.16295;11.5571;532.2;NaN;0.0;3.2;184.8;10 / 21;64322;2018-11-09 17:38:42:371
4.242;7.565;7.632;16.0;1.0;33.88;48.16295;11.5571;532.2;NaN;0.0;3.2;184.8;10 / 21;64422;2018-11-09 17:38:42:471
4.395;5.899;10.85;0.0;1.0;33.88;48.16295;11.5571;532.2;NaN;0.0;3.2;184.8;10 / 21;64522;2018-11-09 17:38:42:571
1.695;2.384;6.091;14.0;1.0;42.19;48.16295;11.5571;532.2;NaN;0.0;3.2;184.8;10 / 21;64621;2018-11-09 17:38:42:670
0.9;2.547;8.83;17.0;1.0;42.19;48.16295;11.5571;532.2;NaN;0.0;3.2;184.8;10 / 21;64722;2018-11-09 17:38:42:771
0.928;3.974;8.255;1.0;1.0;42.19;48.16295;11.5571;532.2;NaN;0.0;3.2;184.8;10 / 21;64822;2018-11-09 17:38:42:871
-0.641;4.75;9.107;15.0;1.0;42.11;48.16295;11.5571;532.2;NaN;0.0;3.2;184.8;10 / 21;64923;2018-11-09 17:38:42:972
2.078;5.133;10.956;16.0;1.0;42.11;48.16295;11.5571;532.2;NaN;0.0;3.2;184.8;10 / 21;65022;2018-11-09 17:38:43:071
3.955;6.387;9.826;3.0;1.0;42.11;48.16294;11.5571;531.8;NaN;0.0;3.2;184.8;10 / 21;65121;2018-11-09 17:38:43:170
2.997;0.957;7.604;11.0;1.0;45.52;48.16294;11.5571;531.8;NaN;0.0;3.2;184.8;10 / 21;65221;2018-11-09 17:38:43:270
2.049;3.792;5.899;15.0;1.0;45.52;48.16294;11.5571;531.8;NaN;0.0;3.2;184.8;10 / 21;65321;2018-11-09 17:38:43:370
1.848;6.234;7.192;18.0;1.0;45.52;48.16294;11.5571;531.8;NaN;0.0;3.2;184.8;10 / 21;65421;2018-11-09 17:38:43:470
2.106;5.162;7.307;10.0;1.0;40.52;48.16294;11.5571;531.8;NaN;0.0;3.2;184.8;10 / 21;65522;2018-11-09 17:38:43:571
4.654;6.78;7.403;17.0;1.0;40.52;48.16294;11.5571;531.8;NaN;0.0;3.2;184.8;10 / 21;65621;2018-11-09 17:38:43:670
3.562;7.173;9.213;3.0;1.0;40.52;48.16294;11.5571;531.8;NaN;0.0;3.2;184.8;10 / 21;65722;2018-11-09 17:38:43:771
5.554;2.71;7.0;15.0;1.0;47.55;48.16294;11.5571;531.8;NaN;0.0;3.2;184.8;10 / 21;65822;2018-11-09 17:38:43:871
4.788;2.825;7.537;22.0;1.0;47.55;48.16294;11.5571;531.8;NaN;0.0;3.2;184.8;10 / 21;65922;2018-11-09 17:38:43:971
4.012;5.765;5.727;1.0;1.0;47.55;48.16294;11.5571;531.8;NaN;0.0;3.2;184.8;10 / 21;66022;2018-11-09 17:38:44:071
8.782;5.621;6.905;17.0;1.0;46.64;48.16293;11.5571;531.7;NaN;0.0;3.3;184.8;10 / 21;66121;2018-11-09 17:38:44:170
7.345;5.382;4.06;18.0;1.0;46.64;48.16293;11.5571;531.7;NaN;0.0;3.3;184.8;10 / 21;66222;2018-11-09 17:38:44:271
8.332;6.56;4.999;16.0;1.0;46.64;48.16293;11.5571;531.7;NaN;0.0;3.3;184.8;10 / 21;66322;2018-11-09 17:38:44:371
6.704;4.731;-4.223;19.0;1.0;36.21;48.16293;11.5571;531.7;NaN;0.0;3.3;184.8;10 / 21;66422;2018-11-09 17:38:44:471
5.037;3.658;1.743;2.0;1.0;36.21;48.16293;11.5571;531.7;NaN;0.0;3.3;184.8;10 / 21;66522;2018-11-09 17:38:44:571
5.976;1.695;2.288;3.0;1.0;36.21;48.16293;11.5571;531.7;NaN;0.0;3.3;184.8;10 / 21;66622;2018-11-09 17:38:44:671
6.33;-0.469;5.947;18.0;1.0;42.79;48.16293;11.5571;531.7;NaN;0.0;3.3;184.8;10 / 21;66722;2018-11-09 17:38:44:771
8.983;-2.844;3.955;14.0;1.0;42.79;48.16293;11.5571;531.7;NaN;0.0;3.3;184.8;10 / 21;66822;2018-11-09 17:38:44:871
9.854;-4.424;3.696;16.0;1.0;42.79;48.16293;11.5571;531.7;NaN;0.0;3.3;184.8;10 / 21;66922;2018-11-09 17:38:44:971
9.404;-4.75;5.257;6.0;1.0;43.62;48.16293;11.5571;531.7;NaN;0.0;3.3;184.8;10 / 21;67022;2018-11-09 17:38:45:071
11.751;-8.025;3.514;21.0;1.0;43.62;48.16292;11.5571;531.3;NaN;3.2;3.3;171.1;10 / 21;67121;2018-11-09 17:38:45:170
10.965;-4.338;7.087;22.0;1.0;43.62;48.16292;11.5571;531.3;NaN;3.2;3.3;171.1;10 / 21;67221;2018-11-09 17:38:45:270
7.249;-3.629;6.273;8.0;1.0;43.64;48.16292;11.5571;531.3;NaN;3.2;3.3;171.1;10 / 21;67321;2018-11-09 17:38:45:370
8.609;-4.769;6.943;12.0;1.0;43.64;48.16292;11.5571;531.3;NaN;3.2;3.3;171.1;10 / 21;67421;2018-11-09 17:38:45:470
9.51;-7.029;6.704;19.0;1.0;43.64;48.16292;11.5571;531.3;NaN;3.2;3.3;171.1;10 / 21;67521;2018-11-09 17:38:45:570
9.538;-5.296;5.899;22.0;1.0;40.96;48.16292;11.5571;531.3;NaN;3.2;3.3;171.1;10 / 21;67621;2018-11-09 17:38:45:670
7.556;-7.259;4.97;21.0;1.0;40.96;48.16292;11.5571;531.3;NaN;3.2;3.3;171.1;10 / 21;67721;2018-11-09 17:38:45:770
6.177;-5.123;4.98;3.0;1.0;40.96;48.16292;11.5571;531.3;NaN;3.2;3.3;171.1;10 / 21;67821;2018-11-09 17:38:45:870
4.817;-4.108;4.271;18.0;1.0;42.4;48.16292;11.5571;531.3;NaN;3.2;3.3;171.1;10 / 21;67921;2018-11-09 17:38:45:970
6.043;-6.847;4.587;6.0;1.0;42.4;48.16292;11.5571;531.3;NaN;3.2;3.3;171.1;10 / 21;68021;2018-11-09 17:38:46:070
6.55;-7.336;4.204;0.0;1.0;42.4;48.16293;11.55709;530.9;NaN;1.7;3.2;182.9;10 / 21;68121;2018-11-09 17:38:46:170
8.427;-5.947;4.28;10.0;1.0;45.31;48.16293;11.55709;530.9;NaN;1.7;3.2;182.9;10 / 21;68221;2018-11-09 17:38:46:270
8.945;-6.359;5.909;18.0;1.0;45.31;48.16293;11.55709;530.9;NaN;1.7;3.2;182.9;10 / 21;68321;2018-11-09 17:38:46:370
7.269;-4.003;7.604;10.0;1.0;45.31;48.16293;11.55709;530.9;NaN;1.7;3.2;182.9;10 / 21;68421;2018-11-09 17:38:46:470
7.546;-3.773;5.526;25.0;1.0;44.11;48.16293;11.55709;530.9;NaN;1.7;3.2;182.9;10 / 21;68521;2018-11-09 17:38:46:570
9.51;-6.32;7.834;14.0;1.0;44.11;48.16293;11.55709;530.9;NaN;1.7;3.2;182.9;10 / 21;68621;2018-11-09 17:38:46:670
11.013;-9.002;5.794;22.0;1.0;44.11;48.16293;11.55709;530.9;NaN;1.7;3.2;182.9;10 / 21;68721;2018-11-09 17:38:46:770
7.632;-5.631;4.568;12.0;1.0;45.56;48.16293;11.55709;530.9;NaN;1.7;3.2;182.9;10 / 21;68822;2018-11-09 17:38:46:871
6.301;-7.489;3.773;4.0;1.0;45.56;48.16293;11.55709;530.9;NaN;1.7;3.2;182.9;10 / 21;68922;2018-11-09 17:38:46:971
7.441;-4.127;4.597;20.0;1.0;45.56;48.16293;11.55709;530.9;NaN;1.7;3.2;182.9;10 / 21;69022;2018-11-09 17:38:47:071
3.763;-4.051;3.735;13.0;1.0;42.14;48.1629;11.55707;530.0;NaN;4.2;3.2;208.2;10 / 21;69122;2018-11-09 17:38:47:171
5.219;-7.527;3.763;19.0;1.0;42.14;48.1629;11.55707;530.0;NaN;4.2;3.2;208.2;10 / 21;69222;2018-11-09 17:38:47:271
5.411;-8.178;4.999;12.0;1.0;42.14;48.1629;11.55707;530.0;NaN;4.2;3.2;208.2;10 / 21;69322;2018-11-09 17:38:47:371
8.178;-6.962;6.474;11.0;1.0;45.09;48.1629;11.55707;530.0;NaN;4.2;3.2;208.2;10 / 21;69422;2018-11-09 17:38:47:471
8.609;-5.564;6.953;18.0;1.0;45.09;48.1629;11.55707;530.0;NaN;4.2;3.2;208.2;10 / 21;69522;2018-11-09 17:38:47:571
8.245;-4.29;6.531;1.0;1.0;45.09;48.1629;11.55707;530.0;NaN;4.2;3.2;208.2;10 / 21;69621;2018-11-09 17:38:47:670
7.192;-1.896;9.529;11.0;1.0;38.66;48.1629;11.55707;530.0;NaN;4.2;3.2;208.2;10 / 21;69721;2018-11-09 17:38:47:770
8.887;-3.39;9.069;6.0;1.0;38.66;48.1629;11.55707;530.0;NaN;4.2;3.2;208.2;10 / 21;69821;2018-11-09 17:38:47:870
9.328;-4.836;8.705;26.0;1.0;38.66;48.1629;11.55707;530.0;NaN;4.2;3.2;208.2;10 / 21;69921;2018-11-09 17:38:47:970
7.556;-3.964;6.608;31.0;1.0;39.12;48.1629;11.55707;530.0;NaN;4.2;3.2;208.2;10 / 21;70022;2018-11-09 17:38:48:071
8.724;-4.137;5.468;13.0;1.0;39.12;48.16288;11.55706;529.3;NaN;5.1;3.1;202.7;10 / 21;70123;2018-11-09 17:38:48:172
7.632;-3.399;5.755;4.0;1.0;39.12;48.16288;11.55706;529.3;NaN;5.1;3.1;202.7;12 / 21;70223;2018-11-09 17:38:48:272
4.472;-3.601;4.491;22.0;1.0;44.23;48.16288;11.55706;529.3;NaN;5.1;3.1;202.7;12 / 21;70323;2018-11-09 17:38:48:372
4.309;-3.878;4.731;10.0;1.0;44.23;48.16288;11.55706;529.3;NaN;5.1;3.1;202.7;12 / 21;70422;2018-11-09 17:38:48:471
5.238;-3.687;7.297;25.0;1.0;44.23;48.16288;11.55706;529.3;NaN;5.1;3.1;202.7;12 / 21;70522;2018-11-09 17:38:48:571
7.144;-3.62;8.274;14.0;1.0;49.98;48.16288;11.55706;529.3;NaN;5.1;3.1;202.7;12 / 21;70621;2018-11-09 17:38:48:670
7.039;-2.882;6.502;18.0;1.0;49.98;48.16288;11.55706;529.3;NaN;5.1;3.1;202.7;12 / 21;70722;2018-11-09 17:38:48:771
6.263;-3.007;8.188;21.0;1.0;49.98;48.16288;11.55706;529.3;NaN;5.1;3.1;202.7;12 / 21;70821;2018-11-09 17:38:48:870
5.909;-3.696;7.316;25.0;1.0;41.84;48.16288;11.55706;529.3;NaN;5.1;3.1;202.7;12 / 21;70921;2018-11-09 17:38:48:970
8.83;-2.786;7.757;11.0;1.0;41.84;48.16288;11.55706;529.3;NaN;5.1;3.1;202.7;12 / 21;71022;2018-11-09 17:38:49:071
9.184;-3.562;12.124;12.0;1.0;41.84;48.16287;11.55707;528.8;NaN;4.0;3.1;187.0;12 / 21;71122;2018-11-09 17:38:49:171
7.192;-4.453;5.803;14.0;1.0;45.49;48.16287;11.55707;528.8;NaN;4.0;3.1;187.0;12 / 21;71221;2018-11-09 17:38:49:270
8.552;-4.395;5.305;20.0;1.0;45.49;48.16287;11.55707;528.8;NaN;4.0;3.1;187.0;12 / 21;71321;2018-11-09 17:38:49:370
4.75;-2.739;8.188;16.0;1.0;45.49;48.16287;11.55707;528.8;NaN;4.0;3.1;187.0;12 / 21;71421;2018-11-09 17:38:49:470
3.409;-3.447;4.089;12.0;1.0;42.27;48.16287;11.55707;528.8;NaN;4.0;3.1;187.0;12 / 21;71522;2018-11-09 17:38:49:571
4.807;-4.127;4.405;18.0;1.0;42.27;48.16287;11.55707;528.8;NaN;4.0;3.1;187.0;12 / 21;71622;2018-11-09 17:38:49:671
7.565;-5.219;7.613;27.0;1.0;42.27;48.16287;11.55707;528.8;NaN;4.0;3.1;187.0;12 / 21;71722;2018-11-09 17:38:49:771
7.661;-2.499;9.826;5.0;1.0;39.91;48.16287;11.55707;528.8;NaN;4.0;3.1;187.0;12 / 21;71822;2018-11-09 17:38:49:871
6.818;-2.365;9.069;6.0;1.0;39.91;48.16287;11.55707;528.8;NaN;4.0;3.1;187.0;12 / 21;71921;2018-11-09 17:38:49:970
5.995;-3.342;5.842;7.0;1.0;39.91;48.16287;11.55707;528.8;NaN;4.0;3.1;187.0;12 / 21;72021;2018-11-09 17:38:50:070
6.091;-2.968;7.575;14.0;1.0;41.96;48.16286;11.55707;527.8;NaN;3.8;3.0;187.5;12 / 21;72122;2018-11-09 17:38:50:171
7.767;-4.836;7.872;19.0;1.0;41.96;48.16286;11.55707;527.8;NaN;3.8;3.0;187.5;12 / 21;72221;2018-11-09 17:38:50:270
8.303;-4.941;7.537;9.0;1.0;41.96;48.16286;11.55707;527.8;NaN;3.8;3.0;187.5;12 / 21;72321;2018-11-09 17:38:50:370
8.849;-3.601;8.016;29.0;1.0;38.8;48.16286;11.55707;527.8;NaN;3.8;3.0;187.5;12 / 21;72421;2018-11-09 17:38:50:470
8.743;-4.568;5.602;10.0;1.0;38.8;48.16286;11.55707;527.8;NaN;3.8;3.0;187.5;12 / 21;72523;2018-11-09 17:38:50:572
6.684;-4.348;1.628;22.0;1.0;38.8;48.16286;11.55707;527.8;NaN;3.8;3.0;187.5;12 / 21;72621;2018-11-09 17:38:50:670
6.368;-4.031;5.334;18.0;1.0;40.87;48.16286;11.55707;527.8;NaN;3.8;3.0;187.5;12 / 21;72721;2018-11-09 17:38:50:770
6.138;-4.96;5.487;14.0;1.0;40.87;48.16286;11.55707;527.8;NaN;3.8;3.0;187.5;12 / 21;72821;2018-11-09 17:38:50:870
7.623;-5.707;5.621;22.0;1.0;40.87;48.16286;11.55707;527.8;NaN;3.8;3.0;187.5;12 / 21;72921;2018-11-09 17:38:50:970
9.644;-3.744;5.363;17.0;1.0;43.11;48.16286;11.55707;527.8;NaN;3.8;3.0;187.5;12 / 21;73021;2018-11-09 17:38:51:070
7.805;-2.949;9.261;20.0;1.0;43.11;48.16285;11.55708;527.4;NaN;3.3;3.0;181.4;12 / 21;73122;2018-11-09 17:38:51:171
6.684;-3.007;5.755;10.0;1.0;43.11;48.16285;11.55708;527.4;NaN;3.3;3.0;181.4;12 / 21;73222;2018-11-09 17:38:51:271
6.253;-2.595;6.397;11.0;1.0;37.42;48.16285;11.55708;527.4;NaN;3.3;3.0;181.4;12 / 21;73322;2018-11-09 17:38:51:371
8.657;-2.815;7.881;23.0;1.0;37.42;48.16285;11.55708;527.4;NaN;3.3;3.0;181.4;12 / 21;73422;2018-11-09 17:38:51:471
10.065;-3.744;7.958;6.0;1.0;37.42;48.16285;11.55708;527.4;NaN;3.3;3.0;181.4;12 / 21;73522;2018-11-09 17:38:51:571
10.352;-3.629;5.391;9.0;1.0;36.02;48.16285;11.55708;527.4;NaN;3.3;3.0;181.4;12 / 21;73622;2018-11-09 17:38:51:671
11.664;-2.557;8.743;10.0;1.0;36.02;48.16285;11.55708;527.4;NaN;3.3;3.0;181.4;12 / 21;73722;2018-11-09 17:38:51:771
13.647;-2.796;15.38;14.0;1.0;36.02;48.16285;11.55708;527.4;NaN;3.3;3.0;181.4;12 / 21;73822;2018-11-09 17:38:51:871
4.166;-6.081;-4.328;10.0;1.0;37.15;48.16285;11.55708;527.4;NaN;3.3;3.0;181.4;12 / 21;73922;2018-11-09 17:38:51:971
2.068;-2.423;1.015;4.0;1.0;37.15;48.16285;11.55708;527.4;NaN;3.3;3.0;181.4;12 / 21;74022;2018-11-09 17:38:52:071
3.045;-2.413;2.595;19.0;1.0;37.15;48.16283;11.55707;526.6;NaN;4.1;2.9;187.1;12 / 21;74125;2018-11-09 17:38:52:174
7.652;-7.202;-2.001;19.0;1.0;39.61;48.16283;11.55707;526.6;NaN;4.1;2.9;187.1;12 / 21;74225;2018-11-09 17:38:52:274
9.088;-14.643;0.9;11.0;1.0;39.61;48.16283;11.55707;526.6;NaN;4.1;2.9;187.1;12 / 21;74322;2018-11-09 17:38:52:371
6.972;-7.575;17.957;19.0;1.0;39.61;48.16283;11.55707;526.6;NaN;4.1;2.9;187.1;12 / 21;74422;2018-11-09 17:38:52:471
7.767;-2.49;10.917;16.0;1.0;39.61;48.16283;11.55707;526.6;NaN;4.1;2.9;187.1;12 / 21;74522;2018-11-09 17:38:52:571
6.234;-3.696;5.851;29.0;1.0;47.74;48.16283;11.55707;526.6;NaN;4.1;2.9;187.1;12 / 21;74622;2018-11-09 17:38:52:671
9.28;-5.229;9.174;30.0;1.0;47.74;48.16283;11.55707;526.6;NaN;4.1;2.9;187.1;12 / 21;74722;2018-11-09 17:38:52:771
8.188;-5.104;7.565;16.0;1.0;47.74;48.16283;11.55707;526.6;NaN;4.1;2.9;187.1;12 / 21;74821;2018-11-09 17:38:52:870
8.494;-4.395;4.328;11.0;1.0;41.49;48.16283;11.55707;526.6;NaN;4.1;2.9;187.1;12 / 21;74921;2018-11-09 17:38:52:970
8.992;-5.286;5.803;5.0;1.0;41.49;48.16283;11.55707;526.6;NaN;4.1;2.9;187.1;12 / 21;75021;2018-11-09 17:38:53:070
8.696;-4.28;4.261;5.0;1.0;41.49;48.16281;11.55707;526.8;NaN;5.5;2.9;188.1;12 / 21;75121;2018-11-09 17:38:53:170
6.502;-5.794;3.486;7.0;1.0;46.76;48.16281;11.55707;526.8;NaN;5.5;2.9;188.1;12 / 21;75222;2018-11-09 17:38:53:271
5.822;-6.416;3.782;15.0;1.0;46.76;48.16281;11.55707;526.8;NaN;5.5;2.9;188.1;12 / 21;75322;2018-11-09 17:38:53:371
6.196;-7.968;3.802;13.0;1.0;46.76;48.16281;11.55707;526.8;NaN;5.5;2.9;188.1;12 / 21;75422;2018-11-09 17:38:53:471
8.571;-5.219;7.68;0.0;1.0;40.59;48.16281;11.55707;526.8;NaN;5.5;2.9;188.1;12 / 21;75521;2018-11-09 17:38:53:570
7.69;-4.395;7.192;21.0;1.0;40.59;48.16281;11.55707;526.8;NaN;5.5;2.9;188.1;12 / 21;75621;2018-11-09 17:38:53:670
6.704;-2.988;5.612;20.0;1.0;40.59;48.16281;11.55707;526.8;NaN;5.5;2.9;188.1;12 / 21;75721;2018-11-09 17:38:53:770
7.46;-3.38;6.454;8.0;1.0;40.18;48.16281;11.55707;526.8;NaN;5.5;2.9;188.1;12 / 21;75821;2018-11-09 17:38:53:870
9.261;-5.305;6.311;18.0;1.0;40.18;48.16281;11.55707;526.8;NaN;5.5;2.9;188.1;12 / 21;75921;2018-11-09 17:38:53:970
9.768;-7.192;6.608;14.0;1.0;40.18;48.16281;11.55707;526.8;NaN;5.5;2.9;188.1;12 / 21;76021;2018-11-09 17:38:54:070
9.921;-4.587;3.993;17.0;1.0;39.13;48.16281;11.55707;526.8;NaN;5.5;2.9;188.1;12 / 21;76121;2018-11-09 17:38:54:170
7.652;-4.884;5.736;17.0;1.0;39.13;48.1628;11.55706;527.0;NaN;6.0;2.9;207.1;12 / 21;76221;2018-11-09 17:38:54:270
7.498;-4.386;5.516;13.0;1.0;39.13;48.1628;11.55706;527.0;NaN;6.0;2.9;207.1;12 / 21;76321;2018-11-09 17:38:54:370
5.803;-4.807;3.237;22.0;1.0;38.55;48.1628;11.55706;527.0;NaN;6.0;2.9;207.1;12 / 21;76421;2018-11-09 17:38:54:470
4.884;-6.34;3.361;5.0;1.0;38.55;48.1628;11.55706;527.0;NaN;6.0;2.9;207.1;12 / 21;76521;2018-11-09 17:38:54:570
7.69;-7.661;5.688;21.0;1.0;38.55;48.1628;11.55706;527.0;NaN;6.0;2.9;207.1;12 / 21;76621;2018-11-09 17:38:54:670
8.523;-4.223;7.249;27.0;1.0;49.51;48.1628;11.55706;527.0;NaN;6.0;2.9;207.1;12 / 21;76721;2018-11-09 17:38:54:770
9.012;-4.376;6.627;35.0;1.0;49.51;48.1628;11.55706;527.0;NaN;6.0;2.9;207.1;12 / 21;76821;2018-11-09 17:38:54:870
7.23;-3.256;5.937;24.0;1.0;49.51;48.1628;11.55706;527.0;NaN;6.0;2.9;207.1;12 / 21;76921;2018-11-09 17:38:54:970
6.78;-3.888;4.913;17.0;1.0;48.26;48.1628;11.55706;527.0;NaN;6.0;2.9;207.1;12 / 21;77021;2018-11-09 17:38:55:070
9.184;-4.625;6.771;16.0;1.0;48.26;48.1628;11.55706;527.0;NaN;6.0;2.9;207.1;12 / 21;77121;2018-11-09 17:38:55:170
10.611;-7.431;6.378;11.0;1.0;48.26;48.1628;11.55706;527.0;NaN;6.0;2.9;207.1;12 / 21;77221;2018-11-09 17:38:55:270
8.561;-5.075;5.363;21.0;1.0;44.25;48.1628;11.55706;527.0;NaN;6.0;2.9;207.1;12 / 21;77321;2018-11-09 17:38:55:370
7.403;-5.372;4.022;18.0;1.0;44.25;48.1628;11.55705;527.4;NaN;2.4;2.9;224.3;12 / 21;77421;2018-11-09 17:38:55:470
7.652;-5.028;5.286;15.0;1.0;44.25;48.1628;11.55705;527.4;NaN;2.4;2.9;224.3;12 / 21;77522;2018-11-09 17:38:55:571
5.085;-5.008;2.921;15.0;1.0;42.53;48.1628;11.55705;527.4;NaN;2.4;2.9;224.3;12 / 21;77622;2018-11-09 17:38:55:671
4.692;-6.34;3.495;29.0;1.0;42.53;48.1628;11.55705;527.4;NaN;2.4;2.9;224.3;12 / 21;77722;2018-11-09 17:38:55:771
6.091;-7.709;6.589;19.0;1.0;42.53;48.1628;11.55705;527.4;NaN;2.4;2.9;224.3;12 / 21;77822;2018-11-09 17:38:55:871
10.506;-5.794;7.853;10.0;1.0;38.0;48.1628;11.55705;527.4;NaN;2.4;2.9;224.3;12 / 21;77922;2018-11-09 17:38:55:971
8.188;-3.217;7.498;7.0;1.0;38.0;48.1628;11.55705;527.4;NaN;2.4;2.9;224.3;12 / 21;78022;2018-11-09 17:38:56:071
6.32;-3.677;4.529;24.0;1.0;38.0;48.16279;11.55706;527.7;NaN;2.5;2.9;137.5;12 / 21;78121;2018-11-09 17:38:56:170
7.211;-3.313;6.742;16.0;1.0;37.27;48.16279;11.55706;527.7;NaN;2.5;2.9;137.5;12 / 21;78222;2018-11-09 17:38:56:271
8.724;-5.008;6.885;17.0;1.0;37.27;48.16279;11.55706;527.7;NaN;2.5;2.9;137.5;12 / 21;78322;2018-11-09 17:38:56:371
8.715;-6.407;6.799;17.0;1.0;37.27;48.16279;11.55706;527.7;NaN;2.5;2.9;137.5;12 / 21;78422;2018-11-09 17:38:56:471
7.623;-4.635;6.215;6.0;1.0;42.09;48.16279;11.55706;527.7;NaN;2.5;2.9;137.5;12 / 21;78522;2018-11-09 17:38:56:571
6.953;-4.146;5.545;12.0;1.0;42.09;48.16279;11.55706;527.7;NaN;2.5;2.9;137.5;12 / 21;78622;2018-11-09 17:38:56:671
6.244;-4.137;5.353;30.0;1.0;42.09;48.16279;11.55706;527.7;NaN;2.5;2.9;137.5;12 / 21;78722;2018-11-09 17:38:56:771
5.535;-4.204;2.796;9.0;1.0;45.66;48.16279;11.55706;527.7;NaN;2.5;2.9;137.5;12 / 21;78821;2018-11-09 17:38:56:870
5.803;-6.589;3.869;10.0;1.0;45.66;48.16279;11.55706;527.7;NaN;2.5;2.9;137.5;12 / 21;78921;2018-11-09 17:38:56:970
8.217;-7.182;6.713;21.0;1.0;45.66;48.16279;11.55706;527.7;NaN;2.5;2.9;137.5;12 / 21;79022;2018-11-09 17:38:57:071
8.887;-3.189;7.939;15.0;1.0;46.84;48.16279;11.55707;527.8;NaN;2.6;2.8;150.5;12 / 21;79122;2018-11-09 17:38:57:171
7.451;-3.304;6.866;23.0;1.0;46.84;48.16279;11.55707;527.8;NaN;2.6;2.8;150.5;12 / 21;79222;2018-11-09 17:38:57:271
6.617;-3.476;5.104;14.0;1.0;46.84;48.16279;11.55707;527.8;NaN;2.6;2.8;150.5;12 / 21;79322;2018-11-09 17:38:57:371
6.885;-3.275;6.531;7.0;1.0;43.89;48.16279;11.55707;527.8;NaN;2.6;2.8;150.5;12 / 21;79421;2018-11-09 17:38:57:470
8.159;-5.162;6.301;9.0;1.0;43.89;48.16279;11.55707;527.8;NaN;2.6;2.8;150.5;12 / 21;79521;2018-11-09 17:38:57:570
9.251;-5.056;7.834;4.0;1.0;43.89;48.16279;11.55707;527.8;NaN;2.6;2.8;150.5;12 / 21;79621;2018-11-09 17:38:57:670
9.395;-2.547;7.92;13.0;1.0;39.7;48.16279;11.55707;527.8;NaN;2.6;2.8;150.5;12 / 21;79721;2018-11-09 17:38:57:770
8.389;-5.152;6.043;14.0;1.0;39.7;48.16279;11.55707;527.8;NaN;2.6;2.8;150.5;12 / 21;79821;2018-11-09 17:38:57:870
8.351;-4.137;5.334;20.0;1.0;39.7;48.16279;11.55707;527.8;NaN;2.6;2.8;150.5;12 / 21;79921;2018-11-09 17:38:57:970
4.577;-3.543;4.376;24.0;1.0;43.49;48.16279;11.55707;527.8;NaN;2.6;2.8;150.5;12 / 21;80021;2018-11-09 17:38:58:070
4.357;-4.874;4.692;14.0;1.0;43.49;48.16278;11.55706;528.1;NaN;3.6;2.8;178.2;12 / 21;80121;2018-11-09 17:38:58:170
4.769;-5.296;5.526;22.0;1.0;43.49;48.16278;11.55706;528.1;NaN;3.6;2.8;178.2;12 / 21;80221;2018-11-09 17:38:58:270
8.36;-4.721;8.025;27.0;1.0;43.49;48.16278;11.55706;528.1;NaN;3.6;2.8;178.2;12 / 21;80321;2018-11-09 17:38:58:370
8.801;-3.984;7.7;5.0;1.0;39.29;48.16278;11.55706;528.1;NaN;3.6;2.8;178.2;12 / 21;80421;2018-11-09 17:38:58:470
7.163;-2.739;6.665;21.0;1.0;39.29;48.16278;11.55706;528.1;NaN;3.6;2.8;178.2;12 / 21;80521;2018-11-09 17:38:58:570
5.851;-2.758;6.598;23.0;1.0;39.29;48.16278;11.55706;528.1;NaN;3.6;2.8;178.2;12 / 21;80621;2018-11-09 17:38:58:670
8.494;-4.041;7.0;20.0;1.0;38.35;48.16278;11.55706;528.1;NaN;3.6;2.8;178.2;12 / 21;80722;2018-11-09 17:38:58:771
7.7;-3.897;8.389;2.0;1.0;38.35;48.16278;11.55706;528.1;NaN;3.6;2.8;178.2;12 / 21;80822;2018-11-09 17:38:58:871
9.328;-4.108;6.771;13.0;1.0;38.35;48.16278;11.55706;528.1;NaN;3.6;2.8;178.2;12 / 21;80921;2018-11-09 17:38:58:970
8.571;-2.825;7.077;19.0;1.0;56.0;48.16278;11.55706;528.1;NaN;3.6;2.8;178.2;12 / 21;81021;2018-11-09 17:38:59:070
8.523;-3.15;7.058;15.0;1.0;56.0;48.16277;11.55706;528.2;NaN;4.2;2.8;184.0;12 / 21;81121;2018-11-09 17:38:59:170
6.158;-3.016;5.162;7.0;1.0;56.0;48.16277;11.55706;528.2;NaN;4.2;2.8;184.0;12 / 21;81221;2018-11-09 17:38:59:270
3.189;-2.011;4.788;18.0;1.0;55.37;48.16277;11.55706;528.2;NaN;4.2;2.8;184.0;12 / 21;81321;2018-11-09 17:38:59:370
3.524;-2.566;7.154;9.0;1.0;55.37;48.16277;11.55706;528.2;NaN;4.2;2.8;184.0;12 / 21;81421;2018-11-09 17:38:59:470
8.447;-4.204;6.407;18.0;1.0;55.37;48.16277;11.55706;528.2;NaN;4.2;2.8;184.0;12 / 21;81521;2018-11-09 17:38:59:570
7.422;-2.806;7.441;5.0;1.0;50.45;48.16277;11.55706;528.2;NaN;4.2;2.8;184.0;12 / 21;81622;2018-11-09 17:38:59:671
7.747;-2.403;7.901;7.0;1.0;50.45;48.16277;11.55706;528.2;NaN;4.2;2.8;184.0;12 / 21;81722;2018-11-09 17:38:59:771
8.092;-1.541;6.512;5.0;1.0;50.45;48.16277;11.55706;528.2;NaN;4.2;2.8;184.0;12 / 21;81822;2018-11-09 17:38:59:871
7.326;-1.063;8.188;11.0;1.0;53.99;48.16277;11.55706;528.2;NaN;4.2;2.8;184.0;12 / 21;81922;2018-11-09 17:38:59:971
7.403;-1.685;10.64;17.0;1.0;53.99;48.16277;11.55706;528.2;NaN;4.2;2.8;184.0;12 / 21;82022;2018-11-09 17:39:00:071
9.826;-3.907;6.742;0.0;1.0;53.99;48.16276;11.55706;528.6;NaN;3.6;2.8;178.6;12 / 21;82122;2018-11-09 17:39:00:171
9.529;-3.17;4.395;20.0;1.0;46.47;48.16276;11.55706;528.6;NaN;3.6;2.8;178.6;12 / 21;82222;2018-11-09 17:39:00:271
8.954;-2.078;10.554;15.0;1.0;46.47;48.16276;11.55706;528.6;NaN;3.6;2.8;178.6;12 / 21;82322;2018-11-09 17:39:00:371
7.795;-1.474;6.991;25.0;1.0;46.47;48.16276;11.55706;528.6;NaN;3.6;2.8;178.6;12 / 21;82422;2018-11-09 17:39:00:471
5.842;-3.926;3.83;15.0;1.0;48.94;48.16276;11.55706;528.6;NaN;3.6;2.8;178.6;12 / 21;82522;2018-11-09 17:39:00:571
4.558;-3.668;5.047;18.0;1.0;48.94;48.16276;11.55706;528.6;NaN;3.6;2.8;178.6;12 / 21;82622;2018-11-09 17:39:00:671
6.062;-5.909;6.522;7.0;1.0;48.94;48.16276;11.55706;528.6;NaN;3.6;2.8;178.6;12 / 21;82721;2018-11-09 17:39:00:770
8.092;-2.557;8.514;28.0;1.0;46.54;48.16276;11.55706;528.6;NaN;3.6;2.8;178.6;12 / 21;82821;2018-11-09 17:39:00:870
7.671;-3.658;7.987;16.0;1.0;46.54;48.16276;11.55706;528.6;NaN;3.6;2.8;178.6;12 / 21;82921;2018-11-09 17:39:00:970
6.234;-2.911;4.194;4.0;1.0;46.54;48.16276;11.55706;528.6;NaN;3.6;2.8;178.6;12 / 21;83021;2018-11-09 17:39:01:070
6.943;-0.852;8.839;21.0;1.0;49.18;48.16276;11.55706;528.6;NaN;3.6;2.8;178.6;12 / 21;83121;2018-11-09 17:39:01:170
10.084;-2.116;9.04;19.0;1.0;49.18;48.16275;11.55706;528.8;NaN;3.1;2.8;177.4;12 / 21;83221;2018-11-09 17:39:01:270
12.335;-3.352;7.92;21.0;1.0;49.18;48.16275;11.55706;528.8;NaN;3.1;2.8;177.4;12 / 21;83322;2018-11-09 17:39:01:371
8.6;-4.482;5.458;25.0;1.0;53.54;48.16275;11.55706;528.8;NaN;3.1;2.8;177.4;12 / 21;83422;2018-11-09 17:39:01:471
6.905;-3.035;5.516;17.0;1.0;53.54;48.16275;11.55706;528.8;NaN;3.1;2.8;177.4;12 / 21;83521;2018-11-09 17:39:01:570
6.205;-3.897;6.244;6.0;1.0;53.54;48.16275;11.55706;528.8;NaN;3.1;2.8;177.4;12 / 21;83621;2018-11-09 17:39:01:670
7.039;-4.673;4.664;11.0;1.0;49.26;48.16275;11.55706;528.8;NaN;3.1;2.8;177.4;12 / 21;83721;2018-11-09 17:39:01:770
5.248;-4.271;3.514;19.0;1.0;49.26;48.16275;11.55706;528.8;NaN;3.1;2.8;177.4;12 / 21;83821;2018-11-09 17:39:01:870
6.32;-7.24;5.085;32.0;1.0;49.26;48.16275;11.55706;528.8;NaN;3.1;2.8;177.4;12 / 21;83921;2018-11-09 17:39:01:970
8.37;-3.735;7.958;18.0;1.0;59.2;48.16275;11.55706;528.8;NaN;3.1;2.8;177.4;12 / 21;84021;2018-11-09 17:39:02:070
8.102;-1.704;7.939;42.0;1.0;59.2;48.16275;11.55706;529.3;NaN;3.1;2.8;170.9;12 / 21;84121;2018-11-09 17:39:02:170
7.067;-3.486;3.419;28.0;1.0;59.2;48.16275;11.55706;529.3;NaN;3.1;2.8;170.9;12 / 21;84221;2018-11-09 17:39:02:270
7.336;-3.39;7.68;32.0;1.0;48.83;48.16275;11.55706;529.3;NaN;3.1;2.8;170.9;12 / 21;84321;2018-11-09 17:39:02:370
10.18;-5.305;8.724;37.0;1.0;48.83;48.16275;11.55706;529.3;NaN;3.1;2.8;170.9;12 / 21;84421;2018-11-09 17:39:02:470
9.404;-3.878;5.736;21.0;1.0;48.83;48.16275;11.55706;529.3;NaN;3.1;2.8;170.9;12 / 21;84521;2018-11-09 17:39:02:570
7.134;-4.711;5.746;28.0;1.0;44.87;48.16275;11.55706;529.3;NaN;3.1;2.8;170.9;12 / 21;84621;2018-11-09 17:39:02:670
6.043;-3.869;3.811;45.0;1.0;44.87;48.16275;11.55706;529.3;NaN;3.1;2.8;170.9;12 / 21;84721;2018-11-09 17:39:02:770
5.602;-4.233;4.012;20.0;1.0;44.87;48.16275;11.55706;529.3;NaN;3.1;2.8;170.9;12 / 21;84821;2018-11-09 17:39:02:870
7.767;-5.727;5.631;5.0;1.0;49.2;48.16275;11.55706;529.3;NaN;3.1;2.8;170.9;12 / 21;84921;2018-11-09 17:39:02:970
6.847;-6.052;5.43;10.0;1.0;49.2;48.16275;11.55706;529.3;NaN;3.1;2.8;170.9;12 / 21;85022;2018-11-09 17:39:03:071
5.679;-3.926;7.795;30.0;1.0;49.2;48.16274;11.55706;529.5;NaN;3.7;2.8;178.9;12 / 21;85122;2018-11-09 17:39:03:171
6.646;-3.131;5.765;47.0;1.0;44.57;48.16274;11.55706;529.5;NaN;3.7;2.8;178.9;12 / 21;85222;2018-11-09 17:39:03:271
5.449;-3.083;6.502;42.0;1.0;44.57;48.16274;11.55706;529.5;NaN;3.7;2.8;178.9;12 / 21;85322;2018-11-09 17:39:03:371
7.249;-4.597;6.914;36.0;1.0;44.57;48.16274;11.55706;529.5;NaN;3.7;2.8;178.9;12 / 21;85422;2018-11-09 17:39:03:471
8.676;-3.811;7.47;36.0;1.0;48.95;48.16274;11.55706;529.5;NaN;3.7;2.8;178.9;12 / 21;85522;2018-11-09 17:39:03:571
10.439;-3.955;6.263;32.0;1.0;48.95;48.16274;11.55706;529.5;NaN;3.7;2.8;178.9;12 / 21;85621;2018-11-09 17:39:03:670
7.489;-2.834;6.454;29.0;1.0;48.95;48.16274;11.55706;529.5;NaN;3.7;2.8;178.9;12 / 21;85721;2018-11-09 17:39:03:770
6.636;-3.859;5.937;23.0;1.0;48.83;48.16274;11.55706;529.5;NaN;3.7;2.8;178.9;12 / 21;85821;2018-11-09 17:39:03:870
6.435;-3.629;5.277;44.0;1.0;48.83;48.16274;11.55706;529.5;NaN;3.7;2.8;178.9;12 / 21;85921;2018-11-09 17:39:03:970
7.211;-5.066;4.884;16.0;1.0;48.83;48.16274;11.55706;529.5;NaN;3.7;2.8;178.9;12 / 21;86021;2018-11-09 17:39:04:070
7.048;-4.75;6.684;1.0;1.0;47.61;48.16273;11.55706;529.9;NaN;3.8;2.8;180.0;12 / 21;86121;2018-11-09 17:39:04:170
6.148;-0.928;8.868;12.0;1.0;47.61;48.16273;11.55706;529.9;NaN;3.8;2.8;180.0;12 / 21;86221;2018-11-09 17:39:04:270
6.732;-1.283;8.81;33.0;1.0;47.61;48.16273;11.55706;529.9;NaN;3.8;2.8;180.0;12 / 21;86322;2018-11-09 17:39:04:371
6.78;-2.049;5.478;23.0;1.0;41.72;48.16273;11.55706;529.9;NaN;3.8;2.8;180.0;12 / 21;86422;2018-11-09 17:39:04:471
6.234;-1.733;4.893;21.0;1.0;41.72;48.16273;11.55706;529.9;NaN;3.8;2.8;180.0;12 / 21;86522;2018-11-09 17:39:04:571
7.221;-2.557;6.445;19.0;1.0;41.72;48.16273;11.55706;529.9;NaN;3.8;2.8;180.0;12 / 21;86622;2018-11-09 17:39:04:671
8.973;-1.934;7.489;7.0;1.0;40.88;48.16273;11.55706;529.9;NaN;3.8;2.8;180.0;12 / 21;86722;2018-11-09 17:39:04:771
7.795;-0.766;8.111;6.0;1.0;40.88;48.16273;11.55706;529.9;NaN;3.8;2.8;180.0;12 / 21;86822;2018-11-09 17:39:04:871
7.163;-2.011;6.253;32.0;1.0;40.88;48.16273;11.55706;529.9;NaN;3.8;2.8;180.0;12 / 21;86922;2018-11-09 17:39:04:971
5.621;-1.877;6.282;32.0;1.0;43.31;48.16273;11.55706;529.9;NaN;3.8;2.8;180.0;12 / 21;87022;2018-11-09 17:39:05:071
4.817;-1.312;8.312;52.0;1.0;43.31;48.16272;11.55706;530.2;NaN;4.4;2.8;190.7;12 / 21;87122;2018-11-09 17:39:05:171
7.767;-3.543;8.38;38.0;1.0;43.31;48.16272;11.55706;530.2;NaN;4.4;2.8;190.7;12 / 21;87222;2018-11-09 17:39:05:271
9.557;-4.702;5.391;54.0;1.0;43.22;48.16272;11.55706;530.2;NaN;4.4;2.8;190.7;12 / 21;87322;2018-11-09 17:39:05:371
7.632;-5.411;4.711;32.0;1.0;43.22;48.16272;11.55706;530.2;NaN;4.4;2.8;190.7;12 / 21;87422;2018-11-09 17:39:05:471
4.903;-4.252;3.466;48.0;1.0;43.22;48.16272;11.55706;530.2;NaN;4.4;2.8;190.7;12 / 21;87521;2018-11-09 17:39:05:570
5.66;-3.399;4.271;30.0;1.0;41.25;48.16272;11.55706;530.2;NaN;4.4;2.8;190.7;12 / 21;87621;2018-11-09 17:39:05:670
6.225;-2.643;7.747;53.0;1.0;41.25;48.16272;11.55706;530.2;NaN;4.4;2.8;190.7;12 / 21;87721;2018-11-09 17:39:05:770
8.715;-3.648;7.489;50.0;1.0;41.25;48.16272;11.55706;530.2;NaN;4.4;2.8;190.7;12 / 21;87822;2018-11-09 17:39:05:871
10.774;-3.217;8.485;40.0;1.0;48.05;48.16272;11.55706;530.2;NaN;4.4;2.8;190.7;12 / 21;87922;2018-11-09 17:39:05:971
7.814;-3.39;6.282;33.0;1.0;48.05;48.16272;11.55706;530.2;NaN;4.4;2.8;190.7;12 / 21;88025;2018-11-09 17:39:06:074
6.742;-2.978;5.516;29.0;1.0;48.05;48.16271;11.55707;530.6;NaN;4.8;2.8;199.2;12 / 21;88122;2018-11-09 17:39:06:171
6.387;-3.486;5.391;8.0;1.0;50.04;48.16271;11.55707;530.6;NaN;4.8;2.8;199.2;12 / 21;88222;2018-11-09 17:39:06:271
6.953;-4.405;3.696;15.0;1.0;50.04;48.16271;11.55707;530.6;NaN;4.8;2.8;199.2;12 / 21;88322;2018-11-09 17:39:06:371
6.838;-5.669;5.746;20.0;1.0;50.04;48.16271;11.55707;530.6;NaN;4.8;2.8;199.2;12 / 21;88422;2018-11-09 17:39:06:471
7.269;-4.97;6.138;18.0;1.0;50.2;48.16271;11.55707;530.6;NaN;4.8;2.8;199.2;12 / 21;88521;2018-11-09 17:39:06:570
6.225;-4.108;7.0;23.0;1.0;50.2;48.16271;11.55707;530.6;NaN;4.8;2.8;199.2;12 / 21;88621;2018-11-09 17:39:06:670
7.451;-3.035;6.809;32.0;1.0;50.2;48.16271;11.55707;530.6;NaN;4.8;2.8;199.2;12 / 21;88721;2018-11-09 17:39:06:770
6.962;-3.342;5.075;52.0;1.0;43.27;48.16271;11.55707;530.6;NaN;4.8;2.8;199.2;12 / 21;88821;2018-11-09 17:39:06:870
7.01;-3.514;7.067;46.0;1.0;43.27;48.16271;11.55707;530.6;NaN;4.8;2.8;199.2;12 / 21;88921;2018-11-09 17:39:06:970
8.389;-5.104;6.311;51.0;1.0;43.27;48.16271;11.55707;530.6;NaN;4.8;2.8;199.2;12 / 21;89021;2018-11-09 17:39:07:070
9.692;-5.889;6.981;40.0;1.0;52.42;48.1627;11.55707;530.3;NaN;3.8;2.7;188.6;12 / 21;89121;2018-11-09 17:39:07:170
8.351;-2.853;7.192;33.0;1.0;52.42;48.1627;11.55707;530.3;NaN;3.8;2.7;188.6;12 / 21;89221;2018-11-09 17:39:07:270
7.403;-5.142;4.692;28.0;1.0;52.42;48.1627;11.55707;530.3;NaN;3.8;2.7;188.6;12 / 21;89323;2018-11-09 17:39:07:372
6.091;-3.888;4.759;15.0;1.0;52.42;48.1627;11.55707;530.3;NaN;3.8;2.7;188.6;12 / 21;89423;2018-11-09 17:39:07:472
5.056;-4.491;3.572;11.0;1.0;49.84;48.1627;11.55707;530.3;NaN;3.8;2.7;188.6;12 / 21;89522;2018-11-09 17:39:07:571
7.067;-6.158;5.554;16.0;1.0;49.84;48.1627;11.55707;530.3;NaN;3.8;2.7;188.6;12 / 21;89622;2018-11-09 17:39:07:671
7.728;-4.769;5.497;21.0;1.0;49.84;48.1627;11.55707;530.3;NaN;3.8;2.7;188.6;12 / 21;89722;2018-11-09 17:39:07:771
6.838;-4.405;7.594;6.0;1.0;53.77;48.1627;11.55707;530.3;NaN;3.8;2.7;188.6;12 / 21;89822;2018-11-09 17:39:07:871
6.512;-3.352;5.526;29.0;1.0;53.77;48.1627;11.55707;530.3;NaN;3.8;2.7;188.6;12 / 21;89922;2018-11-09 17:39:07:971
6.273;-3.457;6.148;20.0;1.0;53.77;48.1627;11.55707;530.3;NaN;3.8;2.7;188.6;12 / 21;90022;2018-11-09 17:39:08:071
6.905;-4.261;7.297;29.0;1.0;50.79;48.1627;11.55706;530.0;NaN;2.9;2.7;198.9;12 / 21;90122;2018-11-09 17:39:08:171
8.255;-5.075;6.646;22.0;1.0;50.79;48.1627;11.55706;530.0;NaN;2.9;2.7;198.9;12 / 21;90222;2018-11-09 17:39:08:271
9.452;-4.213;5.296;54.0;1.0;50.79;48.1627;11.55706;530.0;NaN;2.9;2.7;198.9;12 / 21;90322;2018-11-09 17:39:08:371
7.594;-4.434;5.104;39.0;1.0;49.46;48.1627;11.55706;530.0;NaN;2.9;2.7;198.9;12 / 21;90422;2018-11-09 17:39:08:471
7.824;-2.853;6.905;6.0;1.0;49.46;48.1627;11.55706;530.0;NaN;2.9;2.7;198.9;12 / 21;90522;2018-11-09 17:39:08:571
7.249;-3.917;5.133;8.0;1.0;49.46;48.1627;11.55706;530.0;NaN;2.9;2.7;198.9;12 / 21;90622;2018-11-09 17:39:08:671
5.727;-4.855;3.964;22.0;1.0;51.68;48.1627;11.55706;530.0;NaN;2.9;2.7;198.9;12 / 21;90722;2018-11-09 17:39:08:771
6.129;-5.688;5.87;22.0;1.0;51.68;48.1627;11.55706;530.0;NaN;2.9;2.7;198.9;12 / 21;90822;2018-11-09 17:39:08:871
6.723;-4.434;6.723;10.0;1.0;51.68;48.1627;11.55706;530.0;NaN;2.9;2.7;198.9;12 / 21;90922;2018-11-09 17:39:08:971
7.0;-3.361;8.255;22.0;1.0;47.14;48.1627;11.55706;530.0;NaN;2.9;2.7;198.9;12 / 21;91022;2018-11-09 17:39:09:071
6.56;-2.853;5.315;35.0;1.0;47.14;48.16269;11.55706;529.7;NaN;2.4;2.7;200.5;12 / 21;91122;2018-11-09 17:39:09:171
4.932;-2.413;6.684;51.0;1.0;47.14;48.16269;11.55706;529.7;NaN;2.4;2.7;200.5;12 / 21;91222;2018-11-09 17:39:09:271
8.293;-2.49;7.987;52.0;1.0;53.89;48.16269;11.55706;529.7;NaN;2.4;2.7;200.5;12 / 21;91322;2018-11-09 17:39:09:371
11.76;-1.723;10.295;50.0;1.0;53.89;48.16269;11.55706;529.7;NaN;2.4;2.7;200.5;12 / 21;91422;2018-11-09 17:39:09:471
9.672;-3.447;6.186;50.0;1.0;53.89;48.16269;11.55706;529.7;NaN;2.4;2.7;200.5;12 / 21;91522;2018-11-09 17:39:09:571
8.494;-2.355;7.067;54.0;1.0;50.14;48.16269;11.55706;529.7;NaN;2.4;2.7;200.5;12 / 21;91621;2018-11-09 17:39:09:670
6.751;-2.068;5.449;29.0;1.0;50.14;48.16269;11.55706;529.7;NaN;2.4;2.7;200.5;12 / 21;91721;2018-11-09 17:39:09:770
7.067;-4.711;4.922;34.0;1.0;50.14;48.16269;11.55706;529.7;NaN;2.4;2.7;200.5;12 / 21;91821;2018-11-09 17:39:09:870
7.134;-4.96;6.273;8.0;1.0;55.86;48.16269;11.55706;529.7;NaN;2.4;2.7;200.5;12 / 21;91921;2018-11-09 17:39:09:970
7.249;-6.359;5.267;16.0;1.0;55.86;48.16269;11.55706;529.7;NaN;2.4;2.7;200.5;12 / 21;92021;2018-11-09 17:39:10:070
6.426;-3.131;8.188;9.0;1.0;55.86;48.16269;11.55706;529.7;NaN;2.4;2.7;200.5;12 / 21;92122;2018-11-09 17:39:10:171
6.79;-3.553;6.483;31.0;1.0;54.16;48.16269;11.55705;529.8;NaN;0.0;2.7;200.5;12 / 21;92222;2018-11-09 17:39:10:271
5.267;-2.461;6.167;28.0;1.0;54.16;48.16269;11.55705;529.8;NaN;0.0;2.7;200.5;12 / 21;92322;2018-11-09 17:39:10:371
6.809;-2.011;9.902;26.0;1.0;54.16;48.16269;11.55705;529.8;NaN;0.0;2.7;200.5;12 / 21;92422;2018-11-09 17:39:10:471
11.406;-1.886;10.86;35.0;1.0;56.93;48.16269;11.55705;529.8;NaN;0.0;2.7;200.5;12 / 21;92522;2018-11-09 17:39:10:571
10.046;-1.283;10.391;19.0;1.0;56.93;48.16269;11.55705;529.8;NaN;0.0;2.7;200.5;12 / 21;92621;2018-11-09 17:39:10:670
9.653;-4.874;8.169;37.0;1.0;56.93;48.16269;11.55705;529.8;NaN;0.0;2.7;200.5;12 / 21;92721;2018-11-09 17:39:10:770
9.778;-1.934;7.202;58.0;1.0;56.83;48.16269;11.55705;529.8;NaN;0.0;2.7;200.5;12 / 21;92821;2018-11-09 17:39:10:870
7.604;-2.624;3.687;37.0;1.0;56.83;48.16269;11.55705;529.8;NaN;0.0;2.7;200.5;12 / 21;92921;2018-11-09 17:39:10:970
11.157;-1.063;2.988;17.0;1.0;56.83;48.16269;11.55705;529.8;NaN;0.0;2.7;200.5;12 / 21;93021;2018-11-09 17:39:11:070
8.245;2.327;3.457;23.0;1.0;48.71;48.16267;11.55703;529.6;NaN;4.9;2.7;210.2;12 / 21;93122;2018-11-09 17:39:11:171
3.275;3.572;5.746;24.0;1.0;48.71;48.16267;11.55703;529.6;NaN;4.9;2.7;210.2;12 / 21;93222;2018-11-09 17:39:11:271
1.714;4.683;6.445;5.0;1.0;48.71;48.16267;11.55703;529.6;NaN;4.9;2.7;210.2;12 / 21;93322;2018-11-09 17:39:11:371
2.806;5.439;4.941;10.0;1.0;46.69;48.16267;11.55703;529.6;NaN;4.9;2.7;210.2;12 / 21;93422;2018-11-09 17:39:11:471
4.51;7.518;4.769;7.0;1.0;46.69;48.16267;11.55703;529.6;NaN;4.9;2.7;210.2;12 / 21;93522;2018-11-09 17:39:11:571
6.531;7.805;5.018;8.0;1.0;46.69;48.16267;11.55703;529.6;NaN;4.9;2.7;210.2;12 / 21;93621;2018-11-09 17:39:11:670
6.924;8.389;5.775;5.0;1.0;46.69;48.16267;11.55703;529.6;NaN;4.9;2.7;210.2;12 / 21;93721;2018-11-09 17:39:11:770
6.828;5.727;3.476;26.0;1.0;45.49;48.16267;11.55703;529.6;NaN;4.9;2.7;210.2;12 / 21;93822;2018-11-09 17:39:11:871
4.606;4.788;3.945;14.0;1.0;45.49;48.16267;11.55703;529.6;NaN;4.9;2.7;210.2;12 / 21;93921;2018-11-09 17:39:11:970
4.98;6.387;5.037;16.0;1.0;45.49;48.16267;11.55703;529.6;NaN;4.9;2.7;210.2;12 / 21;94021;2018-11-09 17:39:12:070
5.286;6.32;7.182;22.0;1.0;49.04;48.16265;11.55703;529.5;NaN;4.8;2.7;209.4;12 / 21;94121;2018-11-09 17:39:12:170
7.613;6.608;7.987;22.0;1.0;49.04;48.16265;11.55703;529.5;NaN;4.8;2.7;209.4;12 / 21;94221;2018-11-09 17:39:12:270
7.652;4.415;7.403;25.0;1.0;49.04;48.16265;11.55703;529.5;NaN;4.8;2.7;209.4;12 / 21;94321;2018-11-09 17:39:12:370
4.137;2.365;3.945;4.0;1.0;48.77;48.16265;11.55703;529.5;NaN;4.8;2.7;209.4;12 / 21;94421;2018-11-09 17:39:12:470
3.122;5.449;7.824;20.0;1.0;48.77;48.16265;11.55703;529.5;NaN;4.8;2.7;209.4;12 / 21;94521;2018-11-09 17:39:12:570
2.384;5.487;7.211;17.0;1.0;48.77;48.16265;11.55703;529.5;NaN;4.8;2.7;209.4;12 / 21;94622;2018-11-09 17:39:12:671
2.681;6.435;9.146;26.0;1.0;49.36;48.16265;11.55703;529.5;NaN;4.8;2.7;209.4;12 / 21;94721;2018-11-09 17:39:12:770
2.078;5.095;9.95;12.0;1.0;49.36;48.16265;11.55703;529.5;NaN;4.8;2.7;209.4;12 / 21;94822;2018-11-09 17:39:12:871
-0.861;3.466;10.764;29.0;1.0;49.36;48.16265;11.55703;529.5;NaN;4.8;2.7;209.4;12 / 21;94922;2018-11-09 17:39:12:971
0.047;2.346;6.713;22.0;1.0;47.55;48.16265;11.55703;529.5;NaN;4.8;2.7;209.4;12 / 21;95022;2018-11-09 17:39:13:071
-0.086;4.07;9.921;18.0;1.0;47.55;48.16265;11.55702;529.4;NaN;4.9;2.8;207.4;12 / 21;95122;2018-11-09 17:39:13:171
0.21;3.85;8.389;26.0;1.0;47.55;48.16265;11.55702;529.4;NaN;4.9;2.8;207.4;12 / 21;95222;2018-11-09 17:39:13:271
0.363;4.568;8.705;9.0;1.0;50.12;48.16265;11.55702;529.4;NaN;4.9;2.8;207.4;12 / 21;95322;2018-11-09 17:39:13:371
1.494;3.189;9.088;22.0;1.0;50.12;48.16265;11.55702;529.4;NaN;4.9;2.8;207.4;12 / 21;95422;2018-11-09 17:39:13:471
-0.354;4.108;10.247;21.0;1.0;50.12;48.16265;11.55702;529.4;NaN;4.9;2.8;207.4;12 / 21;95522;2018-11-09 17:39:13:571
0.766;1.905;6.359;15.0;1.0;48.25;48.16265;11.55702;529.4;NaN;4.9;2.8;207.4;12 / 21;95622;2018-11-09 17:39:13:671
0.392;2.48;8.054;31.0;1.0;48.25;48.16265;11.55702;529.4;NaN;4.9;2.8;207.4;12 / 21;95721;2018-11-09 17:39:13:770
-0.306;3.811;8.255;28.0;1.0;48.25;48.16265;11.55702;529.4;NaN;4.9;2.8;207.4;12 / 21;95822;2018-11-09 17:39:13:871
-0.852;5.133;8.092;16.0;1.0;44.75;48.16265;11.55702;529.4;NaN;4.9;2.8;207.4;12 / 21;95922;2018-11-09 17:39:13:971
1.503;3.189;10.324;11.0;1.0;44.75;48.16265;11.55702;529.4;NaN;4.9;2.8;207.4;12 / 21;96021;2018-11-09 17:39:14:070
0.22;3.83;11.138;9.0;1.0;44.75;48.16264;11.55702;529.0;NaN;4.3;2.8;201.9;12 / 21;96121;2018-11-09 17:39:14:170
1.857;1.733;7.115;28.0;1.0;48.6;48.16264;11.55702;529.0;NaN;4.3;2.8;201.9;12 / 21;96222;2018-11-09 17:39:14:271
1.063;2.528;7.163;15.0;1.0;48.6;48.16264;11.55702;529.0;NaN;4.3;2.8;201.9;12 / 21;96322;2018-11-09 17:39:14:371
0.574;3.706;9.088;28.0;1.0;48.6;48.16264;11.55702;529.0;NaN;4.3;2.8;201.9;12 / 21;96421;2018-11-09 17:39:14:470
0.488;4.079;9.241;14.0;1.0;48.61;48.16264;11.55702;529.0;NaN;4.3;2.8;201.9;12 / 21;96521;2018-11-09 17:39:14:570
0.737;3.687;10.276;13.0;1.0;48.61;48.16264;11.55702;529.0;NaN;4.3;2.8;201.9;12 / 21;96622;2018-11-09 17:39:14:671
0.086;3.466;11.119;27.0;1.0;48.61;48.16264;11.55702;529.0;NaN;4.3;2.8;201.9;12 / 21;96722;2018-11-09 17:39:14:771
-0.823;3.457;7.757;16.0;1.0;48.85;48.16264;11.55702;529.0;NaN;4.3;2.8;201.9;12 / 21;96821;2018-11-09 17:39:14:870
-0.881;2.576;8.284;12.0;1.0;48.85;48.16264;11.55702;529.0;NaN;4.3;2.8;201.9;12 / 21;96921;2018-11-09 17:39:14:970
-0.555;4.683;7.518;25.0;1.0;48.85;48.16264;11.55702;529.0;NaN;4.3;2.8;201.9;12 / 21;97021;2018-11-09 17:39:15:070
-1.13;4.769;9.931;13.0;1.0;50.6;48.16263;11.55701;529.3;NaN;4.3;2.8;199.3;12 / 21;97122;2018-11-09 17:39:15:171
-0.105;3.917;11.166;17.0;1.0;50.6;48.16263;11.55701;529.3;NaN;4.3;2.8;199.3;12 / 21;97222;2018-11-09 17:39:15:271
-0.296;4.472;11.588;16.0;1.0;50.6;48.16263;11.55701;529.3;NaN;4.3;2.8;199.3;12 / 21;97322;2018-11-09 17:39:15:371
1.618;1.34;7.901;19.0;1.0;50.6;48.16263;11.55701;529.3;NaN;4.3;2.8;199.3;12 / 21;97422;2018-11-09 17:39:15:471
-0.852;4.041;8.456;33.0;1.0;47.07;48.16263;11.55701;529.3;NaN;4.3;2.8;199.3;12 / 21;97522;2018-11-09 17:39:15:571
0.134;3.715;8.561;10.0;1.0;47.07;48.16263;11.55701;529.3;NaN;4.3;2.8;199.3;12 / 21;97622;2018-11-09 17:39:15:671
0.957;3.878;8.82;25.0;1.0;47.07;48.16263;11.55701;529.3;NaN;4.3;2.8;199.3;12 / 21;97722;2018-11-09 17:39:15:771
-0.028;4.271;8.332;10.0;1.0;47.66;48.16263;11.55701;529.3;NaN;4.3;2.8;199.3;12 / 21;97822;2018-11-09 17:39:15:871
-2.164;4.893;10.85;23.0;1.0;47.66;48.16263;11.55701;529.3;NaN;4.3;2.8;199.3;12 / 21;97922;2018-11-09 17:39:15:971
1.168;1.628;9.95;7.0;1.0;47.66;48.16263;11.55701;529.3;NaN;4.3;2.8;199.3;12 / 21;98022;2018-11-09 17:39:16:071
-1.312;2.968;7.029;29.0;1.0;49.25;48.16262;11.55701;529.1;NaN;4.2;2.8;197.8;12 / 21;98122;2018-11-09 17:39:16:171
-0.143;3.687;8.964;4.0;1.0;49.25;48.16262;11.55701;529.1;NaN;4.2;2.8;197.8;12 / 21;98222;2018-11-09 17:39:16:271
-0.383;5.114;8.839;3.0;1.0;49.25;48.16262;11.55701;529.1;NaN;4.2;2.8;197.8;12 / 21;98321;2018-11-09 17:39:16:370
-0.9;4.98;9.596;11.0;1.0;47.87;48.16262;11.55701;529.1;NaN;4.2;2.8;197.8;12 / 21;98422;2018-11-09 17:39:16:471
-0.469;5.506;11.435;17.0;1.0;47.87;48.16262;11.55701;529.1;NaN;4.2;2.8;197.8;12 / 21;98521;2018-11-09 17:39:16:570
0.919;2.384;11.971;7.0;1.0;47.87;48.16262;11.55701;529.1;NaN;4.2;2.8;197.8;12 / 21;98621;2018-11-09 17:39:16:670
2.02;1.992;5.229;12.0;1.0;46.91;48.16262;11.55701;529.1;NaN;4.2;2.8;197.8;12 / 21;98721;2018-11-09 17:39:16:770
-0.009;3.917;9.538;20.0;1.0;46.91;48.16262;11.55701;529.1;NaN;4.2;2.8;197.8;12 / 21;98822;2018-11-09 17:39:16:871
-0.105;5.554;9.059;14.0;1.0;46.91;48.16262;11.55701;529.1;NaN;4.2;2.8;197.8;12 / 21;98922;2018-11-09 17:39:16:971
0.919;4.941;8.925;10.0;1.0;52.56;48.16262;11.55701;529.1;NaN;4.2;2.8;197.8;12 / 21;99022;2018-11-09 17:39:17:071
-1.149;4.826;8.868;18.0;1.0;52.56;48.16261;11.55701;528.9;NaN;4.0;2.9;196.0;12 / 21;99122;2018-11-09 17:39:17:171
-1.312;3.802;9.826;19.0;1.0;52.56;48.16261;11.55701;528.9;NaN;4.0;2.9;196.0;12 / 21;99222;2018-11-09 17:39:17:271
0.402;1.953;7.431;15.0;1.0;53.52;48.16261;11.55701;528.9;NaN;4.0;2.9;196.0;12 / 21;99322;2018-11-09 17:39:17:371
-0.421;3.16;8.581;9.0;1.0;53.52;48.16261;11.55701;528.9;NaN;4.0;2.9;196.0;12 / 21;99422;2018-11-09 17:39:17:471
-0.881;4.367;8.686;17.0;1.0;53.52;48.16261;11.55701;528.9;NaN;4.0;2.9;196.0;12 / 21;99521;2018-11-09 17:39:17:570
-0.89;4.424;9.596;25.0;1.0;50.1;48.16261;11.55701;528.9;NaN;4.0;2.9;196.0;12 / 21;99622;2018-11-09 17:39:17:671
-0.766;4.616;9.768;11.0;1.0;50.1;48.16261;11.55701;528.9;NaN;4.0;2.9;196.0;12 / 21;99721;2018-11-09 17:39:17:770
-0.632;4.558;12.383;14.0;1.0;50.1;48.16261;11.55701;528.9;NaN;4.0;2.9;196.0;12 / 21;99822;2018-11-09 17:39:17:871
0.699;2.298;13.082;5.0;1.0;51.79;48.16261;11.55701;528.9;NaN;4.0;2.9;196.0;12 / 21;99922;2018-11-09 17:39:17:971
1.264;1.972;4.587;7.0;1.0;51.79;48.16261;11.55701;528.9;NaN;4.0;2.9;196.0;12 / 21;100022;2018-11-09 17:39:18:071
-0.181;3.83;8.619;25.0;1.0;51.79;48.1626;11.55701;528.8;NaN;3.8;2.9;193.6;12 / 21;100122;2018-11-09 17:39:18:171
0.612;4.146;7.575;15.0;1.0;56.52;48.1626;11.55701;528.8;NaN;3.8;2.9;193.6;12 / 21;100221;2018-11-09 17:39:18:270
0.66;4.52;8.217;16.0;1.0;56.52;48.1626;11.55701;528.8;NaN;3.8;2.9;193.6;12 / 21;100322;2018-11-09 17:39:18:371
0.124;5.296;10.745;11.0;1.0;56.52;48.1626;11.55701;528.8;NaN;3.8;2.9;193.6;12 / 21;100422;2018-11-09 17:39:18:471
-0.727;5.075;10.956;11.0;1.0;55.59;48.1626;11.55701;528.8;NaN;3.8;2.9;193.6;12 / 21;100522;2018-11-09 17:39:18:571
-0.277;2.106;8.466;9.0;1.0;55.59;48.1626;11.55701;528.8;NaN;3.8;2.9;193.6;12 / 21;100622;2018-11-09 17:39:18:671
-0.411;3.074;10.266;13.0;1.0;55.59;48.1626;11.55701;528.8;NaN;3.8;2.9;193.6;12 / 21;100721;2018-11-09 17:39:18:770
-0.019;5.095;7.671;20.0;1.0;53.59;48.1626;11.55701;528.8;NaN;3.8;2.9;193.6;12 / 21;100821;2018-11-09 17:39:18:870
0.201;4.788;7.642;21.0;1.0;53.59;48.1626;11.55701;528.8;NaN;3.8;2.9;193.6;12 / 21;100921;2018-11-09 17:39:18:970
-0.296;5.372;9.155;18.0;1.0;53.59;48.1626;11.55701;528.8;NaN;3.8;2.9;193.6;12 / 21;101022;2018-11-09 17:39:19:071
-0.201;5.458;10.984;21.0;1.0;53.62;48.16259;11.557;528.6;NaN;3.7;3.0;193.1;12 / 21;101122;2018-11-09 17:39:19:171
1.206;2.336;12.21;6.0;1.0;53.62;48.16259;11.557;528.6;NaN;3.7;3.0;193.1;12 / 21;101221;2018-11-09 17:39:19:270
1.35;2.116;6.502;20.0;1.0;53.62;48.16259;11.557;528.6;NaN;3.7;3.0;193.1;12 / 21;101321;2018-11-09 17:39:19:370
0.363;3.629;8.571;11.0;1.0;55.26;48.16259;11.557;528.6;NaN;3.7;3.0;193.1;12 / 21;101421;2018-11-09 17:39:19:470
-0.268;4.855;7.441;26.0;1.0;55.26;48.16259;11.557;528.6;NaN;3.7;3.0;193.1;12 / 21;101521;2018-11-09 17:39:19:570
1.972;4.97;9.241;18.0;1.0;55.26;48.16259;11.557;528.6;NaN;3.7;3.0;193.1;12 / 21;101622;2018-11-09 17:39:19:671
0.996;4.788;9.768;19.0;1.0;53.23;48.16259;11.557;528.6;NaN;3.7;3.0;193.1;12 / 21;101722;2018-11-09 17:39:19:771
0.66;3.562;9.05;7.0;1.0;53.23;48.16259;11.557;528.6;NaN;3.7;3.0;193.1;12 / 21;101822;2018-11-09 17:39:19:871
-0.172;2.403;6.771;13.0;1.0;53.23;48.16259;11.557;528.6;NaN;3.7;3.0;193.1;12 / 21;101921;2018-11-09 17:39:19:970
-0.469;3.055;9.021;6.0;1.0;54.32;48.16259;11.557;528.6;NaN;3.7;3.0;193.1;12 / 21;102021;2018-11-09 17:39:20:070
-0.459;4.367;8.198;16.0;1.0;54.32;48.16259;11.557;528.5;NaN;3.7;3.0;198.1;12 / 21;102122;2018-11-09 17:39:20:171
-1.082;4.941;8.945;18.0;1.0;54.32;48.16259;11.557;528.5;NaN;3.7;3.0;198.1;12 / 21;102222;2018-11-09 17:39:20:271
-0.881;4.75;7.661;25.0;1.0;52.78;48.16259;11.557;528.5;NaN;3.7;3.0;198.1;12 / 21;102322;2018-11-09 17:39:20:371
0.287;5.344;10.113;29.0;1.0;52.78;48.16259;11.557;528.5;NaN;3.7;3.0;198.1;12 / 21;102422;2018-11-09 17:39:20:471
0.067;2.011;11.281;7.0;1.0;52.78;48.16259;11.557;528.5;NaN;3.7;3.0;198.1;12 / 21;102521;2018-11-09 17:39:20:570
2.212;2.509;6.761;13.0;1.0;52.13;48.16259;11.557;528.5;NaN;3.7;3.0;198.1;12 / 21;102621;2018-11-09 17:39:20:670
0.948;3.246;9.577;16.0;1.0;52.13;48.16259;11.557;528.5;NaN;3.7;3.0;198.1;12 / 21;102721;2018-11-09 17:39:20:770
2.174;4.424;8.044;17.0;1.0;52.13;48.16259;11.557;528.5;NaN;3.7;3.0;198.1;12 / 21;102821;2018-11-09 17:39:20:870
1.781;5.2;6.33;24.0;1.0;59.72;48.16259;11.557;528.5;NaN;3.7;3.0;198.1;12 / 21;102922;2018-11-09 17:39:20:971
0.114;5.43;8.667;2.0;1.0;59.72;48.16259;11.557;528.5;NaN;3.7;3.0;198.1;12 / 21;103021;2018-11-09 17:39:21:070
-0.114;5.028;10.113;5.0;1.0;59.72;48.16258;11.557;528.2;NaN;3.3;3.0;194.4;12 / 21;103121;2018-11-09 17:39:21:170
0.057;2.097;8.485;3.0;1.0;57.62;48.16258;11.557;528.2;NaN;3.3;3.0;194.4;12 / 21;103221;2018-11-09 17:39:21:270
-0.708;3.696;9.241;1.0;1.0;57.62;48.16258;11.557;528.2;NaN;3.3;3.0;194.4;12 / 21;103321;2018-11-09 17:39:21:370
0.201;4.683;7.077;17.0;1.0;57.62;48.16258;11.557;528.2;NaN;3.3;3.0;194.4;12 / 21;103421;2018-11-09 17:39:21:470
-0.019;5.698;8.399;11.0;1.0;56.85;48.16258;11.557;528.2;NaN;3.3;3.0;194.4;12 / 21;103522;2018-11-09 17:39:21:571
2.001;5.621;9.596;21.0;1.0;56.85;48.16258;11.557;528.2;NaN;3.3;3.0;194.4;12 / 21;103622;2018-11-09 17:39:21:671
2.154;5.526;10.046;2.0;1.0;56.85;48.16258;11.557;528.2;NaN;3.3;3.0;194.4;12 / 21;103722;2018-11-09 17:39:21:771
3.869;3.792;8.561;2.0;1.0;54.32;48.16258;11.557;528.2;NaN;3.3;3.0;194.4;12 / 21;103822;2018-11-09 17:39:21:871
2.48;4.252;7.728;20.0;1.0;54.32;48.16258;11.557;528.2;NaN;3.3;3.0;194.4;12 / 21;103922;2018-11-09 17:39:21:971
1.407;3.974;9.96;16.0;1.0;54.32;48.16258;11.557;528.2;NaN;3.3;3.0;194.4;12 / 21;104021;2018-11-09 17:39:22:070
-0.153;4.807;8.696;12.0;1.0;51.44;48.16257;11.557;527.9;NaN;3.3;3.1;189.9;12 / 21;104121;2018-11-09 17:39:22:170
1.292;4.549;8.226;23.0;1.0;51.44;48.16257;11.557;527.9;NaN;3.3;3.1;189.9;12 / 21;104222;2018-11-09 17:39:22:271
0.383;5.391;9.222;16.0;1.0;51.44;48.16257;11.557;527.9;NaN;3.3;3.1;189.9;12 / 21;104322;2018-11-09 17:39:22:371
-2.049;2.566;7.24;5.0;1.0;51.12;48.16257;11.557;527.9;NaN;3.3;3.1;189.9;12 / 21;104421;2018-11-09 17:39:22:470
0.957;3.974;7.824;0.0;1.0;51.12;48.16257;11.557;527.9;NaN;3.3;3.1;189.9;12 / 21;104522;2018-11-09 17:39:22:571
1.723;3.859;8.743;26.0;1.0;51.12;48.16257;11.557;527.9;NaN;3.3;3.1;189.9;12 / 21;104622;2018-11-09 17:39:22:671
0.392;7.393;9.059;24.0;1.0;60.1;48.16257;11.557;527.9;NaN;3.3;3.1;189.9;12 / 21;104722;2018-11-09 17:39:22:771
5.621;6.397;6.483;14.0;1.0;60.1;48.16257;11.557;527.9;NaN;3.3;3.1;189.9;12 / 21;104822;2018-11-09 17:39:22:871
6.502;5.238;8.945;8.0;1.0;60.1;48.16257;11.557;527.9;NaN;3.3;3.1;189.9;12 / 21;104922;2018-11-09 17:39:22:971
4.328;3.102;3.792;28.0;1.0;49.35;48.16257;11.557;527.9;NaN;3.3;3.1;189.9;12 / 21;105022;2018-11-09 17:39:23:071
5.478;2.968;6.56;44.0;1.0;49.35;48.16256;11.55701;527.5;NaN;3.4;3.0;182.5;12 / 21;105121;2018-11-09 17:39:23:170
4.079;4.175;8.648;20.0;1.0;49.35;48.16256;11.55701;527.5;NaN;3.4;3.0;182.5;12 / 21;105222;2018-11-09 17:39:23:271
4.252;4.52;11.157;22.0;1.0;49.84;48.16256;11.55701;527.5;NaN;3.4;3.0;182.5;12 / 21;105322;2018-11-09 17:39:23:371
4.558;4.913;6.464;16.0;1.0;49.84;48.16256;11.55701;527.5;NaN;3.4;3.0;182.5;12 / 21;105421;2018-11-09 17:39:23:470
3.093;6.234;12.105;20.0;1.0;49.84;48.16256;11.55701;527.5;NaN;3.4;3.0;182.5;12 / 21;105522;2018-11-09 17:39:23:571
3.39;1.79;6.56;11.0;1.0;56.74;48.16256;11.55701;527.5;NaN;3.4;3.0;182.5;12 / 21;105622;2018-11-09 17:39:23:671
2.26;2.432;5.506;15.0;1.0;56.74;48.16256;11.55701;527.5;NaN;3.4;3.0;182.5;12 / 21;105722;2018-11-09 17:39:23:771
3.093;5.813;7.163;28.0;1.0;56.74;48.16256;11.55701;527.5;NaN;3.4;3.0;182.5;12 / 21;105822;2018-11-09 17:39:23:871
5.133;7.872;6.933;31.0;1.0;57.99;48.16256;11.55701;527.5;NaN;3.4;3.0;182.5;12 / 21;105922;2018-11-09 17:39:23:971
4.51;6.617;8.447;48.0;1.0;57.99;48.16256;11.55701;527.5;NaN;3.4;3.0;182.5;12 / 21;106022;2018-11-09 17:39:24:071
7.106;9.012;6.397;35.0;1.0;57.99;48.16256;11.55701;527.5;NaN;3.4;3.0;182.5;12 / 21;106122;2018-11-09 17:39:24:171
6.924;3.122;4.616;17.0;1.0;55.16;48.16256;11.55701;527.1;NaN;3.3;3.1;181.4;12 / 21;106222;2018-11-09 17:39:24:271
6.071;3.955;1.541;15.0;1.0;55.16;48.16256;11.55701;527.1;NaN;3.3;3.1;181.4;12 / 21;106322;2018-11-09 17:39:24:371
4.903;6.876;3.064;3.0;1.0;55.16;48.16256;11.55701;527.1;NaN;3.3;3.1;181.4;12 / 21;106422;2018-11-09 17:39:24:471
5.88;7.192;2.892;10.0;1.0;48.7;48.16256;11.55701;527.1;NaN;3.3;3.1;181.4;12 / 21;106521;2018-11-09 17:39:24:570
6.493;7.393;2.394;18.0;1.0;48.7;48.16256;11.55701;527.1;NaN;3.3;3.1;181.4;12 / 21;106622;2018-11-09 17:39:24:671
8.552;8.648;1.407;5.0;1.0;48.7;48.16256;11.55701;527.1;NaN;3.3;3.1;181.4;12 / 21;106722;2018-11-09 17:39:24:771
7.106;4.462;4.826;13.0;1.0;48.72;48.16256;11.55701;527.1;NaN;3.3;3.1;181.4;12 / 21;106822;2018-11-09 17:39:24:871
5.918;5.152;1.963;12.0;1.0;48.72;48.16256;11.55701;527.1;NaN;3.3;3.1;181.4;12 / 21;106921;2018-11-09 17:39:24:970
5.075;6.799;4.711;12.0;1.0;48.72;48.16256;11.55701;527.1;NaN;3.3;3.1;181.4;12 / 21;107022;2018-11-09 17:39:25:071
6.435;7.862;3.466;13.0;1.0;49.78;48.16256;11.55701;527.1;NaN;3.3;3.1;181.4;12 / 21;107122;2018-11-09 17:39:25:171
6.387;7.479;2.949;28.0;1.0;49.78;48.16255;11.55701;526.9;NaN;3.3;3.1;180.4;12 / 21;107221;2018-11-09 17:39:25:270
7.336;8.063;5.142;14.0;1.0;49.78;48.16255;11.55701;526.9;NaN;3.3;3.1;180.4;12 / 21;107322;2018-11-09 17:39:25:371
9.864;6.349;3.265;10.0;1.0;47.04;48.16255;11.55701;526.9;NaN;3.3;3.1;180.4;12 / 21;107422;2018-11-09 17:39:25:471
5.315;3.352;5.037;22.0;1.0;47.04;48.16255;11.55701;526.9;NaN;3.3;3.1;180.4;12 / 21;107521;2018-11-09 17:39:25:570
5.42;6.751;3.926;12.0;1.0;47.04;48.16255;11.55701;526.9;NaN;3.3;3.1;180.4;12 / 21;107622;2018-11-09 17:39:25:671
4.3;6.981;4.089;23.0;1.0;48.02;48.16255;11.55701;526.9;NaN;3.3;3.1;180.4;12 / 21;107723;2018-11-09 17:39:25:772
4.06;7.249;4.271;29.0;1.0;48.02;48.16255;11.55701;526.9;NaN;3.3;3.1;180.4;12 / 21;107821;2018-11-09 17:39:25:870
7.585;8.724;3.926;37.0;1.0;48.02;48.16255;11.55701;526.9;NaN;3.3;3.1;180.4;12 / 21;107922;2018-11-09 17:39:25:971
7.479;7.106;8.159;52.0;1.0;57.3;48.16255;11.55701;526.9;NaN;3.3;3.1;180.4;12 / 21;108022;2018-11-09 17:39:26:071
3.361;4.501;3.926;42.0;1.0;57.3;48.16254;11.55701;526.5;NaN;0.0;3.1;180.4;12 / 21;108122;2018-11-09 17:39:26:171
4.079;5.372;6.263;37.0;1.0;57.3;48.16254;11.55701;526.5;NaN;0.0;3.1;180.4;12 / 21;108222;2018-11-09 17:39:26:271
4.74;7.795;3.141;43.0;1.0;56.61;48.16254;11.55701;526.5;NaN;0.0;3.1;180.4;12 / 21;108321;2018-11-09 17:39:26:370
3.083;7.355;5.104;39.0;1.0;56.61;48.16254;11.55701;526.5;NaN;0.0;3.1;180.4;12 / 21;108422;2018-11-09 17:39:26:471
6.905;8.092;6.34;56.0;1.0;56.61;48.16254;11.55701;526.5;NaN;0.0;3.1;180.4;12 / 21;108522;2018-11-09 17:39:26:571
8.791;7.249;6.215;49.0;1.0;46.63;48.16254;11.55701;526.5;NaN;0.0;3.1;180.4;12 / 21;108622;2018-11-09 17:39:26:671
3.553;2.509;6.943;40.0;1.0;46.63;48.16254;11.55701;526.5;NaN;0.0;3.1;180.4;12 / 21;108725;2018-11-09 17:39:26:774
4.29;6.177;3.601;21.0;1.0;46.63;48.16254;11.55701;526.5;NaN;0.0;3.1;180.4;12 / 21;108821;2018-11-09 17:39:26:870
6.11;7.096;6.895;16.0;1.0;45.8;48.16254;11.55701;526.5;NaN;0.0;3.1;180.4;12 / 21;108922;2018-11-09 17:39:26:971
4.75;6.33;5.382;18.0;1.0;45.8;48.16254;11.55701;526.5;NaN;0.0;3.1;180.4;12 / 21;109021;2018-11-09 17:39:27:070
6.244;8.063;3.122;15.0;1.0;45.8;48.16253;11.55701;526.2;NaN;3.2;3.1;184.9;12 / 21;109121;2018-11-09 17:39:27:170
7.364;8.456;7.814;41.0;1.0;45.08;48.16253;11.55701;526.2;NaN;3.2;3.1;184.9;12 / 21;109222;2018-11-09 17:39:27:271
2.097;3.802;4.213;48.0;1.0;45.08;48.16253;11.55701;526.2;NaN;3.2;3.1;184.9;12 / 21;109322;2018-11-09 17:39:27:371
4.194;5.861;7.192;22.0;1.0;45.08;48.16253;11.55701;526.2;NaN;3.2;3.1;184.9;12 / 21;109421;2018-11-09 17:39:27:470
5.363;4.529;6.387;27.0;1.0;47.83;48.16253;11.55701;526.2;NaN;3.2;3.1;184.9;12 / 21;109521;2018-11-09 17:39:27:570
4.577;8.715;3.62;19.0;1.0;47.83;48.16253;11.55701;526.2;NaN;3.2;3.1;184.9;12 / 21;109622;2018-11-09 17:39:27:671
4.041;7.498;8.609;29.0;1.0;47.83;48.16253;11.55701;526.2;NaN;3.2;3.1;184.9;12 / 21;109722;2018-11-09 17:39:27:771
8.983;8.025;8.36;13.0;1.0;47.83;48.16253;11.55701;526.2;NaN;3.2;3.1;184.9;12 / 21;109821;2018-11-09 17:39:27:870
6.205;2.26;6.196;9.0;1.0;56.91;48.16253;11.55701;526.2;NaN;3.2;3.1;184.9;12 / 21;109922;2018-11-09 17:39:27:971
3.093;4.28;6.474;5.0;1.0;56.91;48.16253;11.55701;526.2;NaN;3.2;3.1;184.9;12 / 21;110022;2018-11-09 17:39:28:071
1.149;4.635;7.154;13.0;1.0;56.91;48.16253;11.55701;525.9;NaN;3.1;3.1;183.7;12 / 21;110122;2018-11-09 17:39:28:171
1.321;7.24;10.113;16.0;1.0;43.0;48.16253;11.55701;525.9;NaN;3.1;3.1;183.7;12 / 21;110222;2018-11-09 17:39:28:271
2.911;9.308;6.972;0.0;1.0;43.0;48.16253;11.55701;525.9;NaN;3.1;3.1;183.7;12 / 21;110322;2018-11-09 17:39:28:371
0.928;4.74;8.964;22.0;1.0;43.0;48.16253;11.55701;525.9;NaN;3.1;3.1;183.7;12 / 21;110422;2018-11-09 17:39:28:471
-2.26;3.332;8.897;19.0;1.0;49.38;48.16253;11.55701;525.9;NaN;3.1;3.1;183.7;12 / 21;110522;2018-11-09 17:39:28:571
-1.283;2.786;8.447;12.0;1.0;49.38;48.16253;11.55701;525.9;NaN;3.1;3.1;183.7;12 / 21;110622;2018-11-09 17:39:28:671
-1.254;4.242;5.937;21.0;1.0;49.38;48.16253;11.55701;525.9;NaN;3.1;3.1;183.7;12 / 21;110722;2018-11-09 17:39:28:771
-2.681;5.075;8.82;25.0;1.0;43.45;48.16253;11.55701;525.9;NaN;3.1;3.1;183.7;12 / 21;110822;2018-11-09 17:39:28:871
0.028;5.612;9.194;12.0;1.0;43.45;48.16253;11.55701;525.9;NaN;3.1;3.1;183.7;12 / 21;110922;2018-11-09 17:39:28:971
1.235;3.897;8.772;9.0;1.0;43.45;48.16253;11.55701;525.9;NaN;3.1;3.1;183.7;12 / 21;111022;2018-11-09 17:39:29:071
0.565;3.275;8.983;24.0;1.0;42.13;48.16252;11.55701;525.6;NaN;3.2;3.1;183.6;12 / 21;111122;2018-11-09 17:39:29:171
0.191;3.926;8.887;32.0;1.0;42.13;48.16252;11.55701;525.6;NaN;3.2;3.1;183.6;12 / 21;111222;2018-11-09 17:39:29:271
-1.321;4.309;7.996;11.0;1.0;42.13;48.16252;11.55701;525.6;NaN;3.2;3.1;183.6;12 / 21;111322;2018-11-09 17:39:29:371
-1.398;5.449;6.273;4.0;1.0;41.04;48.16252;11.55701;525.6;NaN;3.2;3.1;183.6;12 / 21;111421;2018-11-09 17:39:29:470
2.279;5.899;7.249;18.0;1.0;41.04;48.16252;11.55701;525.6;NaN;3.2;3.1;183.6;12 / 21;111522;2018-11-09 17:39:29:571
-3.275;3.476;10.64;15.0;1.0;41.04;48.16252;11.55701;525.6;NaN;3.2;3.1;183.6;12 / 21;111621;2018-11-09 17:39:29:670
-2.863;2.308;12.143;13.0;1.0;39.2;48.16252;11.55701;525.6;NaN;3.2;3.1;183.6;12 / 21;111721;2018-11-09 17:39:29:770
-1.379;2.432;8.255;18.0;1.0;39.2;48.16252;11.55701;525.6;NaN;3.2;3.1;183.6;12 / 21;111821;2018-11-09 17:39:29:870
-0.814;3.735;10.324;22.0;1.0;39.2;48.16252;11.55701;525.6;NaN;3.2;3.1;183.6;12 / 21;111921;2018-11-09 17:39:29:970
-0.612;5.87;7.939;24.0;1.0;40.48;48.16252;11.55701;525.6;NaN;3.2;3.1;183.6;12 / 21;112022;2018-11-09 17:39:30:071
-1.11;5.257;10.352;5.0;1.0;40.48;48.16252;11.55701;525.6;NaN;3.2;3.1;183.6;12 / 21;112122;2018-11-09 17:39:30:171
0.086;3.993;10.601;10.0;1.0;40.48;48.16251;11.55702;525.3;NaN;0.0;3.1;183.6;12 / 21;112221;2018-11-09 17:39:30:270
-0.593;3.869;9.912;16.0;1.0;42.25;48.16251;11.55702;525.3;NaN;0.0;3.1;183.6;12 / 21;112321;2018-11-09 17:39:30:370
0.632;1.235;9.586;23.0;1.0;42.25;48.16251;11.55702;525.3;NaN;0.0;3.1;183.6;12 / 21;112421;2018-11-09 17:39:30:470
-0.009;2.796;8.485;13.0;1.0;42.25;48.16251;11.55702;525.3;NaN;0.0;3.1;183.6;12 / 21;112521;2018-11-09 17:39:30:570
-0.747;4.491;8.858;10.0;1.0;41.78;48.16251;11.55702;525.3;NaN;0.0;3.1;183.6;12 / 21;112622;2018-11-09 17:39:30:671
0.277;4.348;8.408;15.0;1.0;41.78;48.16251;11.55702;525.3;NaN;0.0;3.1;183.6;12 / 21;112722;2018-11-09 17:39:30:771
0.66;4.472;7.757;7.0;1.0;41.78;48.16251;11.55702;525.3;NaN;0.0;3.1;183.6;12 / 21;112822;2018-11-09 17:39:30:871
-1.905;4.731;10.036;20.0;1.0;39.81;48.16251;11.55702;525.3;NaN;0.0;3.1;183.6;12 / 21;112921;2018-11-09 17:39:30:970
-0.076;2.509;10.056;21.0;1.0;39.81;48.16251;11.55702;525.3;NaN;0.0;3.1;183.6;12 / 21;113022;2018-11-09 17:39:31:071
-0.478;3.045;4.999;25.0;1.0;39.81;48.1625;11.55701;524.9;NaN;0.0;3.1;183.6;12 / 21;113122;2018-11-09 17:39:31:171
-0.459;4.003;7.68;4.0;1.0;39.57;48.1625;11.55701;524.9;NaN;0.0;3.1;183.6;12 / 21;113222;2018-11-09 17:39:31:271
-1.216;4.74;8.801;0.0;1.0;39.57;48.1625;11.55701;524.9;NaN;0.0;3.1;183.6;12 / 21;113322;2018-11-09 17:39:31:371
-0.823;5.372;8.791;13.0;1.0;39.57;48.1625;11.55701;524.9;NaN;0.0;3.1;183.6;12 / 21;113422;2018-11-09 17:39:31:471
0.296;4.597;10.439;0.0;1.0;51.71;48.1625;11.55701;524.9;NaN;0.0;3.1;183.6;12 / 21;113522;2018-11-09 17:39:31:571
-0.526;4.156;9.893;11.0;1.0;51.71;48.1625;11.55701;524.9;NaN;0.0;3.1;183.6;12 / 21;113622;2018-11-09 17:39:31:671
0.114;2.202;6.33;22.0;1.0;51.71;48.1625;11.55701;524.9;NaN;0.0;3.1;183.6;12 / 21;113721;2018-11-09 17:39:31:770
0.067;2.585;10.266;24.0;1.0;36.43;48.1625;11.55701;524.9;NaN;0.0;3.1;183.6;12 / 21;113821;2018-11-09 17:39:31:870
-0.948;3.495;10.161;9.0;1.0;36.43;48.1625;11.55701;524.9;NaN;0.0;3.1;183.6;12 / 21;113921;2018-11-09 17:39:31:970
0.191;4.3;9.768;24.0;1.0;36.43;48.1625;11.55701;524.9;NaN;0.0;3.1;183.6;12 / 21;114022;2018-11-09 17:39:32:071
-0.162;4.893;9.845;15.0;1.0;47.33;48.16249;11.55701;524.6;NaN;0.0;3.2;183.6;12 / 21;114122;2018-11-09 17:39:32:171
-1.915;4.616;10.822;18.0;1.0;47.33;48.16249;11.55701;524.6;NaN;0.0;3.2;183.6;12 / 21;114221;2018-11-09 17:39:32:270
0.363;1.695;9.174;7.0;1.0;47.33;48.16249;11.55701;524.6;NaN;0.0;3.2;183.6;12 / 21;114321;2018-11-09 17:39:32:370
-0.44;3.141;6.828;14.0;1.0;42.04;48.16249;11.55701;524.6;NaN;0.0;3.2;183.6;12 / 21;114422;2018-11-09 17:39:32:471
-0.641;4.261;7.728;2.0;1.0;42.04;48.16249;11.55701;524.6;NaN;0.0;3.2;183.6;12 / 21;114522;2018-11-09 17:39:32:571
-1.13;4.884;9.797;10.0;1.0;42.04;48.16249;11.55701;524.6;NaN;0.0;3.2;183.6;12 / 21;114622;2018-11-09 17:39:32:671
-0.153;5.142;9.107;2.0;1.0;47.57;48.16249;11.55701;524.6;NaN;0.0;3.2;183.6;12 / 21;114721;2018-11-09 17:39:32:770
-0.507;5.037;12.277;7.0;1.0;47.57;48.16249;11.55701;524.6;NaN;0.0;3.2;183.6;12 / 21;114821;2018-11-09 17:39:32:870
0.545;2.164;14.614;4.0;1.0;47.57;48.16249;11.55701;524.6;NaN;0.0;3.2;183.6;12 / 21;114922;2018-11-09 17:39:32:971
0.612;2.604;8.332;13.0;1.0;50.24;48.16249;11.55701;524.6;NaN;0.0;3.2;183.6;12 / 21;115022;2018-11-09 17:39:33:071
-0.038;4.089;7.565;15.0;1.0;50.24;48.16249;11.55701;524.2;NaN;0.0;3.2;183.6;12 / 21;115121;2018-11-09 17:39:33:170
0.153;4.472;7.824;19.0;1.0;50.24;48.16249;11.55701;524.2;NaN;0.0;3.2;183.6;12 / 21;115221;2018-11-09 17:39:33:270
0.651;4.711;7.719;24.0;1.0;45.91;48.16249;11.55701;524.2;NaN;0.0;3.2;183.6;12 / 21;115321;2018-11-09 17:39:33:370
-0.181;4.453;10.946;10.0;1.0;45.91;48.16249;11.55701;524.2;NaN;0.0;3.2;183.6;12 / 21;115421;2018-11-09 17:39:33:470
-0.114;2.921;11.712;15.0;1.0;45.91;48.16249;11.55701;524.2;NaN;0.0;3.2;183.6;12 / 21;115522;2018-11-09 17:39:33:571
-0.861;3.352;8.523;15.0;1.0;35.27;48.16249;11.55701;524.2;NaN;0.0;3.2;183.6;12 / 21;115622;2018-11-09 17:39:33:671
-0.804;3.476;8.111;16.0;1.0;35.27;48.16249;11.55701;524.2;NaN;0.0;3.2;183.6;12 / 21;115722;2018-11-09 17:39:33:771
-1.216;4.233;9.241;15.0;1.0;35.27;48.16249;11.55701;524.2;NaN;0.0;3.2;183.6;12 / 21;115822;2018-11-09 17:39:33:871
-0.938;5.104;9.04;25.0;1.0;37.4;48.16249;11.55701;524.2;NaN;0.0;3.2;183.6;12 / 21;115921;2018-11-09 17:39:33:970
0.22;4.415;11.377;17.0;1.0;37.4;48.16249;11.55701;524.2;NaN;0.0;3.2;183.6;12 / 21;116021;2018-11-09 17:39:34:070
0.737;3.658;10.142;12.0;1.0;37.4;48.16248;11.55701;523.8;NaN;0.0;3.3;183.6;12 / 21;116122;2018-11-09 17:39:34:171
-0.057;2.796;8.102;22.0;1.0;37.13;48.16248;11.55701;523.8;NaN;0.0;3.3;183.6;12 / 21;116222;2018-11-09 17:39:34:271
2.384;4.376;9.174;9.0;1.0;37.13;48.16248;11.55701;523.8;NaN;0.0;3.3;183.6;12 / 21;116322;2018-11-09 17:39:34:371
0.536;4.587;7.996;22.0;1.0;37.13;48.16248;11.55701;523.8;NaN;0.0;3.3;183.6;12 / 21;116422;2018-11-09 17:39:34:471
0.852;3.792;9.634;4.0;1.0;36.11;48.16248;11.55701;523.8;NaN;0.0;3.3;183.6;12 / 21;116522;2018-11-09 17:39:34:571
0.047;5.324;8.954;17.0;1.0;36.11;48.16248;11.55701;523.8;NaN;0.0;3.3;183.6;12 / 21;116621;2018-11-09 17:39:34:670
-1.149;5.458;10.726;16.0;1.0;36.11;48.16248;11.55701;523.8;NaN;0.0;3.3;183.6;12 / 21;116721;2018-11-09 17:39:34:770
1.446;1.829;8.6;5.0;1.0;35.49;48.16248;11.55701;523.8;NaN;0.0;3.3;183.6;12 / 21;116821;2018-11-09 17:39:34:870
-0.938;3.486;7.996;5.0;1.0;35.49;48.16248;11.55701;523.8;NaN;0.0;3.3;183.6;12 / 21;116921;2018-11-09 17:39:34:970
-0.498;4.06;7.824;10.0;1.0;35.49;48.16248;11.55701;523.8;NaN;0.0;3.3;183.6;12 / 21;117021;2018-11-09 17:39:35:070
-0.354;4.568;9.117;16.0;1.0;36.19;48.16247;11.55701;523.5;NaN;0.0;3.3;183.6;12 / 21;117121;2018-11-09 17:39:35:170
-0.632;5.382;9.28;19.0;1.0;36.19;48.16247;11.55701;523.5;NaN;0.0;3.3;183.6;12 / 21;117221;2018-11-09 17:39:35:270
0.105;5.066;10.86;6.0;1.0;36.19;48.16247;11.55701;523.5;NaN;0.0;3.3;183.6;12 / 21;117321;2018-11-09 17:39:35:370
0.593;3.419;10.745;26.0;1.0;35.66;48.16247;11.55701;523.5;NaN;0.0;3.3;183.6;12 / 21;117421;2018-11-09 17:39:35:470
2.221;2.403;7.192;4.0;1.0;35.66;48.16247;11.55701;523.5;NaN;0.0;3.3;183.6;12 / 21;117521;2018-11-09 17:39:35:570
1.484;3.83;8.638;3.0;1.0;35.66;48.16247;11.55701;523.5;NaN;0.0;3.3;183.6;12 / 21;117622;2018-11-09 17:39:35:671
-0.689;4.482;7.996;12.0;1.0;35.55;48.16247;11.55701;523.5;NaN;0.0;3.3;183.6;12 / 21;117722;2018-11-09 17:39:35:771
-0.938;5.104;8.81;13.0;1.0;35.55;48.16247;11.55701;523.5;NaN;0.0;3.3;183.6;12 / 21;117822;2018-11-09 17:39:35:871
0.22;4.549;9.088;5.0;1.0;35.55;48.16247;11.55701;523.5;NaN;0.0;3.3;183.6;12 / 21;117922;2018-11-09 17:39:35:971
-1.417;4.041;12.277;12.0;1.0;33.32;48.16247;11.55701;523.5;NaN;0.0;3.3;183.6;12 / 21;118021;2018-11-09 17:39:36:070
-0.756;2.039;7.01;9.0;1.0;33.32;48.16247;11.55701;523.0;NaN;0.0;3.3;183.6;13 / 21;118121;2018-11-09 17:39:36:170
-0.89;2.691;9.222;0.0;1.0;33.32;48.16247;11.55701;523.0;NaN;0.0;3.3;183.6;13 / 21;118221;2018-11-09 17:39:36:270
-1.158;4.041;7.843;17.0;1.0;34.5;48.16247;11.55701;523.0;NaN;0.0;3.3;183.6;13 / 21;118322;2018-11-09 17:39:36:371
-1.752;4.28;10.132;20.0;1.0;34.5;48.16247;11.55701;523.0;NaN;0.0;3.3;183.6;13 / 21;118424;2018-11-09 17:39:36:473
-0.708;4.166;10.592;16.0;1.0;34.5;48.16247;11.55701;523.0;NaN;0.0;3.3;183.6;13 / 21;118522;2018-11-09 17:39:36:571
-0.344;3.744;10.448;5.0;1.0;37.48;48.16247;11.55701;523.0;NaN;0.0;3.3;183.6;13 / 21;118622;2018-11-09 17:39:36:671
1.024;1.11;7.776;31.0;1.0;37.48;48.16247;11.55701;523.0;NaN;0.0;3.3;183.6;13 / 21;118721;2018-11-09 17:39:36:770
0.335;2.461;7.92;6.0;1.0;37.48;48.16247;11.55701;523.0;NaN;0.0;3.3;183.6;13 / 21;118821;2018-11-09 17:39:36:870
-0.66;3.696;9.213;11.0;1.0;41.87;48.16247;11.55701;523.0;NaN;0.0;3.3;183.6;13 / 21;118922;2018-11-09 17:39:36:971
-0.45;4.175;9.807;16.0;1.0;41.87;48.16247;11.55701;523.0;NaN;0.0;3.3;183.6;13 / 21;119022;2018-11-09 17:39:37:071
0.632;3.064;9.002;17.0;1.0;41.87;48.16246;11.557;522.6;NaN;0.0;3.3;183.6;13 / 21;119122;2018-11-09 17:39:37:171
-0.996;4.328;12.977;17.0;1.0;38.19;48.16246;11.557;522.6;NaN;0.0;3.3;183.6;13 / 21;119222;2018-11-09 17:39:37:271
-0.268;1.838;7.613;19.0;1.0;38.19;48.16246;11.557;522.6;NaN;0.0;3.3;183.6;13 / 21;119322;2018-11-09 17:39:37:371
-0.325;2.269;8.14;17.0;1.0;38.19;48.16246;11.557;522.6;NaN;0.0;3.3;183.6;13 / 21;119422;2018-11-09 17:39:37:471
-1.197;3.869;8.906;19.0;1.0;38.29;48.16246;11.557;522.6;NaN;0.0;3.3;183.6;13 / 21;119522;2018-11-09 17:39:37:571
-1.446;4.261;10.151;12.0;1.0;38.29;48.16246;11.557;522.6;NaN;0.0;3.3;183.6;13 / 21;119622;2018-11-09 17:39:37:671
0.028;3.476;11.54;12.0;1.0;38.29;48.16246;11.557;522.6;NaN;0.0;3.3;183.6;13 / 21;119722;2018-11-09 17:39:37:771
0.095;3.687;11.224;10.0;1.0;38.29;48.16246;11.557;522.6;NaN;0.0;3.3;183.6;13 / 21;119822;2018-11-09 17:39:37:871
1.867;0.881;8.964;13.0;1.0;37.22;48.16246;11.557;522.6;NaN;0.0;3.3;183.6;13 / 21;119922;2018-11-09 17:39:37:971
-0.287;2.93;9.05;18.0;1.0;37.22;48.16246;11.557;522.6;NaN;0.0;3.3;183.6;13 / 21;120021;2018-11-09 17:39:38:070
-0.938;4.376;8.648;8.0;1.0;37.22;48.16246;11.557;522.2;NaN;0.0;3.4;183.6;13 / 21;120121;2018-11-09 17:39:38:170
-0.584;4.223;9.04;0.0;1.0;38.63;48.16246;11.557;522.2;NaN;0.0;3.4;183.6;13 / 21;120221;2018-11-09 17:39:38:270
0.134;3.543;9.979;5.0;1.0;38.63;48.16246;11.557;522.2;NaN;0.0;3.4;183.6;13 / 21;120321;2018-11-09 17:39:38:370
-1.465;3.763;12.402;17.0;1.0;38.63;48.16246;11.557;522.2;NaN;0.0;3.4;183.6;13 / 21;120422;2018-11-09 17:39:38:471
-0.469;2.662;7.154;4.0;1.0;38.67;48.16246;11.557;522.2;NaN;0.0;3.4;183.6;13 / 21;120521;2018-11-09 17:39:38:570
-0.814;2.547;8.724;0.0;1.0;38.67;48.16246;11.557;522.2;NaN;0.0;3.4;183.6;13 / 21;120622;2018-11-09 17:39:38:671
-1.331;4.108;8.418;15.0;1.0;38.67;48.16246;11.557;522.2;NaN;0.0;3.4;183.6;13 / 21;120721;2018-11-09 17:39:38:770
-1.513;4.357;10.199;10.0;1.0;38.38;48.16246;11.557;522.2;NaN;0.0;3.4;183.6;13 / 21;120822;2018-11-09 17:39:38:871
-0.651;4.501;11.789;15.0;1.0;38.38;48.16246;11.557;522.2;NaN;0.0;3.4;183.6;13 / 21;120922;2018-11-09 17:39:38:971
-0.948;4.558;10.544;12.0;1.0;38.38;48.16246;11.557;522.2;NaN;0.0;3.4;183.6;13 / 21;121022;2018-11-09 17:39:39:071
0.881;0.574;7.364;14.0;1.0;40.2;48.16245;11.55699;521.9;NaN;3.3;3.4;197.6;13 / 21;121122;2018-11-09 17:39:39:171
-0.067;3.064;7.326;8.0;1.0;40.2;48.16245;11.55699;521.9;NaN;3.3;3.4;197.6;13 / 21;121222;2018-11-09 17:39:39:271
-0.478;5.171;7.92;9.0;1.0;40.2;48.16245;11.55699;521.9;NaN;3.3;3.4;197.6;13 / 21;121322;2018-11-09 17:39:39:371
0.335;5.133;8.198;14.0;1.0;38.04;48.16245;11.55699;521.9;NaN;3.3;3.4;197.6;13 / 21;121422;2018-11-09 17:39:39:471
1.925;5.631;7.087;3.0;1.0;38.04;48.16245;11.55699;521.9;NaN;3.3;3.4;197.6;13 / 21;121521;2018-11-09 17:39:39:570
-0.612;6.569;9.079;10.0;1.0;38.04;48.16245;11.55699;521.9;NaN;3.3;3.4;197.6;13 / 21;121622;2018-11-09 17:39:39:671
2.758;3.198;10.544;17.0;1.0;37.63;48.16245;11.55699;521.9;NaN;3.3;3.4;197.6;13 / 21;121722;2018-11-09 17:39:39:771
0.536;2.403;7.115;21.0;1.0;37.63;48.16245;11.55699;521.9;NaN;3.3;3.4;197.6;13 / 21;121821;2018-11-09 17:39:39:870
0.948;3.361;8.332;23.0;1.0;37.63;48.16245;11.55699;521.9;NaN;3.3;3.4;197.6;13 / 21;121922;2018-11-09 17:39:39:971
-0.421;5.372;8.437;8.0;1.0;39.15;48.16245;11.55699;521.9;NaN;3.3;3.4;197.6;13 / 21;122022;2018-11-09 17:39:40:071
-0.804;5.593;9.165;13.0;1.0;39.15;48.16245;11.55699;521.7;NaN;0.0;3.4;197.6;13 / 21;122122;2018-11-09 17:39:40:171
-0.076;5.679;10.228;6.0;1.0;39.15;48.16244;11.55699;521.7;NaN;0.0;3.4;197.6;13 / 21;122222;2018-11-09 17:39:40:271
1.599;4.319;12.316;19.0;1.0;38.61;48.16244;11.55699;521.7;NaN;0.0;3.4;197.6;13 / 21;122321;2018-11-09 17:39:40:370
1.925;2.461;6.79;20.0;1.0;38.61;48.16244;11.55699;521.7;NaN;0.0;3.4;197.6;13 / 21;122422;2018-11-09 17:39:40:471
1.197;3.85;8.217;8.0;1.0;38.61;48.16244;11.55699;521.7;NaN;0.0;3.4;197.6;13 / 21;122522;2018-11-09 17:39:40:571
0.603;4.778;7.604;20.0;1.0;39.12;48.16244;11.55699;521.7;NaN;0.0;3.4;197.6;13 / 21;122622;2018-11-09 17:39:40:671
0.948;5.114;7.929;15.0;1.0;39.12;48.16244;11.55699;521.7;NaN;0.0;3.4;197.6;13 / 21;122721;2018-11-09 17:39:40:770
-0.105;5.861;9.443;2.0;1.0;39.12;48.16244;11.55699;521.7;NaN;0.0;3.4;197.6;13 / 21;122821;2018-11-09 17:39:40:870
1.819;4.319;12.392;19.0;1.0;42.76;48.16244;11.55699;521.7;NaN;0.0;3.4;197.6;13 / 21;122923;2018-11-09 17:39:40:972
0.057;2.949;6.502;22.0;1.0;42.76;48.16244;11.55699;521.7;NaN;0.0;3.4;197.6;13 / 21;123022;2018-11-09 17:39:41:071
0.488;3.715;8.657;12.0;1.0;42.76;48.16244;11.55699;521.4;NaN;0.0;3.5;197.6;13 / 21;123121;2018-11-09 17:39:41:170
-1.149;5.573;7.498;23.0;1.0;41.67;48.16244;11.55699;521.4;NaN;0.0;3.5;197.6;13 / 21;123221;2018-11-09 17:39:41:270
-0.057;5.439;9.481;11.0;1.0;41.67;48.16244;11.55699;521.4;NaN;0.0;3.5;197.6;13 / 21;123321;2018-11-09 17:39:41:370
0.9;5.047;10.391;17.0;1.0;41.67;48.16244;11.55699;521.4;NaN;0.0;3.5;197.6;13 / 21;123421;2018-11-09 17:39:41:470
1.187;4.769;11.023;12.0;1.0;44.83;48.16244;11.55699;521.4;NaN;0.0;3.5;197.6;13 / 21;123522;2018-11-09 17:39:41:571
2.049;1.695;7.297;10.0;1.0;44.83;48.16244;11.55699;521.4;NaN;0.0;3.5;197.6;13 / 21;123622;2018-11-09 17:39:41:671
0.679;2.193;8.13;21.0;1.0;44.83;48.16244;11.55699;521.4;NaN;0.0;3.5;197.6;13 / 21;123722;2018-11-09 17:39:41:771
0.325;3.754;8.724;6.0;1.0;40.98;48.16244;11.55699;521.4;NaN;0.0;3.5;197.6;13 / 21;123822;2018-11-09 17:39:41:871
0.785;3.735;9.299;22.0;1.0;40.98;48.16244;11.55699;521.4;NaN;0.0;3.5;197.6;13 / 21;123922;2018-11-09 17:39:41:971
0.632;3.572;9.356;11.0;1.0;40.98;48.16244;11.55699;521.4;NaN;0.0;3.5;197.6;13 / 21;124022;2018-11-09 17:39:42:071
-1.053;4.405;11.473;26.0;1.0;40.7;48.16243;11.55698;521.0;NaN;0.0;3.5;197.6;13 / 21;124122;2018-11-09 17:39:42:171
0.277;1.934;7.834;16.0;1.0;40.7;48.16243;11.55698;521.0;NaN;0.0;3.5;197.6;13 / 21;124222;2018-11-09 17:39:42:271
-0.249;2.662;8.887;29.0;1.0;40.7;48.16243;11.55698;521.0;NaN;0.0;3.5;197.6;13 / 21;124322;2018-11-09 17:39:42:371
-0.411;4.108;7.048;28.0;1.0;43.75;48.16243;11.55698;521.0;NaN;0.0;3.5;197.6;13 / 21;124422;2018-11-09 17:39:42:471
-0.938;4.922;9.079;13.0;1.0;43.75;48.16243;11.55698;521.0;NaN;0.0;3.5;197.6;13 / 21;124522;2018-11-09 17:39:42:571
0.871;3.984;10.659;33.0;1.0;43.75;48.16243;11.55698;521.0;NaN;0.0;3.5;197.6;13 / 21;124622;2018-11-09 17:39:42:671
2.078;4.798;12.153;16.0;1.0;44.09;48.16243;11.55698;521.0;NaN;0.0;3.5;197.6;13 / 21;124722;2018-11-09 17:39:42:771
2.317;2.154;8.887;18.0;1.0;44.09;48.16243;11.55698;521.0;NaN;0.0;3.5;197.6;13 / 21;124821;2018-11-09 17:39:42:870
1.321;3.208;7.24;10.0;1.0;44.09;48.16243;11.55698;521.0;NaN;0.0;3.5;197.6;13 / 21;124922;2018-11-09 17:39:42:971
1.005;4.539;7.92;25.0;1.0;46.09;48.16243;11.55698;521.0;NaN;0.0;3.5;197.6;13 / 21;125021;2018-11-09 17:39:43:070
1.398;4.3;8.36;25.0;1.0;46.09;48.16242;11.55697;520.7;NaN;0.0;3.6;197.6;13 / 21;125121;2018-11-09 17:39:43:170
4.778;7.259;7.556;6.0;1.0;46.09;48.16242;11.55697;520.7;NaN;0.0;3.6;197.6;13 / 21;125221;2018-11-09 17:39:43:270
-0.584;6.675;11.032;4.0;1.0;41.33;48.16242;11.55697;520.7;NaN;0.0;3.6;197.6;13 / 21;125321;2018-11-09 17:39:43:370
2.49;2.365;6.148;22.0;1.0;41.33;48.16242;11.55697;520.7;NaN;0.0;3.6;197.6;13 / 21;125422;2018-11-09 17:39:43:471
3.055;3.399;7.393;13.0;1.0;41.33;48.16242;11.55697;520.7;NaN;0.0;3.6;197.6;13 / 21;125522;2018-11-09 17:39:43:571
2.241;5.573;4.846;23.0;1.0;47.55;48.16242;11.55697;520.7;NaN;0.0;3.6;197.6;13 / 21;125624;2018-11-09 17:39:43:673
2.528;6.387;8.82;22.0;1.0;47.55;48.16242;11.55697;520.7;NaN;0.0;3.6;197.6;13 / 21;125722;2018-11-09 17:39:43:771
3.984;6.55;8.868;13.0;1.0;47.55;48.16242;11.55697;520.7;NaN;0.0;3.6;197.6;13 / 21;125821;2018-11-09 17:39:43:870
6.32;6.273;10.534;11.0;1.0;42.36;48.16242;11.55697;520.7;NaN;0.0;3.6;197.6;13 / 21;125921;2018-11-09 17:39:43:970
4.874;2.796;4.97;18.0;1.0;42.36;48.16242;11.55697;520.7;NaN;0.0;3.6;197.6;13 / 21;126022;2018-11-09 17:39:44:071
3.179;3.677;7.843;20.0;1.0;42.36;48.16242;11.55696;520.3;NaN;3.2;3.6;203.9;13 / 21;126122;2018-11-09 17:39:44:171
2.097;5.104;6.675;23.0;1.0;46.97;48.16242;11.55696;520.3;NaN;3.2;3.6;203.9;13 / 21;126222;2018-11-09 17:39:44:271
3.016;6.091;6.656;5.0;1.0;46.97;48.16242;11.55696;520.3;NaN;3.2;3.6;203.9;13 / 21;126322;2018-11-09 17:39:44:371
3.572;6.052;6.608;18.0;1.0;46.97;48.16242;11.55696;520.3;NaN;3.2;3.6;203.9;13 / 21;126422;2018-11-09 17:39:44:471
1.589;5.727;11.281;25.0;1.0;49.04;48.16242;11.55696;520.3;NaN;3.2;3.6;203.9;13 / 21;126522;2018-11-09 17:39:44:571
4.769;4.213;4.089;19.0;1.0;49.04;48.16242;11.55696;520.3;NaN;3.2;3.6;203.9;13 / 21;126622;2018-11-09 17:39:44:671
6.052;2.892;6.78;17.0;1.0;49.04;48.16242;11.55696;520.3;NaN;3.2;3.6;203.9;13 / 21;126722;2018-11-09 17:39:44:771
3.026;5.669;5.363;17.0;1.0;48.39;48.16242;11.55696;520.3;NaN;3.2;3.6;203.9;13 / 21;126822;2018-11-09 17:39:44:871
4.951;6.474;8.236;2.0;1.0;48.39;48.16242;11.55696;520.3;NaN;3.2;3.6;203.9;13 / 21;126922;2018-11-09 17:39:44:971
6.349;6.809;6.646;19.0;1.0;48.39;48.16242;11.55696;520.3;NaN;3.2;3.6;203.9;13 / 21;127022;2018-11-09 17:39:45:071
7.489;6.914;3.85;18.0;1.0;43.55;48.16241;11.55696;519.9;NaN;3.1;3.5;203.9;13 / 21;127122;2018-11-09 17:39:45:171
10.544;2.748;8.37;8.0;1.0;43.55;48.16241;11.55696;519.9;NaN;3.1;3.5;203.9;13 / 21;127222;2018-11-09 17:39:45:271
6.943;2.48;1.082;27.0;1.0;43.55;48.16241;11.55696;519.9;NaN;3.1;3.5;203.9;13 / 21;127322;2018-11-09 17:39:45:371
2.25;5.535;1.79;21.0;1.0;42.44;48.16241;11.55696;519.9;NaN;3.1;3.5;203.9;13 / 21;127422;2018-11-09 17:39:45:471
3.802;4.711;2.078;67.0;1.0;42.44;48.16241;11.55696;519.9;NaN;3.1;3.5;203.9;13 / 21;127522;2018-11-09 17:39:45:571
6.608;0.498;5.535;98.0;1.0;42.44;48.16241;11.55696;519.9;NaN;3.1;3.5;203.9;13 / 21;127622;2018-11-09 17:39:45:671
9.672;-2.911;7.767;88.0;1.0;42.44;48.16241;11.55696;519.9;NaN;3.1;3.5;203.9;13 / 21;127722;2018-11-09 17:39:45:771
12.977;-5.219;6.368;55.0;1.0;43.6;48.16241;11.55696;519.9;NaN;3.1;3.5;203.9;13 / 21;127822;2018-11-09 17:39:45:871
12.115;-3.888;3.773;40.0;1.0;43.6;48.16241;11.55696;519.9;NaN;3.1;3.5;203.9;13 / 21;127921;2018-11-09 17:39:45:970
9.213;-0.44;5.257;38.0;1.0;43.6;48.16241;11.55696;519.9;NaN;3.1;3.5;203.9;13 / 21;128021;2018-11-09 17:39:46:070
10.477;1.637;2.49;33.0;1.0;53.23;48.16241;11.55696;519.6;NaN;0.0;3.5;203.9;13 / 21;128122;2018-11-09 17:39:46:171
11.808;-0.871;7.594;45.0;1.0;53.23;48.16241;11.55696;519.6;NaN;0.0;3.5;203.9;13 / 21;128222;2018-11-09 17:39:46:271
15.725;-7.192;8.322;102.0;1.0;53.23;48.16241;11.55696;519.6;NaN;0.0;3.5;203.9;13 / 21;128321;2018-11-09 17:39:46:370
9.366;-8.954;6.751;170.0;1.0;47.63;48.16241;11.55696;519.6;NaN;0.0;3.5;203.9;13 / 21;128421;2018-11-09 17:39:46:470
6.704;-6.244;1.455;320.0;1.0;47.63;48.16241;11.55696;519.6;NaN;0.0;3.5;203.9;13 / 21;128521;2018-11-09 17:39:46:570
6.474;-5.765;7.087;515.0;1.0;47.63;48.16241;11.55696;519.6;NaN;0.0;3.5;203.9;13 / 21;128622;2018-11-09 17:39:46:671
4.041;-3.696;4.587;516.0;1.0;48.0;48.16241;11.55696;519.6;NaN;0.0;3.5;203.9;13 / 21;128722;2018-11-09 17:39:46:771
7.249;-2.557;5.679;429.0;1.0;48.0;48.16241;11.55696;519.6;NaN;0.0;3.5;203.9;13 / 21;128821;2018-11-09 17:39:46:870
14.327;-1.58;3.102;299.0;1.0;48.0;48.16241;11.55696;519.6;NaN;0.0;3.5;203.9;13 / 21;128921;2018-11-09 17:39:46:970
10.362;-3.466;-11.894;67.0;1.0;47.12;48.16241;11.55696;519.6;NaN;0.0;3.5;203.9;13 / 21;129022;2018-11-09 17:39:47:071
2.269;-4.453;-5.822;51.0;1.0;47.12;48.1624;11.55697;519.3;NaN;2.3;3.5;186.1;13 / 21;129123;2018-11-09 17:39:47:172
2.834;-3.457;-6.751;41.0;1.0;47.12;48.1624;11.55697;519.3;NaN;2.3;3.5;186.1;13 / 21;129221;2018-11-09 17:39:47:270
3.476;-4.3;-8.092;56.0;1.0;52.21;48.1624;11.55697;519.3;NaN;2.3;3.5;186.1;13 / 21;129321;2018-11-09 17:39:47:370
-1.905;-12.057;-11.933;51.0;1.0;52.21;48.1624;11.55697;519.3;NaN;2.3;3.5;186.1;13 / 21;129421;2018-11-09 17:39:47:470
2.806;-4.731;-5.2;60.0;1.0;52.21;48.1624;11.55697;519.3;NaN;2.3;3.5;186.1;13 / 21;129521;2018-11-09 17:39:47:570
4.692;-6.464;-7.134;53.0;1.0;55.7;48.1624;11.55697;519.3;NaN;2.3;3.5;186.1;13 / 21;129621;2018-11-09 17:39:47:670
3.696;-5.114;-8.044;58.0;1.0;55.7;48.1624;11.55697;519.3;NaN;2.3;3.5;186.1;13 / 21;129721;2018-11-09 17:39:47:770
4.826;-2.26;-6.924;75.0;1.0;55.7;48.1624;11.55697;519.3;NaN;2.3;3.5;186.1;13 / 21;129821;2018-11-09 17:39:47:870
4.664;-2.183;-7.47;46.0;1.0;46.75;48.1624;11.55697;519.3;NaN;2.3;3.5;186.1;13 / 21;129921;2018-11-09 17:39:47:970
3.782;-2.988;-5.583;76.0;1.0;46.75;48.1624;11.55697;519.3;NaN;2.3;3.5;186.1;13 / 21;130023;2018-11-09 17:39:48:072
0.766;-7.422;-3.562;86.0;1.0;46.75;48.1624;11.55697;519.3;NaN;2.3;3.5;186.1;13 / 21;130122;2018-11-09 17:39:48:171
5.909;-6.636;-6.761;108.0;1.0;46.68;48.16239;11.55698;518.9;NaN;0.0;3.5;186.1;13 / 21;130222;2018-11-09 17:39:48:271
6.196;-3.917;0.057;165.0;1.0;46.68;48.16239;11.55698;518.9;NaN;0.0;3.5;186.1;13 / 21;130321;2018-11-09 17:39:48:370
12.354;-8.945;-7.949;231.0;1.0;46.68;48.16239;11.55698;518.9;NaN;0.0;3.5;186.1;13 / 21;130421;2018-11-09 17:39:48:470
12.297;-7.403;-6.014;155.0;1.0;45.8;48.16239;11.55698;518.9;NaN;0.0;3.5;186.1;13 / 21;130521;2018-11-09 17:39:48:570
11.952;-9.117;-4.98;202.0;1.0;45.8;48.16239;11.55698;518.9;NaN;0.0;3.5;186.1;13 / 21;130622;2018-11-09 17:39:48:671
9.059;-8.207;-5.707;205.0;1.0;45.8;48.16239;11.55698;518.9;NaN;0.0;3.5;186.1;13 / 21;130722;2018-11-09 17:39:48:771
6.071;-7.412;-1.656;236.0;1.0;39.65;48.16239;11.55698;518.9;NaN;0.0;3.5;186.1;13 / 21;130822;2018-11-09 17:39:48:871
5.458;-6.378;0.306;312.0;1.0;39.65;48.16239;11.55698;518.9;NaN;0.0;3.5;186.1;13 / 21;130922;2018-11-09 17:39:48:971
6.751;-7.795;0.306;373.0;1.0;39.65;48.16239;11.55698;518.9;NaN;0.0;3.5;186.1;13 / 21;131022;2018-11-09 17:39:49:071
5.688;-7.518;2.71;356.0;1.0;65.11;48.16238;11.55698;518.6;NaN;2.6;3.5;173.2;13 / 21;131122;2018-11-09 17:39:49:171
7.527;-6.924;2.413;378.0;1.0;65.11;48.16238;11.55698;518.6;NaN;2.6;3.5;173.2;13 / 21;131222;2018-11-09 17:39:49:271
8.753;-7.182;0.488;417.0;1.0;65.11;48.16238;11.55698;518.6;NaN;2.6;3.5;173.2;13 / 21;131322;2018-11-09 17:39:49:371
9.299;-4.443;0.306;398.0;1.0;55.71;48.16238;11.55698;518.6;NaN;2.6;3.5;173.2;13 / 21;131421;2018-11-09 17:39:49:470
13.657;-3.974;-4.625;353.0;1.0;55.71;48.16238;11.55698;518.6;NaN;2.6;3.5;173.2;13 / 21;131521;2018-11-09 17:39:49:570
12.479;-6.148;-7.776;302.0;1.0;55.71;48.16238;11.55698;518.6;NaN;2.6;3.5;173.2;13 / 21;131621;2018-11-09 17:39:49:670
7.106;-7.518;-7.441;286.0;1.0;42.61;48.16238;11.55698;518.6;NaN;2.6;3.5;173.2;13 / 21;131721;2018-11-09 17:39:49:770
8.657;-7.441;-4.654;189.0;1.0;42.61;48.16238;11.55698;518.6;NaN;2.6;3.5;173.2;13 / 21;131821;2018-11-09 17:39:49:870
5.248;-6.148;-7.728;158.0;1.0;42.61;48.16238;11.55698;518.6;NaN;2.6;3.5;173.2;13 / 21;131921;2018-11-09 17:39:49:970
1.925;-2.949;-1.206;137.0;1.0;46.37;48.16238;11.55698;518.6;NaN;2.6;3.5;173.2;13 / 21;132021;2018-11-09 17:39:50:070
2.863;-0.689;-2.413;114.0;1.0;46.37;48.16238;11.55699;518.3;NaN;0.0;3.5;173.2;13 / 21;132122;2018-11-09 17:39:50:171
6.34;-0.708;-4.031;110.0;1.0;46.37;48.16238;11.55699;518.3;NaN;0.0;3.5;173.2;13 / 21;132222;2018-11-09 17:39:50:271
6.981;-2.001;-3.39;150.0;1.0;50.58;48.16238;11.55699;518.3;NaN;0.0;3.5;173.2;13 / 21;132322;2018-11-09 17:39:50:371
7.862;-6.847;-2.02;166.0;1.0;50.58;48.16238;11.55699;518.3;NaN;0.0;3.5;173.2;13 / 21;132421;2018-11-09 17:39:50:470
6.704;-8.504;-3.237;191.0;1.0;50.58;48.16238;11.55699;518.3;NaN;0.0;3.5;173.2;13 / 21;132521;2018-11-09 17:39:50:570
9.203;-11.348;2.719;221.0;1.0;51.9;48.16238;11.55699;518.3;NaN;0.0;3.5;173.2;13 / 21;132621;2018-11-09 17:39:50:670
10.506;-9.634;-4.051;130.0;1.0;51.9;48.16238;11.55699;518.3;NaN;0.0;3.5;173.2;13 / 21;132721;2018-11-09 17:39:50:770
9.433;-6.502;-1.819;150.0;1.0;51.9;48.16238;11.55699;518.3;NaN;0.0;3.5;173.2;13 / 21;132821;2018-11-09 17:39:50:870
11.894;-6.34;-3.878;102.0;1.0;42.24;48.16238;11.55699;518.3;NaN;0.0;3.5;173.2;13 / 21;132921;2018-11-09 17:39:50:970
12.603;-7.23;-4.462;90.0;1.0;42.24;48.16238;11.55699;518.3;NaN;0.0;3.5;173.2;13 / 21;133021;2018-11-09 17:39:51:070
16.3;-6.78;-8.159;85.0;1.0;42.24;48.16237;11.55699;518.0;NaN;0.0;3.5;173.2;13 / 21;133125;2018-11-09 17:39:51:174
13.34;-6.454;-0.593;169.0;1.0;45.84;48.16237;11.55699;518.0;NaN;0.0;3.5;173.2;13 / 21;133222;2018-11-09 17:39:51:271
10.132;-2.71;-2.154;168.0;1.0;45.84;48.16237;11.55699;518.0;NaN;0.0;3.5;173.2;13 / 21;133321;2018-11-09 17:39:51:370
4.558;-2.662;-3.284;153.0;1.0;45.84;48.16237;11.55699;518.0;NaN;0.0;3.5;173.2;13 / 21;133421;2018-11-09 17:39:51:470
2.078;-3.112;1.426;145.0;1.0;55.56;48.16237;11.55699;518.0;NaN;0.0;3.5;173.2;13 / 21;133521;2018-11-09 17:39:51:570
2.672;-3.419;1.666;159.0;1.0;55.56;48.16237;11.55699;518.0;NaN;0.0;3.5;173.2;13 / 21;133621;2018-11-09 17:39:51:670
10.841;-5.458;-3.735;159.0;1.0;55.56;48.16237;11.55699;518.0;NaN;0.0;3.5;173.2;13 / 21;133721;2018-11-09 17:39:51:770
13.293;-3.514;-1.283;111.0;1.0;55.34;48.16237;11.55699;518.0;NaN;0.0;3.5;173.2;13 / 21;133822;2018-11-09 17:39:51:871
12.249;-1.733;-2.298;73.0;1.0;55.34;48.16237;11.55699;518.0;NaN;0.0;3.5;173.2;13 / 21;133922;2018-11-09 17:39:51:971
13.628;-0.402;-2.604;73.0;1.0;55.34;48.16237;11.55699;518.0;NaN;0.0;3.5;173.2;13 / 21;134022;2018-11-09 17:39:52:071
11.138;-2.557;-0.612;54.0;1.0;47.65;48.16236;11.55699;517.6;NaN;0.0;3.5;173.2;13 / 21;134123;2018-11-09 17:39:52:172
11.396;-3.237;-0.335;54.0;1.0;47.65;48.16236;11.55699;517.6;NaN;0.0;3.5;173.2;13 / 21;134222;2018-11-09 17:39:52:271
15.342;-4.137;-1.992;47.0;1.0;47.65;48.16236;11.55699;517.6;NaN;0.0;3.5;173.2;13 / 21;134322;2018-11-09 17:39:52:371
12.517;-4.472;-0.067;46.0;1.0;47.47;48.16236;11.55699;517.6;NaN;0.0;3.5;173.2;13 / 21;134422;2018-11-09 17:39:52:471
9.433;-3.85;-0.747;66.0;1.0;47.47;48.16236;11.55699;517.6;NaN;0.0;3.5;173.2;13 / 21;134522;2018-11-09 17:39:52:571
8.753;-1.628;3.543;142.0;1.0;47.47;48.16236;11.55699;517.6;NaN;0.0;3.5;173.2;13 / 21;134622;2018-11-09 17:39:52:671
4.75;0.124;3.553;247.0;1.0;60.04;48.16236;11.55699;517.6;NaN;0.0;3.5;173.2;13 / 21;134721;2018-11-09 17:39:52:770
9.96;0.823;4.051;311.0;1.0;60.04;48.16236;11.55699;517.6;NaN;0.0;3.5;173.2;13 / 21;134821;2018-11-09 17:39:52:870
11.54;-0.028;4.405;319.0;1.0;60.04;48.16236;11.55699;517.6;NaN;0.0;3.5;173.2;13 / 21;134921;2018-11-09 17:39:52:970
13.36;-1.216;2.02;278.0;1.0;48.82;48.16236;11.55699;517.6;NaN;0.0;3.5;173.2;13 / 21;135021;2018-11-09 17:39:53:070
10.343;-2.154;0.957;239.0;1.0;48.82;48.16236;11.55699;517.6;NaN;0.0;3.5;173.2;13 / 21;135121;2018-11-09 17:39:53:170
11.569;-1.446;-1.522;182.0;1.0;48.82;48.16238;11.55702;517.3;NaN;0.0;3.5;173.2;13 / 21;135221;2018-11-09 17:39:53:270
9.749;0.028;-1.446;163.0;1.0;43.99;48.16238;11.55702;517.3;NaN;0.0;3.5;173.2;13 / 21;135321;2018-11-09 17:39:53:370
13.551;-1.034;-0.239;181.0;1.0;43.99;48.16238;11.55702;517.3;NaN;0.0;3.5;173.2;13 / 21;135421;2018-11-09 17:39:53:470
15.361;-3.85;-1.034;210.0;1.0;43.99;48.16238;11.55702;517.3;NaN;0.0;3.5;173.2;13 / 21;135521;2018-11-09 17:39:53:570
13.388;-6.138;0.411;210.0;1.0;43.12;48.16238;11.55702;517.3;NaN;0.0;3.5;173.2;13 / 21;135622;2018-11-09 17:39:53:671
13.226;-5.727;3.945;271.0;1.0;43.12;48.16238;11.55702;517.3;NaN;0.0;3.5;173.2;13 / 21;135722;2018-11-09 17:39:53:771
7.211;-2.806;3.955;276.0;1.0;43.12;48.16238;11.55702;517.3;NaN;0.0;3.5;173.2;13 / 21;135822;2018-11-09 17:39:53:871
4.348;-2.863;3.304;94.0;1.0;49.56;48.16238;11.55702;517.3;NaN;0.0;3.5;173.2;13 / 21;135922;2018-11-09 17:39:53:971
6.464;-2.825;4.721;88.0;1.0;49.56;48.16238;11.55702;517.3;NaN;0.0;3.5;173.2;13 / 21;136022;2018-11-09 17:39:54:071
11.214;-2.03;5.248;100.0;1.0;49.56;48.16237;11.55704;517.2;NaN;0.0;3.5;173.2;13 / 21;136122;2018-11-09 17:39:54:171
16.52;-3.026;-2.834;114.0;1.0;48.36;48.16237;11.55704;517.2;NaN;0.0;3.5;173.2;13 / 21;136222;2018-11-09 17:39:54:271
7.221;-0.632;3.16;139.0;1.0;48.36;48.16237;11.55704;517.2;NaN;0.0;3.5;173.2;13 / 21;136322;2018-11-09 17:39:54:371
6.636;-0.651;2.892;190.0;1.0;48.36;48.16237;11.55704;517.2;NaN;0.0;3.5;173.2;13 / 21;136422;2018-11-09 17:39:54:471
12.287;-2.691;0.986;202.0;1.0;47.89;48.16237;11.55704;517.2;NaN;0.0;3.5;173.2;13 / 21;136522;2018-11-09 17:39:54:571
13.12;-3.591;3.122;192.0;1.0;47.89;48.16237;11.55704;517.2;NaN;0.0;3.5;173.2;13 / 21;136621;2018-11-09 17:39:54:670
15.878;-2.758;3.438;144.0;1.0;47.89;48.16237;11.55704;517.2;NaN;0.0;3.5;173.2;13 / 21;136721;2018-11-09 17:39:54:770
9.874;-3.246;2.068;89.0;1.0;37.73;48.16237;11.55704;517.2;NaN;0.0;3.5;173.2;13 / 21;136821;2018-11-09 17:39:54:870
9.433;-1.925;2.097;58.0;1.0;37.73;48.16237;11.55704;517.2;NaN;0.0;3.5;173.2;13 / 21;136921;2018-11-09 17:39:54:970
6.569;-2.93;1.972;54.0;1.0;37.73;48.16237;11.55704;517.2;NaN;0.0;3.5;173.2;13 / 21;137023;2018-11-09 17:39:55:072
3.715;-3.237;1.197;54.0;1.0;44.2;48.16235;11.55709;516.8;NaN;6.0;3.5;108.8;13 / 21;137123;2018-11-09 17:39:55:172
6.799;-4.568;0.881;55.0;1.0;44.2;48.16235;11.55709;516.8;NaN;6.0;3.5;108.8;13 / 21;137223;2018-11-09 17:39:55:272
9.586;-5.315;0.344;47.0;1.0;44.2;48.16235;11.55709;516.8;NaN;6.0;3.5;108.8;13 / 21;137322;2018-11-09 17:39:55:371
15.227;-4.52;3.112;50.0;1.0;47.93;48.16235;11.55709;516.8;NaN;6.0;3.5;108.8;13 / 21;137421;2018-11-09 17:39:55:470
10.975;-3.352;-0.134;25.0;1.0;47.93;48.16235;11.55709;516.8;NaN;6.0;3.5;108.8;13 / 21;137521;2018-11-09 17:39:55:570
8.772;-2.518;2.7;21.0;1.0;47.93;48.16235;11.55709;516.8;NaN;6.0;3.5;108.8;13 / 21;137622;2018-11-09 17:39:55:671
9.107;-4.041;3.533;28.0;1.0;45.43;48.16235;11.55709;516.8;NaN;6.0;3.5;108.8;13 / 21;137722;2018-11-09 17:39:55:771
10.707;-6.876;3.39;39.0;1.0;45.43;48.16235;11.55709;516.8;NaN;6.0;3.5;108.8;13 / 21;137822;2018-11-09 17:39:55:871
11.214;-6.138;3.237;11.0;1.0;45.43;48.16235;11.55709;516.8;NaN;6.0;3.5;108.8;13 / 21;137921;2018-11-09 17:39:55:970
7.709;-5.698;2.882;24.0;1.0;45.43;48.16235;11.55709;516.8;NaN;6.0;3.5;108.8;13 / 21;138024;2018-11-09 17:39:56:073
5.688;-5.095;2.604;32.0;1.0;47.91;48.16234;11.55712;516.6;NaN;5.8;3.6;127.4;13 / 21;138122;2018-11-09 17:39:56:171
7.02;-7.364;2.892;20.0;1.0;47.91;48.16234;11.55712;516.6;NaN;5.8;3.6;127.4;13 / 21;138222;2018-11-09 17:39:56:271
4.118;-6.847;5.401;2.0;1.0;47.91;48.16234;11.55712;516.6;NaN;5.8;3.6;127.4;13 / 21;138321;2018-11-09 17:39:56:370
5.966;-9.701;2.212;22.0;1.0;48.05;48.16234;11.55712;516.6;NaN;5.8;3.6;127.4;13 / 21;138422;2018-11-09 17:39:56:471
11.942;-8.016;0.66;13.0;1.0;48.05;48.16234;11.55712;516.6;NaN;5.8;3.6;127.4;13 / 21;138522;2018-11-09 17:39:56:571
9.816;-5.382;5.372;14.0;1.0;48.05;48.16234;11.55712;516.6;NaN;5.8;3.6;127.4;13 / 21;138621;2018-11-09 17:39:56:670
3.246;-5.43;1.752;12.0;1.0;46.24;48.16234;11.55712;516.6;NaN;5.8;3.6;127.4;13 / 21;138721;2018-11-09 17:39:56:770
7.307;-4.127;2.078;23.0;1.0;46.24;48.16234;11.55712;516.6;NaN;5.8;3.6;127.4;13 / 21;138821;2018-11-09 17:39:56:870
12.153;-6.713;3.466;16.0;1.0;46.24;48.16234;11.55712;516.6;NaN;5.8;3.6;127.4;13 / 21;138921;2018-11-09 17:39:56:970
9.787;-7.738;3.217;20.0;1.0;43.43;48.16234;11.55712;516.6;NaN;5.8;3.6;127.4;13 / 21;139024;2018-11-09 17:39:57:073
9.778;-8.399;4.673;20.0;1.0;43.43;48.16233;11.55713;516.3;NaN;0.0;3.6;127.4;13 / 21;139123;2018-11-09 17:39:57:172
8.341;-7.451;1.513;10.0;1.0;43.43;48.16233;11.55713;516.3;NaN;0.0;3.6;127.4;13 / 21;139223;2018-11-09 17:39:57:272
7.182;-6.589;4.635;16.0;1.0;40.35;48.16233;11.55713;516.3;NaN;0.0;3.6;127.4;13 / 21;139322;2018-11-09 17:39:57:371
5.698;-7.767;1.905;22.0;1.0;40.35;48.16233;11.55713;516.3;NaN;0.0;3.6;127.4;13 / 21;139422;2018-11-09 17:39:57:471
3.246;-6.914;2.298;6.0;1.0;40.35;48.16233;11.55713;516.3;NaN;0.0;3.6;127.4;13 / 21;139522;2018-11-09 17:39:57:571
5.487;-8.245;2.25;17.0;1.0;39.05;48.16233;11.55713;516.3;NaN;0.0;3.6;127.4;13 / 21;139621;2018-11-09 17:39:57:670
4.175;-10.247;0.306;28.0;1.0;39.05;48.16233;11.55713;516.3;NaN;0.0;3.6;127.4;13 / 21;139721;2018-11-09 17:39:57:770
9.136;-8.351;2.719;21.0;1.0;39.05;48.16233;11.55713;516.3;NaN;0.0;3.6;127.4;13 / 21;139822;2018-11-09 17:39:57:871
8.753;-7.115;3.007;25.0;1.0;35.47;48.16233;11.55713;516.3;NaN;0.0;3.6;127.4;13 / 21;139922;2018-11-09 17:39:57:971
7.316;-6.416;4.031;22.0;1.0;35.47;48.16233;11.55713;516.3;NaN;0.0;3.6;127.4;13 / 21;140022;2018-11-09 17:39:58:071
7.661;-6.742;3.955;21.0;1.0;35.47;48.16233;11.55713;516.0;NaN;0.0;3.6;127.4;14 / 21;140122;2018-11-09 17:39:58:171
8.638;-8.858;5.535;25.0;1.0;37.89;48.16233;11.55713;516.0;NaN;0.0;3.6;127.4;14 / 21;140221;2018-11-09 17:39:58:270
11.291;-9.423;1.762;30.0;1.0;37.89;48.16233;11.55713;516.0;NaN;0.0;3.6;127.4;14 / 21;140322;2018-11-09 17:39:58:371
7.24;-7.211;3.112;8.0;1.0;37.89;48.16233;11.55713;516.0;NaN;0.0;3.6;127.4;14 / 21;140421;2018-11-09 17:39:58:470
4.271;-5.966;3.945;19.0;1.0;36.76;48.16233;11.55713;516.0;NaN;0.0;3.6;127.4;14 / 21;140521;2018-11-09 17:39:58:570
6.943;-4.539;3.735;17.0;1.0;36.76;48.16233;11.55713;516.0;NaN;0.0;3.6;127.4;14 / 21;140621;2018-11-09 17:39:58:670
4.96;-5.056;3.543;36.0;1.0;36.76;48.16233;11.55713;516.0;NaN;0.0;3.6;127.4;14 / 21;140721;2018-11-09 17:39:58:770
5.956;-7.441;2.739;26.0;1.0;38.12;48.16233;11.55713;516.0;NaN;0.0;3.6;127.4;14 / 21;140821;2018-11-09 17:39:58:870
7.709;-7.202;5.209;26.0;1.0;38.12;48.16233;11.55713;516.0;NaN;0.0;3.6;127.4;14 / 21;140921;2018-11-09 17:39:58:970
8.81;-6.129;6.34;9.0;1.0;38.12;48.16233;11.55713;516.0;NaN;0.0;3.6;127.4;14 / 21;141021;2018-11-09 17:39:59:070
9.337;-4.683;3.782;27.0;1.0;36.56;48.16232;11.55713;516.2;NaN;2.5;3.6;175.2;14 / 21;141122;2018-11-09 17:39:59:171
7.508;-4.529;3.323;18.0;1.0;36.56;48.16232;11.55713;516.2;NaN;2.5;3.6;175.2;14 / 21;141222;2018-11-09 17:39:59:271
7.652;-4.175;4.175;27.0;1.0;36.56;48.16232;11.55713;516.2;NaN;2.5;3.6;175.2;14 / 21;141321;2018-11-09 17:39:59:370
9.031;-6.349;3.754;24.0;1.0;36.47;48.16232;11.55713;516.2;NaN;2.5;3.6;175.2;14 / 21;141421;2018-11-09 17:39:59:470
6.914;-5.65;7.058;33.0;1.0;36.47;48.16232;11.55713;516.2;NaN;2.5;3.6;175.2;14 / 21;141522;2018-11-09 17:39:59:571
10.132;-5.612;5.171;32.0;1.0;36.47;48.16232;11.55713;516.2;NaN;2.5;3.6;175.2;14 / 21;141621;2018-11-09 17:39:59:670
7.958;-6.311;6.627;24.0;1.0;39.58;48.16232;11.55713;516.2;NaN;2.5;3.6;175.2;14 / 21;141721;2018-11-09 17:39:59:770
7.575;-6.014;6.091;29.0;1.0;39.58;48.16232;11.55713;516.2;NaN;2.5;3.6;175.2;14 / 21;141822;2018-11-09 17:39:59:871
4.271;-3.438;5.736;28.0;1.0;39.58;48.16232;11.55713;516.2;NaN;2.5;3.6;175.2;14 / 21;141921;2018-11-09 17:39:59:970
6.205;-4.635;4.041;16.0;1.0;40.88;48.16232;11.55713;516.2;NaN;2.5;3.6;175.2;14 / 21;142021;2018-11-09 17:40:00:070
2.154;-4.75;5.468;37.0;1.0;40.88;48.16232;11.55711;516.4;NaN;3.2;3.6;175.3;14 / 21;142123;2018-11-09 17:40:00:172
7.709;-6.79;8.322;30.0;1.0;40.88;48.16232;11.55711;516.4;NaN;3.2;3.6;175.3;14 / 21;142222;2018-11-09 17:40:00:271
10.056;-3.39;6.426;18.0;1.0;37.35;48.16232;11.55711;516.4;NaN;3.2;3.6;175.3;14 / 21;142321;2018-11-09 17:40:00:370
8.399;-4.099;6.043;19.0;1.0;37.35;48.16232;11.55711;516.4;NaN;3.2;3.6;175.3;14 / 21;142421;2018-11-09 17:40:00:470
7.259;-3.83;3.486;30.0;1.0;37.35;48.16232;11.55711;516.4;NaN;3.2;3.6;175.3;14 / 21;142521;2018-11-09 17:40:00:570
7.297;-5.047;2.394;26.0;1.0;40.89;48.16232;11.55711;516.4;NaN;3.2;3.6;175.3;14 / 21;142621;2018-11-09 17:40:00:670
8.667;-7.192;4.118;15.0;1.0;40.89;48.16232;11.55711;516.4;NaN;3.2;3.6;175.3;14 / 21;142722;2018-11-09 17:40:00:771
8.351;-7.058;3.083;3.0;1.0;40.89;48.16232;11.55711;516.4;NaN;3.2;3.6;175.3;14 / 21;142822;2018-11-09 17:40:00:871
9.184;-5.43;2.317;19.0;1.0;43.93;48.16232;11.55711;516.4;NaN;3.2;3.6;175.3;14 / 21;142922;2018-11-09 17:40:00:971
8.753;-5.794;3.591;30.0;1.0;43.93;48.16232;11.55711;516.4;NaN;3.2;3.6;175.3;14 / 21;143022;2018-11-09 17:40:01:071
8.849;-4.587;3.352;17.0;1.0;43.93;48.16231;11.55709;516.7;NaN;3.2;3.5;132.1;14 / 21;143122;2018-11-09 17:40:01:171
6.215;-4.74;3.39;29.0;1.0;43.72;48.16231;11.55709;516.7;NaN;3.2;3.5;132.1;14 / 21;143222;2018-11-09 17:40:01:271
5.238;-5.516;4.137;9.0;1.0;43.72;48.16231;11.55709;516.7;NaN;3.2;3.5;132.1;14 / 21;143322;2018-11-09 17:40:01:371
5.305;-6.244;6.818;18.0;1.0;43.72;48.16231;11.55709;516.7;NaN;3.2;3.5;132.1;14 / 21;143421;2018-11-09 17:40:01:470
6.636;-7.106;7.125;32.0;1.0;43.38;48.16231;11.55709;516.7;NaN;3.2;3.5;132.1;14 / 21;143521;2018-11-09 17:40:01:570
7.336;-6.273;7.518;31.0;1.0;43.38;48.16231;11.55709;516.7;NaN;3.2;3.5;132.1;14 / 21;143621;2018-11-09 17:40:01:670
4.951;-3.792;8.159;29.0;1.0;43.38;48.16231;11.55709;516.7;NaN;3.2;3.5;132.1;14 / 21;143721;2018-11-09 17:40:01:770
3.897;-4.156;5.66;18.0;1.0;43.38;48.16231;11.55709;516.7;NaN;3.2;3.5;132.1;14 / 21;143821;2018-11-09 17:40:01:870
4.893;-5.449;8.073;37.0;1.0;45.79;48.16231;11.55709;516.7;NaN;3.2;3.5;132.1;14 / 21;143922;2018-11-09 17:40:01:971
6.282;-7.422;8.217;29.0;1.0;45.79;48.16231;11.55709;516.7;NaN;3.2;3.5;132.1;14 / 21;144022;2018-11-09 17:40:02:071
7.479;-8.255;6.78;18.0;1.0;45.79;48.1623;11.5571;517.0;NaN;12.5;3.5;107.9;14 / 21;144122;2018-11-09 17:40:02:171
7.987;-4.96;5.631;27.0;1.0;38.89;48.1623;11.5571;517.0;NaN;12.5;3.5;107.9;14 / 21;144222;2018-11-09 17:40:02:271
7.451;-7.039;4.826;45.0;1.0;38.89;48.1623;11.5571;517.0;NaN;12.5;3.5;107.9;14 / 21;144322;2018-11-09 17:40:02:371
7.0;-4.922;4.185;42.0;1.0;38.89;48.1623;11.5571;517.0;NaN;12.5;3.5;107.9;14 / 21;144421;2018-11-09 17:40:02:470
5.19;-4.807;3.572;20.0;1.0;41.62;48.1623;11.5571;517.0;NaN;12.5;3.5;107.9;14 / 21;144521;2018-11-09 17:40:02:570
6.665;-7.431;5.066;27.0;1.0;41.62;48.1623;11.5571;517.0;NaN;12.5;3.5;107.9;14 / 21;144621;2018-11-09 17:40:02:670
5.162;-7.288;6.359;24.0;1.0;41.62;48.1623;11.5571;517.0;NaN;12.5;3.5;107.9;14 / 21;144722;2018-11-09 17:40:02:771
6.34;-4.252;6.742;21.0;1.0;46.45;48.1623;11.5571;517.0;NaN;12.5;3.5;107.9;14 / 21;144822;2018-11-09 17:40:02:871
5.277;-5.056;7.575;26.0;1.0;46.45;48.1623;11.5571;517.0;NaN;12.5;3.5;107.9;14 / 21;144922;2018-11-09 17:40:02:971
4.654;-4.865;5.257;27.0;1.0;46.45;48.1623;11.5571;517.0;NaN;12.5;3.5;107.9;14 / 21;145022;2018-11-09 17:40:03:071
4.041;-4.673;5.209;29.0;1.0;45.29;48.16229;11.55712;517.0;NaN;8.3;3.5;113.3;14 / 21;145122;2018-11-09 17:40:03:171
6.761;-6.474;6.397;21.0;1.0;45.29;48.16229;11.55712;517.0;NaN;8.3;3.5;113.3;14 / 21;145222;2018-11-09 17:40:03:271
7.355;-5.947;5.506;18.0;1.0;45.29;48.16229;11.55712;517.0;NaN;8.3;3.5;113.3;14 / 21;145322;2018-11-09 17:40:03:371
8.945;-6.684;5.909;28.0;1.0;43.71;48.16229;11.55712;517.0;NaN;8.3;3.5;113.3;14 / 21;145421;2018-11-09 17:40:03:470
7.862;-4.252;3.629;10.0;1.0;43.71;48.16229;11.55712;517.0;NaN;8.3;3.5;113.3;14 / 21;145521;2018-11-09 17:40:03:570
8.686;-6.148;3.677;27.0;1.0;43.71;48.16229;11.55712;517.0;NaN;8.3;3.5;113.3;14 / 21;145621;2018-11-09 17:40:03:670
7.929;-4.051;5.382;20.0;1.0;51.32;48.16229;11.55712;517.0;NaN;8.3;3.5;113.3;14 / 21;145721;2018-11-09 17:40:03:770
6.273;-5.2;4.29;30.0;1.0;51.32;48.16229;11.55712;517.0;NaN;8.3;3.5;113.3;14 / 21;145821;2018-11-09 17:40:03:870
5.209;-5.181;4.185;26.0;1.0;51.32;48.16229;11.55712;517.0;NaN;8.3;3.5;113.3;14 / 21;145921;2018-11-09 17:40:03:970
7.949;-6.675;3.859;18.0;1.0;51.64;48.16229;11.55712;517.0;NaN;8.3;3.5;113.3;14 / 21;146021;2018-11-09 17:40:04:070
8.341;-6.541;4.52;21.0;1.0;51.64;48.16229;11.55711;517.0;NaN;1.6;3.5;162.7;14 / 21;146121;2018-11-09 17:40:04:170
7.719;-3.802;4.616;22.0;1.0;51.64;48.16229;11.55711;517.0;NaN;1.6;3.5;162.7;14 / 21;146222;2018-11-09 17:40:04:271
7.949;-4.702;2.346;12.0;1.0;44.97;48.16229;11.55711;517.0;NaN;1.6;3.5;162.7;14 / 21;146322;2018-11-09 17:40:04:371
7.115;-4.702;1.819;20.0;1.0;44.97;48.16229;11.55711;517.0;NaN;1.6;3.5;162.7;14 / 21;146422;2018-11-09 17:40:04:471
8.092;-5.114;3.122;18.0;1.0;44.97;48.16229;11.55711;517.0;NaN;1.6;3.5;162.7;14 / 21;146522;2018-11-09 17:40:04:571
9.414;-6.981;3.495;15.0;1.0;48.65;48.16229;11.55711;517.0;NaN;1.6;3.5;162.7;14 / 21;146621;2018-11-09 17:40:04:670
8.312;-7.68;3.112;17.0;1.0;48.65;48.16229;11.55711;517.0;NaN;1.6;3.5;162.7;14 / 21;146721;2018-11-09 17:40:04:770
7.575;-3.984;2.815;11.0;1.0;48.65;48.16229;11.55711;517.0;NaN;1.6;3.5;162.7;14 / 21;146821;2018-11-09 17:40:04:870
8.121;-4.826;2.355;22.0;1.0;46.48;48.16229;11.55711;517.0;NaN;1.6;3.5;162.7;14 / 21;146921;2018-11-09 17:40:04:970
8.868;-3.083;4.338;28.0;1.0;46.48;48.16229;11.55711;517.0;NaN;1.6;3.5;162.7;14 / 21;147021;2018-11-09 17:40:05:070
7.096;-4.233;2.566;18.0;1.0;46.48;48.16228;11.55709;517.0;NaN;0.0;3.5;162.7;14 / 21;147122;2018-11-09 17:40:05:171
7.192;-5.363;4.328;32.0;1.0;49.99;48.16228;11.55709;517.0;NaN;0.0;3.5;162.7;14 / 21;147222;2018-11-09 17:40:05:271
9.567;-7.393;3.782;19.0;1.0;49.99;48.16228;11.55709;517.0;NaN;0.0;3.5;162.7;14 / 21;147322;2018-11-09 17:40:05:371
7.776;-6.378;1.407;22.0;1.0;49.99;48.16228;11.55709;517.0;NaN;0.0;3.5;162.7;14 / 21;147421;2018-11-09 17:40:05:470
7.585;-5.621;5.736;27.0;1.0;49.05;48.16228;11.55709;517.0;NaN;0.0;3.5;162.7;14 / 21;147521;2018-11-09 17:40:05:570
6.301;-5.075;1.426;27.0;1.0;49.05;48.16228;11.55709;517.0;NaN;0.0;3.5;162.7;14 / 21;147621;2018-11-09 17:40:05:670
5.861;-5.142;4.233;31.0;1.0;49.05;48.16228;11.55709;517.0;NaN;0.0;3.5;162.7;14 / 21;147721;2018-11-09 17:40:05:770
8.351;-5.305;6.129;19.0;1.0;41.36;48.16228;11.55709;517.0;NaN;0.0;3.5;162.7;14 / 21;147821;2018-11-09 17:40:05:870
9.395;-6.483;6.167;30.0;1.0;41.36;48.16228;11.55709;517.0;NaN;0.0;3.5;162.7;14 / 21;147921;2018-11-09 17:40:05:970
9.739;-7.163;2.93;20.0;1.0;41.36;48.16228;11.55709;517.0;NaN;0.0;3.5;162.7;14 / 21;148021;2018-11-09 17:40:06:070
7.192;-5.277;3.055;28.0;1.0;49.87;48.16228;11.55709;517.0;NaN;0.0;3.5;162.7;14 / 21;148121;2018-11-09 17:40:06:170
8.389;-4.922;1.972;32.0;1.0;49.87;48.16227;11.55707;517.2;NaN;0.0;3.5;162.7;14 / 21;148222;2018-11-09 17:40:06:271
8.13;-3.84;3.524;26.0;1.0;49.87;48.16227;11.55707;517.2;NaN;0.0;3.5;162.7;14 / 21;148322;2018-11-09 17:40:06:371
5.573;-4.28;2.212;27.0;1.0;55.14;48.16227;11.55707;517.2;NaN;0.0;3.5;162.7;14 / 21;148422;2018-11-09 17:40:06:471
7.163;-7.307;2.892;30.0;1.0;55.14;48.16227;11.55707;517.2;NaN;0.0;3.5;162.7;14 / 21;148522;2018-11-09 17:40:06:571
7.498;-9.222;2.403;41.0;1.0;55.14;48.16227;11.55707;517.2;NaN;0.0;3.5;162.7;14 / 21;148622;2018-11-09 17:40:06:671
7.192;-4.893;5.928;24.0;1.0;55.43;48.16227;11.55707;517.2;NaN;0.0;3.5;162.7;14 / 21;148721;2018-11-09 17:40:06:770
7.326;-6.397;4.376;45.0;1.0;55.43;48.16227;11.55707;517.2;NaN;0.0;3.5;162.7;14 / 21;148821;2018-11-09 17:40:06:870
6.502;-6.158;2.94;39.0;1.0;55.43;48.16227;11.55707;517.2;NaN;0.0;3.5;162.7;14 / 21;148921;2018-11-09 17:40:06:970
6.244;-5.612;3.629;37.0;1.0;49.73;48.16227;11.55707;517.2;NaN;0.0;3.5;162.7;14 / 21;149021;2018-11-09 17:40:07:070
7.728;-6.723;5.631;39.0;1.0;49.73;48.16227;11.55705;517.3;NaN;0.0;3.6;162.7;14 / 21;149123;2018-11-09 17:40:07:172
7.565;-6.962;5.612;41.0;1.0;49.73;48.16227;11.55705;517.3;NaN;0.0;3.6;162.7;14 / 21;149224;2018-11-09 17:40:07:273
8.973;-7.795;4.52;39.0;1.0;48.06;48.16227;11.55705;517.3;NaN;0.0;3.6;162.7;14 / 21;149322;2018-11-09 17:40:07:371
7.767;-5.813;4.769;40.0;1.0;48.06;48.16227;11.55705;517.3;NaN;0.0;3.6;162.7;14 / 21;149421;2018-11-09 17:40:07:470
7.106;-7.422;2.394;25.0;1.0;48.06;48.16227;11.55705;517.3;NaN;0.0;3.6;162.7;14 / 21;149521;2018-11-09 17:40:07:570
7.144;-5.583;4.424;26.0;1.0;43.18;48.16227;11.55705;517.3;NaN;0.0;3.6;162.7;14 / 21;149621;2018-11-09 17:40:07:670
4.443;-5.095;2.767;34.0;1.0;43.18;48.16227;11.55705;517.3;NaN;0.0;3.6;162.7;14 / 21;149721;2018-11-09 17:40:07:770
4.003;-6.378;3.744;25.0;1.0;43.18;48.16227;11.55705;517.3;NaN;0.0;3.6;162.7;14 / 21;149821;2018-11-09 17:40:07:870
7.987;-7.834;4.807;24.0;1.0;47.79;48.16227;11.55705;517.3;NaN;0.0;3.6;162.7;14 / 21;149922;2018-11-09 17:40:07:971
8.542;-7.498;3.495;31.0;1.0;47.79;48.16227;11.55705;517.3;NaN;0.0;3.6;162.7;14 / 21;150021;2018-11-09 17:40:08:070
7.202;-5.248;6.723;37.0;1.0;47.79;48.16227;11.55705;517.3;NaN;0.0;3.6;162.7;14 / 21;150122;2018-11-09 17:40:08:171
6.933;-6.091;3.457;24.0;1.0;46.93;48.16227;11.55705;517.3;NaN;0.0;3.6;162.7;14 / 21;150222;2018-11-09 17:40:08:271
5.487;-6.541;2.968;16.0;1.0;46.93;48.16227;11.55705;517.3;NaN;0.0;3.6;162.7;14 / 21;150322;2018-11-09 17:40:08:371
5.995;-7.518;4.711;13.0;1.0;46.93;48.16227;11.55705;517.3;NaN;0.0;3.6;162.7;14 / 21;150422;2018-11-09 17:40:08:471
6.838;-8.38;4.702;23.0;1.0;46.93;48.16227;11.55705;517.3;NaN;0.0;3.6;162.7;14 / 21;150522;2018-11-09 17:40:08:571
7.278;-7.154;4.74;24.0;1.0;46.32;48.16227;11.55705;517.3;NaN;0.0;3.6;162.7;14 / 21;150621;2018-11-09 17:40:08:670
9.471;-5.478;3.428;19.0;1.0;46.32;48.16227;11.55705;517.3;NaN;0.0;3.6;162.7;14 / 21;150722;2018-11-09 17:40:08:771
8.274;-6.56;3.792;29.0;1.0;46.32;48.16227;11.55704;517.3;NaN;0.0;3.6;162.7;14 / 21;150822;2018-11-09 17:40:08:871
8.111;-5.679;3.543;36.0;1.0;44.63;48.16227;11.55704;517.3;NaN;0.0;3.6;162.7;14 / 21;150922;2018-11-09 17:40:08:971
5.985;-5.861;3.227;51.0;1.0;44.63;48.16227;11.55704;517.3;NaN;0.0;3.6;162.7;14 / 21;151022;2018-11-09 17:40:09:071
5.353;-6.263;3.428;26.0;1.0;44.63;48.16226;11.55704;517.4;NaN;0.0;3.6;162.7;14 / 21;151122;2018-11-09 17:40:09:171
5.966;-8.274;2.537;11.0;1.0;44.19;48.16226;11.55704;517.4;NaN;0.0;3.6;162.7;14 / 21;151222;2018-11-09 17:40:09:271
7.786;-9.222;2.7;37.0;1.0;44.19;48.16226;11.55704;517.4;NaN;0.0;3.6;162.7;14 / 21;151322;2018-11-09 17:40:09:371
7.374;-5.411;5.602;37.0;1.0;44.19;48.16226;11.55704;517.4;NaN;0.0;3.6;162.7;14 / 21;151422;2018-11-09 17:40:09:471
7.087;-6.464;3.792;18.0;1.0;48.34;48.16226;11.55704;517.4;NaN;0.0;3.6;162.7;14 / 21;151522;2018-11-09 17:40:09:571
6.675;-6.186;2.585;29.0;1.0;48.34;48.16226;11.55704;517.4;NaN;0.0;3.6;162.7;14 / 21;151622;2018-11-09 17:40:09:671
6.761;-5.755;4.951;26.0;1.0;48.34;48.16226;11.55704;517.4;NaN;0.0;3.6;162.7;14 / 21;151722;2018-11-09 17:40:09:771
8.063;-7.642;4.807;27.0;1.0;41.24;48.16226;11.55704;517.4;NaN;0.0;3.6;162.7;14 / 21;151821;2018-11-09 17:40:09:870
8.265;-8.14;3.917;22.0;1.0;41.24;48.16226;11.55704;517.4;NaN;0.0;3.6;162.7;14 / 21;151921;2018-11-09 17:40:09:970
8.676;-4.97;2.777;22.0;1.0;41.24;48.16226;11.55704;517.4;NaN;0.0;3.6;162.7;14 / 21;152021;2018-11-09 17:40:10:070
8.236;-7.422;2.949;33.0;1.0;40.97;48.16226;11.55705;517.3;NaN;0.0;3.7;162.7;14 / 21;152121;2018-11-09 17:40:10:170
7.853;-6.301;3.859;45.0;1.0;40.97;48.16226;11.55705;517.3;NaN;0.0;3.7;162.7;14 / 21;152222;2018-11-09 17:40:10:271
4.721;-5.487;2.815;26.0;1.0;40.97;48.16226;11.55705;517.3;NaN;0.0;3.7;162.7;14 / 21;152322;2018-11-09 17:40:10:371
4.625;-6.416;2.796;24.0;1.0;53.35;48.16226;11.55705;517.3;NaN;0.0;3.7;162.7;14 / 21;152422;2018-11-09 17:40:10:471
6.684;-7.738;3.122;33.0;1.0;53.35;48.16226;11.55705;517.3;NaN;0.0;3.7;162.7;14 / 21;152522;2018-11-09 17:40:10:571
8.083;-7.537;3.735;32.0;1.0;53.35;48.16226;11.55705;517.3;NaN;0.0;3.7;162.7;14 / 21;152622;2018-11-09 17:40:10:671
7.728;-5.353;5.267;40.0;1.0;54.69;48.16226;11.55705;517.3;NaN;0.0;3.7;162.7;14 / 21;152722;2018-11-09 17:40:10:771
8.044;-5.727;3.122;34.0;1.0;54.69;48.16226;11.55705;517.3;NaN;0.0;3.7;162.7;14 / 21;152821;2018-11-09 17:40:10:870
6.244;-5.717;3.428;34.0;1.0;54.69;48.16226;11.55705;517.3;NaN;0.0;3.7;162.7;14 / 21;152921;2018-11-09 17:40:10:970
6.177;-5.583;6.522;40.0;1.0;42.15;48.16226;11.55705;517.3;NaN;0.0;3.7;162.7;14 / 21;153021;2018-11-09 17:40:11:070
7.968;-7.403;6.675;37.0;1.0;42.15;48.16226;11.55716;517.3;NaN;18.2;3.7;90.3;14 / 21;153122;2018-11-09 17:40:11:171
7.144;-7.144;6.876;38.0;1.0;42.15;48.16226;11.55716;517.3;NaN;18.2;3.7;90.3;14 / 21;153222;2018-11-09 17:40:11:271
7.498;-5.65;5.554;53.0;1.0;37.17;48.16226;11.55716;517.3;NaN;18.2;3.7;90.3;13 / 21;153322;2018-11-09 17:40:11:371
7.489;-7.067;4.884;75.0;1.0;37.17;48.16226;11.55716;517.3;NaN;18.2;3.7;90.3;13 / 21;153422;2018-11-09 17:40:11:471
6.32;-4.98;5.238;48.0;1.0;37.17;48.16226;11.55716;517.3;NaN;18.2;3.7;90.3;13 / 21;153522;2018-11-09 17:40:11:571
4.434;-5.095;4.769;32.0;1.0;46.92;48.16226;11.55716;517.3;NaN;18.2;3.7;90.3;13 / 21;153621;2018-11-09 17:40:11:670
4.874;-7.853;3.792;25.0;1.0;46.92;48.16226;11.55716;517.3;NaN;18.2;3.7;90.3;13 / 21;153721;2018-11-09 17:40:11:770
5.621;-9.864;5.612;39.0;1.0;46.92;48.16226;11.55716;517.3;NaN;18.2;3.7;90.3;13 / 21;153821;2018-11-09 17:40:11:870
5.487;-4.012;7.364;70.0;1.0;49.91;48.16226;11.55716;517.3;NaN;18.2;3.7;90.3;13 / 21;153921;2018-11-09 17:40:11:970
5.889;-7.259;6.071;92.0;1.0;49.91;48.16226;11.55716;517.3;NaN;18.2;3.7;90.3;13 / 21;154021;2018-11-09 17:40:12:070
5.736;-5.775;5.411;91.0;1.0;49.91;48.16226;11.55722;517.1;NaN;18.3;3.7;92.7;13 / 21;154122;2018-11-09 17:40:12:171
5.028;-5.707;5.985;114.0;1.0;43.1;48.16226;11.55722;517.1;NaN;18.3;3.7;92.7;14 / 21;154222;2018-11-09 17:40:12:271
6.924;-7.508;6.196;126.0;1.0;43.1;48.16226;11.55722;517.1;NaN;18.3;3.7;92.7;14 / 21;154321;2018-11-09 17:40:12:370
7.316;-7.489;5.583;144.0;1.0;43.1;48.16226;11.55722;517.1;NaN;18.3;3.7;92.7;14 / 21;154422;2018-11-09 17:40:12:471
7.977;-5.621;2.921;128.0;1.0;48.05;48.16226;11.55722;517.1;NaN;18.3;3.7;92.7;14 / 21;154522;2018-11-09 17:40:12:571
7.0;-6.234;3.84;156.0;1.0;48.05;48.16226;11.55722;517.1;NaN;18.3;3.7;92.7;14 / 21;154622;2018-11-09 17:40:12:671
8.044;-5.794;3.591;139.0;1.0;48.05;48.16226;11.55722;517.1;NaN;18.3;3.7;92.7;14 / 21;154721;2018-11-09 17:40:12:770
6.167;-5.707;3.62;127.0;1.0;43.43;48.16226;11.55722;517.1;NaN;18.3;3.7;92.7;14 / 21;154821;2018-11-09 17:40:12:870
5.257;-6.416;3.16;122.0;1.0;43.43;48.16226;11.55722;517.1;NaN;18.3;3.7;92.7;14 / 21;154921;2018-11-09 17:40:12:970
6.033;-8.159;3.562;91.0;1.0;43.43;48.16226;11.55722;517.1;NaN;18.3;3.7;92.7;14 / 21;155021;2018-11-09 17:40:13:070
7.7;-9.376;3.016;68.0;1.0;47.85;48.16225;11.55722;517.3;NaN;14.8;3.8;101.9;14 / 21;155121;2018-11-09 17:40:13:170
7.431;-4.759;5.497;62.0;1.0;47.85;48.16225;11.55722;517.3;NaN;14.8;3.8;101.9;14 / 21;155222;2018-11-09 17:40:13:271
7.565;-6.502;2.94;40.0;1.0;47.85;48.16225;11.55722;517.3;NaN;14.8;3.8;101.9;13 / 21;155321;2018-11-09 17:40:13:370
5.966;-6.033;2.662;30.0;1.0;45.04;48.16225;11.55722;517.3;NaN;14.8;3.8;101.9;13 / 21;155421;2018-11-09 17:40:13:470
6.215;-5.535;4.357;50.0;1.0;45.04;48.16225;11.55722;517.3;NaN;14.8;3.8;101.9;13 / 21;155521;2018-11-09 17:40:13:570
7.805;-7.786;4.491;38.0;1.0;45.04;48.16225;11.55722;517.3;NaN;14.8;3.8;101.9;13 / 21;155621;2018-11-09 17:40:13:670
7.805;-7.661;3.84;48.0;1.0;45.03;48.16225;11.55722;517.3;NaN;14.8;3.8;101.9;13 / 21;155721;2018-11-09 17:40:13:770
8.044;-7.23;3.179;41.0;1.0;45.03;48.16225;11.55722;517.3;NaN;14.8;3.8;101.9;13 / 21;155821;2018-11-09 17:40:13:870
6.713;-6.273;3.524;32.0;1.0;45.03;48.16225;11.55722;517.3;NaN;14.8;3.8;101.9;13 / 21;155922;2018-11-09 17:40:13:971
7.795;-6.723;2.509;23.0;1.0;40.45;48.16225;11.55722;517.3;NaN;14.8;3.8;101.9;13 / 21;156022;2018-11-09 17:40:14:071
7.805;-6.273;3.313;23.0;1.0;40.45;48.16225;11.55722;517.3;NaN;14.8;3.8;101.9;13 / 21;156122;2018-11-09 17:40:14:171
6.646;-6.454;3.438;17.0;1.0;40.45;48.16225;11.55723;517.5;NaN;11.2;3.8;95.8;13 / 21;156222;2018-11-09 17:40:14:271
4.74;-6.464;3.016;27.0;1.0;43.85;48.16225;11.55723;517.5;NaN;11.2;3.8;95.8;13 / 21;156322;2018-11-09 17:40:14:371
7.02;-7.355;3.533;27.0;1.0;43.85;48.16225;11.55723;517.5;NaN;11.2;3.8;95.8;13 / 21;156422;2018-11-09 17:40:14:471
7.834;-7.431;4.453;36.0;1.0;43.85;48.16225;11.55723;517.5;NaN;11.2;3.8;95.8;13 / 21;156521;2018-11-09 17:40:14:570
7.403;-6.522;1.992;24.0;1.0;39.5;48.16225;11.55723;517.5;NaN;11.2;3.8;95.8;13 / 21;156621;2018-11-09 17:40:14:670
7.316;-5.976;6.876;19.0;1.0;39.5;48.16225;11.55723;517.5;NaN;11.2;3.8;95.8;13 / 21;156721;2018-11-09 17:40:14:770
5.937;-7.048;1.992;16.0;1.0;39.5;48.16225;11.55723;517.5;NaN;11.2;3.8;95.8;13 / 21;156821;2018-11-09 17:40:14:870
4.865;-5.535;3.61;10.0;1.0;36.46;48.16225;11.55723;517.5;NaN;11.2;3.8;95.8;13 / 21;156921;2018-11-09 17:40:14:970
6.646;-7.872;3.562;10.0;1.0;36.46;48.16225;11.55723;517.5;NaN;11.2;3.8;95.8;13 / 21;157021;2018-11-09 17:40:15:070
7.585;-7.987;4.501;0.0;1.0;36.46;48.16224;11.55725;517.7;NaN;13.8;3.8;100.8;13 / 21;157121;2018-11-09 17:40:15:170
9.605;-7.202;3.131;14.0;1.0;38.62;48.16224;11.55725;517.7;NaN;13.8;3.8;100.8;12 / 21;157222;2018-11-09 17:40:15:271
5.123;-6.292;3.438;8.0;1.0;38.62;48.16224;11.55725;517.7;NaN;13.8;3.8;100.8;12 / 21;157322;2018-11-09 17:40:15:371
7.479;-6.742;2.748;23.0;1.0;38.62;48.16224;11.55725;517.7;NaN;13.8;3.8;100.8;12 / 21;157422;2018-11-09 17:40:15:471
7.259;-6.34;3.811;24.0;1.0;54.41;48.16224;11.55725;517.7;NaN;13.8;3.8;100.8;12 / 21;157522;2018-11-09 17:40:15:571
4.348;-5.554;3.792;21.0;1.0;54.41;48.16224;11.55725;517.7;NaN;13.8;3.8;100.8;12 / 21;157622;2018-11-09 17:40:15:671
6.32;-8.121;2.279;32.0;1.0;54.41;48.16224;11.55725;517.7;NaN;13.8;3.8;100.8;12 / 21;157722;2018-11-09 17:40:15:771
7.336;-8.734;2.49;14.0;1.0;60.21;48.16224;11.55725;517.7;NaN;13.8;3.8;100.8;12 / 21;157822;2018-11-09 17:40:15:871
7.23;-6.004;3.744;13.0;1.0;60.21;48.16224;11.55725;517.7;NaN;13.8;3.8;100.8;12 / 21;157922;2018-11-09 17:40:15:971
7.192;-7.144;3.237;7.0;1.0;60.21;48.16224;11.55725;517.7;NaN;13.8;3.8;100.8;12 / 21;158026;2018-11-09 17:40:16:075
6.598;-6.148;3.083;29.0;1.0;49.16;48.16224;11.55726;517.7;NaN;12.7;3.8;91.6;12 / 21;158122;2018-11-09 17:40:16:171
6.541;-6.282;4.376;11.0;1.0;49.16;48.16224;11.55726;517.7;NaN;12.7;3.8;91.6;12 / 21;158221;2018-11-09 17:40:16:270
8.312;-7.565;5.353;18.0;1.0;49.16;48.16224;11.55726;517.7;NaN;12.7;3.8;91.6;12 / 21;158322;2018-11-09 17:40:16:371
9.308;-7.316;4.443;15.0;1.0;46.52;48.16224;11.55726;517.7;NaN;12.7;3.8;91.6;12 / 21;158422;2018-11-09 17:40:16:471
8.494;-6.311;3.648;23.0;1.0;46.52;48.16224;11.55726;517.7;NaN;12.7;3.8;91.6;12 / 21;158522;2018-11-09 17:40:16:571
9.337;-7.632;3.802;14.0;1.0;46.52;48.16224;11.55726;517.7;NaN;12.7;3.8;91.6;12 / 21;158622;2018-11-09 17:40:16:671
8.935;-7.173;2.604;24.0;1.0;51.72;48.16224;11.55726;517.7;NaN;12.7;3.8;91.6;12 / 21;158722;2018-11-09 17:40:16:771
4.213;-5.87;2.509;12.0;1.0;51.72;48.16224;11.55726;517.7;NaN;12.7;3.8;91.6;12 / 21;158821;2018-11-09 17:40:16:870
2.279;-6.857;3.093;23.0;1.0;51.72;48.16224;11.55726;517.7;NaN;12.7;3.8;91.6;12 / 21;158921;2018-11-09 17:40:16:970
5.114;-8.686;3.16;29.0;1.0;62.66;48.16224;11.55726;517.7;NaN;12.7;3.8;91.6;12 / 21;159021;2018-11-09 17:40:17:070
9.874;-9.04;2.221;14.0;1.0;62.66;48.16224;11.55726;517.9;NaN;9.5;3.8;92.8;12 / 21;159121;2018-11-09 17:40:17:170
9.107;-6.158;6.771;17.0;1.0;62.66;48.16224;11.55726;517.9;NaN;9.5;3.8;92.8;12 / 21;159222;2018-11-09 17:40:17:271
7.383;-6.234;3.227;16.0;1.0;47.56;48.16224;11.55726;517.9;NaN;9.5;3.8;92.8;12 / 21;159322;2018-11-09 17:40:17:371
7.518;-4.932;3.553;8.0;1.0;47.56;48.16224;11.55726;517.9;NaN;9.5;3.8;92.8;12 / 21;159422;2018-11-09 17:40:17:471
9.519;-4.711;5.209;11.0;1.0;47.56;48.16224;11.55726;517.9;NaN;9.5;3.8;92.8;12 / 21;159521;2018-11-09 17:40:17:570
10.946;-7.7;4.213;19.0;1.0;44.93;48.16224;11.55726;517.9;NaN;9.5;3.8;92.8;12 / 21;159621;2018-11-09 17:40:17:670
8.686;-8.676;1.886;27.0;1.0;44.93;48.16224;11.55726;517.9;NaN;9.5;3.8;92.8;12 / 21;159721;2018-11-09 17:40:17:770
7.939;-8.255;2.672;18.0;1.0;44.93;48.16224;11.55726;517.9;NaN;9.5;3.8;92.8;12 / 21;159821;2018-11-09 17:40:17:870
6.79;-6.818;2.241;5.0;1.0;51.03;48.16224;11.55726;517.9;NaN;9.5;3.8;92.8;12 / 21;159921;2018-11-09 17:40:17:970
5.085;-6.196;3.198;14.0;1.0;51.03;48.16224;11.55726;517.9;NaN;9.5;3.8;92.8;12 / 21;160022;2018-11-09 17:40:18:071
4.597;-8.083;2.049;14.0;1.0;51.03;48.16223;11.55725;517.9;NaN;7.9;3.8;109.2;12 / 21;160122;2018-11-09 17:40:18:171
6.119;-9.376;2.978;18.0;1.0;54.31;48.16223;11.55725;517.9;NaN;7.9;3.8;109.2;12 / 21;160221;2018-11-09 17:40:18:270
7.824;-6.32;5.008;5.0;1.0;54.31;48.16223;11.55725;517.9;NaN;7.9;3.8;109.2;12 / 21;160321;2018-11-09 17:40:18:370
6.991;-6.608;6.876;30.0;1.0;54.31;48.16223;11.55725;517.9;NaN;7.9;3.8;109.2;12 / 21;160421;2018-11-09 17:40:18:470
7.46;-5.219;4.635;23.0;1.0;50.2;48.16223;11.55725;517.9;NaN;7.9;3.8;109.2;12 / 21;160521;2018-11-09 17:40:18:570
6.895;-5.152;6.215;24.0;1.0;50.2;48.16223;11.55725;517.9;NaN;7.9;3.8;109.2;12 / 21;160621;2018-11-09 17:40:18:670
7.345;-6.311;6.426;24.0;1.0;50.2;48.16223;11.55725;517.9;NaN;7.9;3.8;109.2;12 / 21;160721;2018-11-09 17:40:18:770
9.471;-7.987;5.344;29.0;1.0;44.53;48.16223;11.55725;517.9;NaN;7.9;3.8;109.2;12 / 21;160822;2018-11-09 17:40:18:871
8.6;-6.895;3.198;28.0;1.0;44.53;48.16223;11.55725;517.9;NaN;7.9;3.8;109.2;12 / 21;160922;2018-11-09 17:40:18:971
7.46;-6.55;4.041;33.0;1.0;44.53;48.16223;11.55725;517.9;NaN;7.9;3.8;109.2;12 / 21;161022;2018-11-09 17:40:19:071
7.632;-5.238;2.365;15.0;1.0;49.41;48.16222;11.55724;518.0;NaN;7.5;3.8;113.7;12 / 21;161123;2018-11-09 17:40:19:172
6.32;-6.292;2.375;28.0;1.0;49.41;48.16222;11.55724;518.0;NaN;7.5;3.8;113.7;12 / 21;161222;2018-11-09 17:40:19:271
6.263;-8.121;1.637;36.0;1.0;49.41;48.16222;11.55724;518.0;NaN;7.5;3.8;113.7;12 / 21;161322;2018-11-09 17:40:19:371
7.125;-8.054;1.771;27.0;1.0;52.02;48.16222;11.55724;518.0;NaN;7.5;3.8;113.7;12 / 21;161421;2018-11-09 17:40:19:470
7.671;-5.889;5.928;33.0;1.0;52.02;48.16222;11.55724;518.0;NaN;7.5;3.8;113.7;12 / 21;161521;2018-11-09 17:40:19:570
9.835;-5.516;6.263;36.0;1.0;52.02;48.16222;11.55724;518.0;NaN;7.5;3.8;113.7;12 / 21;161621;2018-11-09 17:40:19:670
6.838;-4.884;2.25;50.0;1.0;45.42;48.16222;11.55724;518.0;NaN;7.5;3.8;113.7;12 / 21;161721;2018-11-09 17:40:19:770
6.483;-5.545;4.692;40.0;1.0;45.42;48.16222;11.55724;518.0;NaN;7.5;3.8;113.7;12 / 21;161821;2018-11-09 17:40:19:870
8.006;-6.914;5.736;48.0;1.0;45.42;48.16222;11.55724;518.0;NaN;7.5;3.8;113.7;12 / 21;161921;2018-11-09 17:40:19:970
11.31;-8.791;3.917;45.0;1.0;48.53;48.16222;11.55724;518.0;NaN;7.5;3.8;113.7;12 / 21;162023;2018-11-09 17:40:20:072
7.259;-6.043;3.323;45.0;1.0;48.53;48.16221;11.55722;518.1;NaN;5.5;3.8;113.5;12 / 21;162122;2018-11-09 17:40:20:171
7.115;-5.487;3.543;40.0;1.0;48.53;48.16221;11.55722;518.1;NaN;5.5;3.8;113.5;12 / 21;162222;2018-11-09 17:40:20:271
7.355;-5.487;3.045;20.0;1.0;55.5;48.16221;11.55722;518.1;NaN;5.5;3.8;113.5;12 / 21;162322;2018-11-09 17:40:20:371
5.372;-6.033;2.221;29.0;1.0;55.5;48.16221;11.55722;518.1;NaN;5.5;3.8;113.5;12 / 21;162421;2018-11-09 17:40:20:470
8.686;-9.308;1.302;13.0;1.0;55.5;48.16221;11.55722;518.1;NaN;5.5;3.8;113.5;12 / 21;162521;2018-11-09 17:40:20:570
7.565;-7.211;0.833;26.0;1.0;51.3;48.16221;11.55722;518.1;NaN;5.5;3.8;113.5;12 / 21;162621;2018-11-09 17:40:20:670
6.569;-5.516;3.821;21.0;1.0;51.3;48.16221;11.55722;518.1;NaN;5.5;3.8;113.5;12 / 21;162721;2018-11-09 17:40:20:770
8.514;-5.181;2.853;32.0;1.0;51.3;48.16221;11.55722;518.1;NaN;5.5;3.8;113.5;12 / 21;162821;2018-11-09 17:40:20:870
8.437;-5.439;4.127;49.0;1.0;44.44;48.16221;11.55722;518.1;NaN;5.5;3.8;113.5;12 / 21;162922;2018-11-09 17:40:20:971
9.979;-6.502;5.152;54.0;1.0;44.44;48.16221;11.55722;518.1;NaN;5.5;3.8;113.5;12 / 21;163022;2018-11-09 17:40:21:071
11.205;-10.534;5.851;51.0;1.0;44.44;48.16221;11.55722;518.1;NaN;5.5;3.8;113.5;12 / 21;163122;2018-11-09 17:40:21:171
11.597;-7.249;-1.446;42.0;1.0;46.4;48.16221;11.5572;518.5;NaN;5.4;3.7;108.5;13 / 21;163222;2018-11-09 17:40:21:271
4.711;-7.01;2.873;46.0;1.0;46.4;48.16221;11.5572;518.5;NaN;5.4;3.7;108.5;13 / 21;163322;2018-11-09 17:40:21:371
6.091;-6.502;3.83;18.0;1.0;46.4;48.16221;11.5572;518.5;NaN;5.4;3.7;108.5;13 / 21;163422;2018-11-09 17:40:21:471
3.476;-4.644;2.48;27.0;1.0;48.03;48.16221;11.5572;518.5;NaN;5.4;3.7;108.5;13 / 21;163522;2018-11-09 17:40:21:571
4.654;-7.403;2.614;30.0;1.0;48.03;48.16221;11.5572;518.5;NaN;5.4;3.7;108.5;13 / 21;163621;2018-11-09 17:40:21:670
10.716;-8.198;3.428;16.0;1.0;48.03;48.16221;11.5572;518.5;NaN;5.4;3.7;108.5;13 / 21;163721;2018-11-09 17:40:21:770
8.322;-5.286;3.074;21.0;1.0;44.73;48.16221;11.5572;518.5;NaN;5.4;3.7;108.5;13 / 21;163821;2018-11-09 17:40:21:870
7.776;-6.809;4.089;19.0;1.0;44.73;48.16221;11.5572;518.5;NaN;5.4;3.7;108.5;13 / 21;163921;2018-11-09 17:40:21:970
7.058;-4.644;0.871;21.0;1.0;44.73;48.16221;11.5572;518.5;NaN;5.4;3.7;108.5;13 / 21;164021;2018-11-09 17:40:22:070
7.69;-4.568;4.415;27.0;1.0;44.73;48.16221;11.55716;518.6;NaN;3.7;3.7;118.2;14 / 21;164121;2018-11-09 17:40:22:170
9.557;-6.818;5.123;22.0;1.0;43.2;48.16221;11.55716;518.6;NaN;3.7;3.7;118.2;14 / 21;164222;2018-11-09 17:40:22:271
10.084;-9.404;4.06;19.0;1.0;43.2;48.16221;11.55716;518.6;NaN;3.7;3.7;118.2;14 / 21;164322;2018-11-09 17:40:22:371
7.824;-7.01;3.725;0.0;1.0;43.2;48.16221;11.55716;518.6;NaN;3.7;3.7;118.2;14 / 21;164422;2018-11-09 17:40:22:471
5.296;-6.713;2.528;21.0;1.0;39.95;48.16221;11.55716;518.6;NaN;3.7;3.7;118.2;14 / 21;164522;2018-11-09 17:40:22:571
5.813;-5.87;3.323;41.0;1.0;39.95;48.16221;11.55716;518.6;NaN;3.7;3.7;118.2;14 / 21;164622;2018-11-09 17:40:22:671
5.928;-6.426;3.122;40.0;1.0;39.95;48.16221;11.55716;518.6;NaN;3.7;3.7;118.2;14 / 21;164722;2018-11-09 17:40:22:771
6.158;-8.571;2.241;30.0;1.0;40.02;48.16221;11.55716;518.6;NaN;3.7;3.7;118.2;14 / 21;164822;2018-11-09 17:40:22:871
7.546;-8.763;3.907;27.0;1.0;40.02;48.16221;11.55716;518.6;NaN;3.7;3.7;118.2;14 / 21;164921;2018-11-09 17:40:22:970
7.297;-4.501;4.769;33.0;1.0;40.02;48.16221;11.55716;518.6;NaN;3.7;3.7;118.2;14 / 21;165021;2018-11-09 17:40:23:070
7.7;-7.451;2.633;46.0;1.0;44.56;48.1622;11.55714;518.5;NaN;3.4;3.7;122.0;14 / 21;165121;2018-11-09 17:40:23:170
8.265;-5.152;3.869;44.0;1.0;44.56;48.1622;11.55714;518.5;NaN;3.4;3.7;122.0;14 / 21;165221;2018-11-09 17:40:23:270
6.512;-4.788;4.692;77.0;1.0;44.56;48.1622;11.55714;518.5;NaN;3.4;3.7;122.0;14 / 21;165321;2018-11-09 17:40:23:370
8.782;-7.403;4.031;88.0;1.0;50.21;48.1622;11.55714;518.5;NaN;3.4;3.7;122.0;14 / 21;165421;2018-11-09 17:40:23:470
8.13;-7.374;3.917;76.0;1.0;50.21;48.1622;11.55714;518.5;NaN;3.4;3.7;122.0;14 / 21;165522;2018-11-09 17:40:23:571
9.155;-4.98;4.146;81.0;1.0;50.21;48.1622;11.55714;518.5;NaN;3.4;3.7;122.0;14 / 21;165622;2018-11-09 17:40:23:671
9.079;-7.278;5.219;36.0;1.0;37.32;48.1622;11.55714;518.5;NaN;3.4;3.7;122.0;14 / 21;165722;2018-11-09 17:40:23:771
5.775;-5.238;5.095;32.0;1.0;37.32;48.1622;11.55714;518.5;NaN;3.4;3.7;122.0;14 / 21;165821;2018-11-09 17:40:23:870
2.882;-4.941;4.443;49.0;1.0;37.32;48.1622;11.55714;518.5;NaN;3.4;3.7;122.0;14 / 21;165921;2018-11-09 17:40:23:970
4.166;-5.573;5.688;121.0;1.0;49.62;48.1622;11.55714;518.5;NaN;3.4;3.7;122.0;14 / 21;166022;2018-11-09 17:40:24:071
4.482;-6.445;6.349;110.0;1.0;49.62;48.16219;11.55711;518.5;NaN;4.4;3.7;179.0;14 / 21;166122;2018-11-09 17:40:24:171
5.918;-5.085;8.552;121.0;1.0;49.62;48.16219;11.55711;518.5;NaN;4.4;3.7;179.0;14 / 21;166222;2018-11-09 17:40:24:271
7.115;-4.941;8.791;64.0;1.0;54.56;48.16219;11.55711;518.5;NaN;4.4;3.7;179.0;14 / 21;166322;2018-11-09 17:40:24:371
4.213;-3.208;7.508;40.0;1.0;54.56;48.16219;11.55711;518.5;NaN;4.4;3.7;179.0;14 / 21;166421;2018-11-09 17:40:24:470
5.095;-4.175;6.464;16.0;1.0;54.56;48.16219;11.55711;518.5;NaN;4.4;3.7;179.0;14 / 21;166521;2018-11-09 17:40:24:570
5.746;-4.156;8.494;40.0;1.0;47.37;48.16219;11.55711;518.5;NaN;4.4;3.7;179.0;14 / 21;166621;2018-11-09 17:40:24:670
7.278;-5.736;7.661;19.0;1.0;47.37;48.16219;11.55711;518.5;NaN;4.4;3.7;179.0;14 / 21;166721;2018-11-09 17:40:24:770
8.629;-6.522;7.451;24.0;1.0;47.37;48.16219;11.55711;518.5;NaN;4.4;3.7;179.0;14 / 21;166821;2018-11-09 17:40:24:870
8.619;-5.056;6.569;30.0;1.0;39.76;48.16219;11.55711;518.5;NaN;4.4;3.7;179.0;14 / 21;166921;2018-11-09 17:40:24:970
7.518;-4.022;5.257;39.0;1.0;39.76;48.16219;11.55711;518.5;NaN;4.4;3.7;179.0;14 / 21;167021;2018-11-09 17:40:25:070
3.888;-3.045;4.932;40.0;1.0;39.76;48.16219;11.55707;518.4;NaN;7.0;3.7;247.6;14 / 21;167129;2018-11-09 17:40:25:178
2.432;-4.261;2.604;38.0;1.0;52.0;48.16219;11.55707;518.4;NaN;7.0;3.7;247.6;14 / 21;167221;2018-11-09 17:40:25:270
3.122;-6.656;4.271;49.0;1.0;52.0;48.16219;11.55707;518.4;NaN;7.0;3.7;247.6;15 / 21;167321;2018-11-09 17:40:25:370
8.236;-6.301;10.85;51.0;1.0;52.0;48.16219;11.55707;518.4;NaN;7.0;3.7;247.6;15 / 21;167421;2018-11-09 17:40:25:470
7.805;-4.692;8.322;15.0;1.0;40.63;48.16219;11.55707;518.4;NaN;7.0;3.7;247.6;15 / 21;167521;2018-11-09 17:40:25:570
7.058;-5.2;5.956;26.0;1.0;40.63;48.16219;11.55707;518.4;NaN;7.0;3.7;247.6;15 / 21;167622;2018-11-09 17:40:25:671
8.025;-4.108;3.83;34.0;1.0;40.63;48.16219;11.55707;518.4;NaN;7.0;3.7;247.6;15 / 21;167722;2018-11-09 17:40:25:771
6.598;-5.458;3.84;32.0;1.0;38.29;48.16219;11.55707;518.4;NaN;7.0;3.7;247.6;15 / 21;167822;2018-11-09 17:40:25:871
6.426;-6.158;5.372;47.0;1.0;38.29;48.16219;11.55707;518.4;NaN;7.0;3.7;247.6;15 / 21;167922;2018-11-09 17:40:25:971
7.221;-7.403;6.387;52.0;1.0;38.29;48.16219;11.55707;518.4;NaN;7.0;3.7;247.6;15 / 21;168022;2018-11-09 17:40:26:071
7.7;-7.738;6.34;44.0;1.0;44.82;48.16216;11.55703;519.5;NaN;7.7;3.6;253.0;15 / 21;168122;2018-11-09 17:40:26:171
7.738;-4.549;5.621;46.0;1.0;44.82;48.16216;11.55703;519.5;NaN;7.7;3.6;253.0;15 / 21;168222;2018-11-09 17:40:26:271
10.697;-5.085;8.236;32.0;1.0;44.82;48.16216;11.55703;519.5;NaN;7.7;3.6;253.0;15 / 21;168322;2018-11-09 17:40:26:371
10.439;-4.597;7.575;24.0;1.0;51.68;48.16216;11.55703;519.5;NaN;7.7;3.6;253.0;15 / 21;168422;2018-11-09 17:40:26:471
7.182;-2.547;5.458;28.0;1.0;51.68;48.16216;11.55703;519.5;NaN;7.7;3.6;253.0;15 / 21;168522;2018-11-09 17:40:26:571
5.171;-0.651;5.765;32.0;1.0;51.68;48.16216;11.55703;519.5;NaN;7.7;3.6;253.0;15 / 21;168622;2018-11-09 17:40:26:671
6.684;1.656;4.462;29.0;1.0;51.68;48.16216;11.55703;519.5;NaN;7.7;3.6;253.0;15 / 21;168722;2018-11-09 17:40:26:771
6.234;3.878;7.537;17.0;1.0;51.8;48.16216;11.55703;519.5;NaN;7.7;3.6;253.0;15 / 21;168822;2018-11-09 17:40:26:871
6.071;1.618;4.319;28.0;1.0;51.8;48.16216;11.55703;519.5;NaN;7.7;3.6;253.0;15 / 21;168922;2018-11-09 17:40:26:971
6.014;1.484;5.181;37.0;1.0;51.8;48.16216;11.55703;519.5;NaN;7.7;3.6;253.0;15 / 21;169022;2018-11-09 17:40:27:071
-2.499;4.98;12.364;37.0;1.0;37.95;48.16215;11.55699;519.5;NaN;7.2;3.7;240.3;15 / 21;169122;2018-11-09 17:40:27:171
-0.459;3.821;10.151;10.0;1.0;37.95;48.16215;11.55699;519.5;NaN;7.2;3.7;240.3;15 / 21;169222;2018-11-09 17:40:27:271
0.785;3.342;9.567;26.0;1.0;37.95;48.16215;11.55699;519.5;NaN;7.2;3.7;240.3;15 / 21;169321;2018-11-09 17:40:27:370
-0.89;3.84;10.688;17.0;1.0;39.61;48.16215;11.55699;519.5;NaN;7.2;3.7;240.3;15 / 21;169422;2018-11-09 17:40:27:471
-0.21;1.676;11.262;10.0;1.0;39.61;48.16215;11.55699;519.5;NaN;7.2;3.7;240.3;15 / 21;169522;2018-11-09 17:40:27:571
0.172;1.302;6.062;13.0;1.0;39.61;48.16215;11.55699;519.5;NaN;7.2;3.7;240.3;15 / 21;169622;2018-11-09 17:40:27:671
-0.44;2.988;9.452;14.0;1.0;37.29;48.16215;11.55699;519.5;NaN;7.2;3.7;240.3;15 / 21;169722;2018-11-09 17:40:27:771
0.019;3.304;8.494;6.0;1.0;37.29;48.16215;11.55699;519.5;NaN;7.2;3.7;240.3;15 / 21;169823;2018-11-09 17:40:27:872
0.287;3.102;11.138;10.0;1.0;37.29;48.16215;11.55699;519.5;NaN;7.2;3.7;240.3;15 / 21;169921;2018-11-09 17:40:27:970
0.383;3.917;10.582;16.0;1.0;36.34;48.16215;11.55699;519.5;NaN;7.2;3.7;240.3;15 / 21;170022;2018-11-09 17:40:28:071
-0.507;3.256;12.622;10.0;1.0;36.34;48.16214;11.55696;519.4;NaN;6.4;3.7;237.5;15 / 21;170122;2018-11-09 17:40:28:171
0.134;1.091;6.589;23.0;1.0;36.34;48.16214;11.55696;519.4;NaN;6.4;3.7;237.5;15 / 21;170222;2018-11-09 17:40:28:271
-0.622;2.451;9.5;12.0;1.0;37.63;48.16214;11.55696;519.4;NaN;6.4;3.7;237.5;15 / 21;170321;2018-11-09 17:40:28:370
-0.593;3.677;8.609;8.0;1.0;37.63;48.16214;11.55696;519.4;NaN;6.4;3.7;237.5;15 / 21;170421;2018-11-09 17:40:28:470
-0.67;3.974;9.605;3.0;1.0;37.63;48.16214;11.55696;519.4;NaN;6.4;3.7;237.5;15 / 21;170521;2018-11-09 17:40:28:570
-0.086;3.476;10.534;0.0;1.0;36.42;48.16214;11.55696;519.4;NaN;6.4;3.7;237.5;15 / 21;170622;2018-11-09 17:40:28:671
0.708;3.476;10.927;2.0;1.0;36.42;48.16214;11.55696;519.4;NaN;6.4;3.7;237.5;15 / 21;170722;2018-11-09 17:40:28:771
0.392;2.183;10.506;29.0;1.0;36.42;48.16214;11.55696;519.4;NaN;6.4;3.7;237.5;15 / 21;170822;2018-11-09 17:40:28:871
1.063;1.628;7.7;0.0;1.0;36.95;48.16214;11.55696;519.4;NaN;6.4;3.7;237.5;15 / 21;170922;2018-11-09 17:40:28:971
1.139;2.135;9.165;9.0;1.0;36.95;48.16214;11.55696;519.4;NaN;6.4;3.7;237.5;15 / 21;171022;2018-11-09 17:40:29:071
-1.474;2.815;7.508;20.0;1.0;36.95;48.16213;11.55692;519.5;NaN;6.6;3.7;239.5;15 / 21;171123;2018-11-09 17:40:29:172
0.852;4.328;9.902;16.0;1.0;36.82;48.16213;11.55692;519.5;NaN;6.6;3.7;239.5;15 / 21;171221;2018-11-09 17:40:29:270
-1.676;4.328;12.076;9.0;1.0;36.82;48.16213;11.55692;519.5;NaN;6.6;3.7;239.5;15 / 21;171321;2018-11-09 17:40:29:370
-0.172;2.7;12.795;12.0;1.0;36.82;48.16213;11.55692;519.5;NaN;6.6;3.7;239.5;15 / 21;171421;2018-11-09 17:40:29:470
-0.536;2.202;6.177;14.0;1.0;35.7;48.16213;11.55692;519.5;NaN;6.6;3.7;239.5;15 / 21;171522;2018-11-09 17:40:29:571
-1.245;3.562;9.308;2.0;1.0;35.7;48.16213;11.55692;519.5;NaN;6.6;3.7;239.5;15 / 21;171622;2018-11-09 17:40:29:671
-1.063;4.367;8.494;4.0;1.0;35.7;48.16213;11.55692;519.5;NaN;6.6;3.7;239.5;15 / 21;171722;2018-11-09 17:40:29:771
-0.747;4.529;8.83;22.0;1.0;35.7;48.16213;11.55692;519.5;NaN;6.6;3.7;239.5;15 / 21;171821;2018-11-09 17:40:29:870
-0.019;3.926;11.186;16.0;1.0;34.77;48.16213;11.55692;519.5;NaN;6.6;3.7;239.5;15 / 21;171921;2018-11-09 17:40:29:970
0.249;4.07;11.09;12.0;1.0;34.77;48.16213;11.55692;519.5;NaN;6.6;3.7;239.5;15 / 21;172022;2018-11-09 17:40:30:071
-0.316;1.407;7.949;11.0;1.0;34.77;48.16213;11.55691;519.5;NaN;4.1;3.7;230.8;15 / 21;172121;2018-11-09 17:40:30:170
0.488;1.915;7.671;9.0;1.0;46.04;48.16213;11.55691;519.5;NaN;4.1;3.7;230.8;15 / 21;172221;2018-11-09 17:40:30:270
-1.608;3.782;8.504;10.0;1.0;46.04;48.16213;11.55691;519.5;NaN;4.1;3.7;230.8;15 / 21;172321;2018-11-09 17:40:30:370
-0.957;4.549;7.278;18.0;1.0;46.04;48.16213;11.55691;519.5;NaN;4.1;3.7;230.8;15 / 21;172421;2018-11-09 17:40:30:470
0.009;5.669;7.709;19.0;1.0;48.66;48.16213;11.55691;519.5;NaN;4.1;3.7;230.8;15 / 21;172521;2018-11-09 17:40:30:570
0.095;4.577;10.276;17.0;1.0;48.66;48.16213;11.55691;519.5;NaN;4.1;3.7;230.8;15 / 21;172621;2018-11-09 17:40:30:670
-1.082;4.625;10.554;22.0;1.0;48.66;48.16213;11.55691;519.5;NaN;4.1;3.7;230.8;15 / 21;172721;2018-11-09 17:40:30:770
0.383;1.982;11.138;0.0;1.0;46.82;48.16213;11.55691;519.5;NaN;4.1;3.7;230.8;15 / 21;172821;2018-11-09 17:40:30:870
-1.676;2.729;8.581;8.0;1.0;46.82;48.16213;11.55691;519.5;NaN;4.1;3.7;230.8;15 / 21;172922;2018-11-09 17:40:30:971
-0.909;4.089;7.853;17.0;1.0;46.82;48.16213;11.55691;519.5;NaN;4.1;3.7;230.8;15 / 21;173021;2018-11-09 17:40:31:070
-0.469;4.252;9.098;13.0;1.0;50.14;48.16211;11.55689;519.5;NaN;3.8;3.7;228.8;15 / 21;173121;2018-11-09 17:40:31:170
-0.373;5.219;8.13;18.0;1.0;50.14;48.16211;11.55689;519.5;NaN;3.8;3.7;228.8;15 / 21;173221;2018-11-09 17:40:31:270
-0.498;5.133;10.534;21.0;1.0;50.14;48.16211;11.55689;519.5;NaN;3.8;3.7;228.8;15 / 21;173321;2018-11-09 17:40:31:370
-0.162;4.549;9.146;21.0;1.0;50.4;48.16211;11.55689;519.5;NaN;3.8;3.7;228.8;15 / 21;173421;2018-11-09 17:40:31:470
0.651;1.446;9.155;13.0;1.0;50.4;48.16211;11.55689;519.5;NaN;3.8;3.7;228.8;15 / 21;173521;2018-11-09 17:40:31:570
0.852;2.853;8.801;21.0;1.0;50.4;48.16211;11.55689;519.5;NaN;3.8;3.7;228.8;15 / 21;173621;2018-11-09 17:40:31:670
0.172;4.118;7.92;15.0;1.0;46.68;48.16211;11.55689;519.5;NaN;3.8;3.7;228.8;15 / 21;173722;2018-11-09 17:40:31:771
0.383;4.194;7.987;7.0;1.0;46.68;48.16211;11.55689;519.5;NaN;3.8;3.7;228.8;15 / 21;173822;2018-11-09 17:40:31:871
-0.948;5.842;7.316;15.0;1.0;46.68;48.16211;11.55689;519.5;NaN;3.8;3.7;228.8;15 / 21;173922;2018-11-09 17:40:31:971
-1.771;5.209;10.209;14.0;1.0;53.39;48.16211;11.55689;519.5;NaN;3.8;3.7;228.8;15 / 21;174022;2018-11-09 17:40:32:071
1.743;2.106;8.657;17.0;1.0;53.39;48.16211;11.55688;519.4;NaN;2.8;3.7;213.2;15 / 21;174122;2018-11-09 17:40:32:171
1.369;2.786;6.991;11.0;1.0;53.39;48.16211;11.55688;519.4;NaN;2.8;3.7;213.2;15 / 21;174221;2018-11-09 17:40:32:270
-0.21;3.122;9.251;10.0;1.0;53.51;48.16211;11.55688;519.4;NaN;2.8;3.7;213.2;15 / 21;174322;2018-11-09 17:40:32:371
0.057;4.29;9.222;12.0;1.0;53.51;48.16211;11.55688;519.4;NaN;2.8;3.7;213.2;15 / 21;174422;2018-11-09 17:40:32:471
-0.306;4.395;10.467;24.0;1.0;53.51;48.16211;11.55688;519.4;NaN;2.8;3.7;213.2;15 / 21;174521;2018-11-09 17:40:32:570
0.641;3.495;10.994;23.0;1.0;48.92;48.16211;11.55688;519.4;NaN;2.8;3.7;213.2;15 / 21;174621;2018-11-09 17:40:32:670
1.484;4.204;9.96;23.0;1.0;48.92;48.16211;11.55688;519.4;NaN;2.8;3.7;213.2;15 / 21;174721;2018-11-09 17:40:32:770
3.466;1.197;8.274;25.0;1.0;48.92;48.16211;11.55688;519.4;NaN;2.8;3.7;213.2;15 / 21;174821;2018-11-09 17:40:32:870
1.043;3.045;6.043;22.0;1.0;42.18;48.16211;11.55688;519.4;NaN;2.8;3.7;213.2;15 / 21;174922;2018-11-09 17:40:32:971
-0.708;5.679;7.968;7.0;1.0;42.18;48.16211;11.55688;519.4;NaN;2.8;3.7;213.2;15 / 21;175022;2018-11-09 17:40:33:071
0.766;4.089;10.496;25.0;1.0;42.18;48.16209;11.55687;519.4;NaN;4.4;3.7;193.8;15 / 21;175122;2018-11-09 17:40:33:171
0.526;4.788;7.757;14.0;1.0;37.16;48.16209;11.55687;519.4;NaN;4.4;3.7;193.8;15 / 21;175222;2018-11-09 17:40:33:271
1.043;3.974;16.463;14.0;1.0;37.16;48.16209;11.55687;519.4;NaN;4.4;3.7;193.8;15 / 21;175322;2018-11-09 17:40:33:371
-0.402;1.886;9.979;8.0;1.0;37.16;48.16209;11.55687;519.4;NaN;4.4;3.7;193.8;15 / 21;175421;2018-11-09 17:40:33:470
-1.857;1.752;4.587;8.0;1.0;49.77;48.16209;11.55687;519.4;NaN;4.4;3.7;193.8;15 / 21;175521;2018-11-09 17:40:33:570
-0.89;4.597;10.218;15.0;1.0;49.77;48.16209;11.55687;519.4;NaN;4.4;3.7;193.8;15 / 21;175622;2018-11-09 17:40:33:671
0.747;6.292;6.885;9.0;1.0;49.77;48.16209;11.55687;519.4;NaN;4.4;3.7;193.8;15 / 21;175721;2018-11-09 17:40:33:770
0.651;6.091;7.106;16.0;1.0;44.7;48.16209;11.55687;519.4;NaN;4.4;3.7;193.8;15 / 21;175821;2018-11-09 17:40:33:870
1.608;4.903;10.324;12.0;1.0;44.7;48.16209;11.55687;519.4;NaN;4.4;3.7;193.8;15 / 21;175921;2018-11-09 17:40:33:970
2.643;5.669;10.592;27.0;1.0;44.7;48.16209;11.55687;519.4;NaN;4.4;3.7;193.8;15 / 21;176021;2018-11-09 17:40:34:070
1.886;0.976;7.565;28.0;1.0;34.78;48.16208;11.55685;519.3;NaN;4.4;3.7;202.4;14 / 21;176122;2018-11-09 17:40:34:171
3.332;2.758;6.569;26.0;1.0;34.78;48.16208;11.55685;519.3;NaN;4.4;3.7;202.4;14 / 21;176222;2018-11-09 17:40:34:271
1.101;3.936;9.27;28.0;1.0;34.78;48.16208;11.55685;519.3;NaN;4.4;3.7;202.4;14 / 21;176321;2018-11-09 17:40:34:370
1.407;3.955;9.356;29.0;1.0;36.67;48.16208;11.55685;519.3;NaN;4.4;3.7;202.4;14 / 21;176422;2018-11-09 17:40:34:471
2.355;4.242;7.46;24.0;1.0;36.67;48.16208;11.55685;519.3;NaN;4.4;3.7;202.4;14 / 21;176521;2018-11-09 17:40:34:570
1.896;6.052;9.27;32.0;1.0;36.67;48.16208;11.55685;519.3;NaN;4.4;3.7;202.4;14 / 21;176622;2018-11-09 17:40:34:671
5.765;4.127;8.312;24.0;1.0;34.3;48.16208;11.55685;519.3;NaN;4.4;3.7;202.4;14 / 21;176722;2018-11-09 17:40:34:771
1.034;1.905;4.74;24.0;1.0;34.3;48.16208;11.55685;519.3;NaN;4.4;3.7;202.4;14 / 21;176822;2018-11-09 17:40:34:871
4.357;3.677;8.82;26.0;1.0;34.3;48.16208;11.55685;519.3;NaN;4.4;3.7;202.4;14 / 21;176922;2018-11-09 17:40:34:971
4.702;5.803;9.031;22.0;1.0;36.01;48.16208;11.55685;519.3;NaN;4.4;3.7;202.4;14 / 21;177022;2018-11-09 17:40:35:071
4.635;5.985;7.843;31.0;1.0;36.01;48.16207;11.55684;519.3;NaN;3.4;3.7;205.4;14 / 21;177122;2018-11-09 17:40:35:171
3.466;4.75;10.554;26.0;1.0;36.01;48.16207;11.55684;519.3;NaN;3.4;3.7;205.4;13 / 21;177222;2018-11-09 17:40:35:271
6.024;4.022;8.447;30.0;1.0;37.78;48.16207;11.55684;519.3;NaN;3.4;3.7;205.4;13 / 21;177321;2018-11-09 17:40:35:370
3.189;1.216;6.636;16.0;1.0;37.78;48.16207;11.55684;519.3;NaN;3.4;3.7;205.4;13 / 21;177422;2018-11-09 17:40:35:471
5.775;1.781;1.915;28.0;1.0;37.78;48.16207;11.55684;519.3;NaN;3.4;3.7;205.4;13 / 21;177522;2018-11-09 17:40:35:571
3.083;3.371;7.403;33.0;1.0;50.47;48.16207;11.55684;519.3;NaN;3.4;3.7;205.4;13 / 21;177622;2018-11-09 17:40:35:671
7.757;2.796;7.393;30.0;1.0;50.47;48.16207;11.55684;519.3;NaN;3.4;3.7;205.4;13 / 21;177722;2018-11-09 17:40:35:771
6.033;2.365;11.645;18.0;1.0;50.47;48.16207;11.55684;519.3;NaN;3.4;3.7;205.4;13 / 21;177822;2018-11-09 17:40:35:871
2.576;3.964;11.799;26.0;1.0;56.08;48.16207;11.55684;519.3;NaN;3.4;3.7;205.4;13 / 21;177921;2018-11-09 17:40:35:970
5.209;1.312;10.831;11.0;1.0;56.08;48.16207;11.55684;519.3;NaN;3.4;3.7;205.4;13 / 21;178022;2018-11-09 17:40:36:071
2.298;1.024;5.286;11.0;1.0;56.08;48.16207;11.55684;519.3;NaN;3.4;3.7;205.4;13 / 21;178122;2018-11-09 17:40:36:171
1.953;1.034;4.376;18.0;1.0;56.08;48.16205;11.55684;519.4;NaN;3.9;3.7;209.0;13 / 21;178221;2018-11-09 17:40:36:270
4.702;4.664;6.502;18.0;1.0;51.91;48.16205;11.55684;519.4;NaN;3.9;3.7;209.0;13 / 21;178321;2018-11-09 17:40:36:370
9.443;4.328;2.633;37.0;1.0;51.91;48.16205;11.55684;519.4;NaN;3.9;3.7;209.0;13 / 21;178422;2018-11-09 17:40:36:471
10.573;2.758;10.678;62.0;1.0;51.91;48.16205;11.55684;519.4;NaN;3.9;3.7;209.0;13 / 21;178523;2018-11-09 17:40:36:572
8.198;5.008;7.087;36.0;1.0;50.07;48.16205;11.55684;519.4;NaN;3.9;3.7;209.0;13 / 21;178622;2018-11-09 17:40:36:671
8.226;1.704;6.273;30.0;1.0;50.07;48.16205;11.55684;519.4;NaN;3.9;3.7;209.0;13 / 21;178721;2018-11-09 17:40:36:770
5.344;1.264;4.3;25.0;1.0;50.07;48.16205;11.55684;519.4;NaN;3.9;3.7;209.0;13 / 21;178821;2018-11-09 17:40:36:870
3.447;4.051;6.885;29.0;1.0;49.15;48.16205;11.55684;519.4;NaN;3.9;3.7;209.0;13 / 21;178921;2018-11-09 17:40:36:970
4.683;5.056;6.435;23.0;1.0;49.15;48.16205;11.55684;519.4;NaN;3.9;3.7;209.0;13 / 21;179022;2018-11-09 17:40:37:071
2.03;5.526;3.399;32.0;1.0;49.15;48.16204;11.55683;519.4;NaN;3.9;3.7;201.9;13 / 21;179121;2018-11-09 17:40:37:170
2.394;4.06;2.892;35.0;1.0;51.25;48.16204;11.55683;519.4;NaN;3.9;3.7;201.9;13 / 21;179221;2018-11-09 17:40:37:270
7.738;0.498;4.989;46.0;1.0;51.25;48.16204;11.55683;519.4;NaN;3.9;3.7;201.9;13 / 21;179321;2018-11-09 17:40:37:370
9.577;-0.603;7.757;36.0;1.0;51.25;48.16204;11.55683;519.4;NaN;3.9;3.7;201.9;13 / 21;179421;2018-11-09 17:40:37:470
11.31;-2.547;8.38;54.0;1.0;52.28;48.16204;11.55683;519.4;NaN;3.9;3.7;201.9;13 / 21;179521;2018-11-09 17:40:37:570
13.302;-3.514;5.391;33.0;1.0;52.28;48.16204;11.55683;519.4;NaN;3.9;3.7;201.9;13 / 21;179622;2018-11-09 17:40:37:671
14.356;1.992;10.898;20.0;1.0;52.28;48.16204;11.55683;519.4;NaN;3.9;3.7;201.9;13 / 21;179722;2018-11-09 17:40:37:771
7.709;2.595;8.686;31.0;1.0;42.72;48.16204;11.55683;519.4;NaN;3.9;3.7;201.9;13 / 21;179821;2018-11-09 17:40:37:870
10.266;2.059;7.843;38.0;1.0;42.72;48.16204;11.55683;519.4;NaN;3.9;3.7;201.9;13 / 21;179922;2018-11-09 17:40:37:971
10.362;0.603;8.035;21.0;1.0;42.72;48.16204;11.55683;519.4;NaN;3.9;3.7;201.9;13 / 21;180022;2018-11-09 17:40:38:071
9.385;-1.896;7.096;22.0;1.0;42.21;48.16204;11.55683;519.4;NaN;3.9;3.7;201.9;13 / 21;180122;2018-11-09 17:40:38:171
5.755;-0.861;8.236;34.0;1.0;42.21;48.16202;11.55683;519.4;NaN;3.0;3.8;207.7;13 / 21;180222;2018-11-09 17:40:38:271
2.719;-0.727;7.479;17.0;1.0;42.21;48.16202;11.55683;519.4;NaN;3.0;3.8;207.7;13 / 21;180322;2018-11-09 17:40:38:371
3.093;2.193;7.575;35.0;1.0;43.43;48.16202;11.55683;519.4;NaN;3.0;3.8;207.7;13 / 21;180422;2018-11-09 17:40:38:471
4.913;7.91;10.678;34.0;1.0;43.43;48.16202;11.55683;519.4;NaN;3.0;3.8;207.7;13 / 21;180522;2018-11-09 17:40:38:571
4.261;3.85;5.2;44.0;1.0;43.43;48.16202;11.55683;519.4;NaN;3.0;3.8;207.7;13 / 21;180622;2018-11-09 17:40:38:671
1.618;-1.417;6.378;23.0;1.0;42.65;48.16202;11.55683;519.4;NaN;3.0;3.8;207.7;13 / 21;180724;2018-11-09 17:40:38:773
4.577;-1.474;6.368;29.0;1.0;42.65;48.16202;11.55683;519.4;NaN;3.0;3.8;207.7;13 / 21;180822;2018-11-09 17:40:38:871
7.527;-0.43;10.429;33.0;1.0;42.65;48.16202;11.55683;519.4;NaN;3.0;3.8;207.7;13 / 21;180921;2018-11-09 17:40:38:970
8.217;-0.143;11.712;35.0;1.0;46.3;48.16202;11.55683;519.4;NaN;3.0;3.8;207.7;13 / 21;181023;2018-11-09 17:40:39:072
10.257;1.81;11.301;29.0;1.0;46.3;48.16201;11.55683;519.4;NaN;0.0;3.9;207.7;13 / 21;181122;2018-11-09 17:40:39:171
7.288;1.273;8.935;20.0;1.0;46.3;48.16201;11.55683;519.4;NaN;0.0;3.9;207.7;13 / 21;181221;2018-11-09 17:40:39:270
7.115;-1.12;7.987;25.0;1.0;39.0;48.16201;11.55683;519.4;NaN;0.0;3.9;207.7;13 / 21;181322;2018-11-09 17:40:39:371
5.698;-1.561;8.322;22.0;1.0;39.0;48.16201;11.55683;519.4;NaN;0.0;3.9;207.7;13 / 21;181422;2018-11-09 17:40:39:471
6.866;-2.643;5.784;23.0;1.0;39.0;48.16201;11.55683;519.4;NaN;0.0;3.9;207.7;13 / 21;181522;2018-11-09 17:40:39:571
6.407;-2.576;8.102;22.0;1.0;41.56;48.16201;11.55683;519.4;NaN;0.0;3.9;207.7;13 / 21;181623;2018-11-09 17:40:39:672
4.788;-2.968;6.569;31.0;1.0;41.56;48.16201;11.55683;519.4;NaN;0.0;3.9;207.7;13 / 21;181722;2018-11-09 17:40:39:771
6.282;-2.509;6.273;9.0;1.0;41.56;48.16201;11.55683;519.4;NaN;0.0;3.9;207.7;13 / 21;181822;2018-11-09 17:40:39:871
7.144;-2.499;7.92;17.0;1.0;37.31;48.16201;11.55683;519.4;NaN;0.0;3.9;207.7;13 / 21;181922;2018-11-09 17:40:39:971
6.091;-1.972;7.498;23.0;1.0;37.31;48.16201;11.55683;519.4;NaN;0.0;3.9;207.7;13 / 21;182022;2018-11-09 17:40:40:071
7.173;-2.375;7.192;12.0;1.0;37.31;48.162;11.55684;519.4;NaN;0.0;4.0;207.7;13 / 21;182121;2018-11-09 17:40:40:170
7.652;-2.183;8.83;44.0;1.0;39.85;48.162;11.55684;519.4;NaN;0.0;4.0;207.7;13 / 21;182221;2018-11-09 17:40:40:270
9.069;-2.71;7.393;32.0;1.0;39.85;48.162;11.55684;519.4;NaN;0.0;4.0;207.7;13 / 21;182322;2018-11-09 17:40:40:371
9.222;-3.505;6.78;39.0;1.0;39.85;48.162;11.55684;519.4;NaN;0.0;4.0;207.7;13 / 21;182422;2018-11-09 17:40:40:471
8.437;-2.786;7.853;45.0;1.0;37.52;48.162;11.55684;519.4;NaN;0.0;4.0;207.7;13 / 21;182522;2018-11-09 17:40:40:571
8.044;-3.955;6.253;36.0;1.0;37.52;48.162;11.55684;519.4;NaN;0.0;4.0;207.7;13 / 21;182622;2018-11-09 17:40:40:671
7.163;-2.997;6.119;29.0;1.0;37.52;48.162;11.55684;519.4;NaN;0.0;4.0;207.7;13 / 21;182723;2018-11-09 17:40:40:772
4.731;-3.409;3.572;22.0;1.0;37.83;48.162;11.55684;519.4;NaN;0.0;4.0;207.7;13 / 21;182822;2018-11-09 17:40:40:871
4.75;-4.309;3.591;17.0;1.0;37.83;48.162;11.55684;519.4;NaN;0.0;4.0;207.7;13 / 21;182922;2018-11-09 17:40:40:971
6.838;-4.51;6.091;26.0;1.0;37.83;48.162;11.55684;519.4;NaN;0.0;4.0;207.7;13 / 21;183021;2018-11-09 17:40:41:070
8.418;-2.413;8.858;26.0;1.0;37.35;48.16199;11.55684;519.4;NaN;0.0;4.0;207.7;13 / 21;183121;2018-11-09 17:40:41:170
10.305;-3.773;5.344;38.0;1.0;37.35;48.16199;11.55684;519.4;NaN;0.0;4.0;207.7;13 / 21;183221;2018-11-09 17:40:41:270
6.435;-2.317;6.78;34.0;1.0;37.35;48.16199;11.55684;519.4;NaN;0.0;4.0;207.7;13 / 21;183321;2018-11-09 17:40:41:370
7.336;-2.547;5.861;31.0;1.0;35.0;48.16199;11.55684;519.4;NaN;0.0;4.0;207.7;13 / 21;183421;2018-11-09 17:40:41:470
7.671;-3.39;7.087;32.0;1.0;35.0;48.16199;11.55684;519.4;NaN;0.0;4.0;207.7;13 / 21;183521;2018-11-09 17:40:41:570
7.747;-4.28;6.771;34.0;1.0;35.0;48.16199;11.55684;519.4;NaN;0.0;4.0;207.7;13 / 21;183621;2018-11-09 17:40:41:670
9.05;-4.022;7.623;35.0;1.0;38.61;48.16199;11.55684;519.4;NaN;0.0;4.0;207.7;13 / 21;183722;2018-11-09 17:40:41:771
7.719;-2.461;6.78;37.0;1.0;38.61;48.16199;11.55684;519.4;NaN;0.0;4.0;207.7;13 / 21;183822;2018-11-09 17:40:41:871
8.561;-3.773;4.941;38.0;1.0;38.61;48.16199;11.55684;519.4;NaN;0.0;4.0;207.7;13 / 21;183922;2018-11-09 17:40:41:971
7.47;-2.47;6.359;32.0;1.0;38.71;48.16199;11.55684;519.4;NaN;0.0;4.0;207.7;13 / 21;184022;2018-11-09 17:40:42:071
4.836;-2.892;4.357;34.0;1.0;38.71;48.16196;11.5569;519.3;NaN;4.3;4.0;185.8;13 / 21;184122;2018-11-09 17:40:42:171
5.047;-4.367;4.213;25.0;1.0;38.71;48.16196;11.5569;519.3;NaN;4.3;4.0;185.8;13 / 21;184222;2018-11-09 17:40:42:271
7.498;-5.535;6.675;21.0;1.0;36.41;48.16196;11.5569;519.3;NaN;4.3;4.0;185.8;13 / 21;184321;2018-11-09 17:40:42:370
8.245;-1.934;8.447;27.0;1.0;36.41;48.16196;11.5569;519.3;NaN;4.3;4.0;185.8;13 / 21;184422;2018-11-09 17:40:42:471
7.613;-2.815;7.192;45.0;1.0;36.41;48.16196;11.5569;519.3;NaN;4.3;4.0;185.8;13 / 21;184522;2018-11-09 17:40:42:571
6.656;-3.217;4.846;40.0;1.0;36.84;48.16196;11.5569;519.3;NaN;4.3;4.0;185.8;13 / 21;184621;2018-11-09 17:40:42:670
6.196;-2.451;6.876;59.0;1.0;36.84;48.16196;11.5569;519.3;NaN;4.3;4.0;185.8;13 / 21;184721;2018-11-09 17:40:42:770
7.747;-3.629;7.297;55.0;1.0;36.84;48.16196;11.5569;519.3;NaN;4.3;4.0;185.8;13 / 21;184822;2018-11-09 17:40:42:871
8.973;-3.945;7.364;59.0;1.0;38.12;48.16196;11.5569;519.3;NaN;4.3;4.0;185.8;13 / 21;184922;2018-11-09 17:40:42:971
9.251;-2.078;6.043;42.0;1.0;38.12;48.16196;11.5569;519.3;NaN;4.3;4.0;185.8;13 / 21;185022;2018-11-09 17:40:43:071
7.221;-3.782;6.426;60.0;1.0;38.12;48.16194;11.55692;519.4;NaN;4.5;3.9;185.7;13 / 21;185122;2018-11-09 17:40:43:171
8.581;-2.672;5.554;50.0;1.0;38.12;48.16194;11.55692;519.4;NaN;4.5;3.9;185.7;13 / 21;185222;2018-11-09 17:40:43:271
6.627;-3.093;5.727;33.0;1.0;37.94;48.16194;11.55692;519.4;NaN;4.5;3.9;185.7;13 / 21;185322;2018-11-09 17:40:43:371
4.664;-3.217;3.84;23.0;1.0;37.94;48.16194;11.55692;519.4;NaN;4.5;3.9;185.7;13 / 21;185421;2018-11-09 17:40:43:470
5.995;-4.405;5.516;28.0;1.0;37.94;48.16194;11.55692;519.4;NaN;4.5;3.9;185.7;13 / 21;185521;2018-11-09 17:40:43:570
7.929;-4.079;6.943;41.0;1.0;36.48;48.16194;11.55692;519.4;NaN;4.5;3.9;185.7;13 / 21;185622;2018-11-09 17:40:43:671
8.341;-2.47;7.642;50.0;1.0;36.48;48.16194;11.55692;519.4;NaN;4.5;3.9;185.7;13 / 21;185722;2018-11-09 17:40:43:771
8.121;-3.083;7.403;101.0;1.0;36.48;48.16194;11.55692;519.4;NaN;4.5;3.9;185.7;13 / 21;185822;2018-11-09 17:40:43:871
7.202;-2.7;6.129;146.0;1.0;37.83;48.16194;11.55692;519.4;NaN;4.5;3.9;185.7;13 / 21;185922;2018-11-09 17:40:43:971
6.694;-2.624;5.497;123.0;1.0;37.83;48.16194;11.55692;519.4;NaN;4.5;3.9;185.7;13 / 21;186022;2018-11-09 17:40:44:071
8.284;-3.581;5.526;147.0;1.0;37.83;48.16191;11.55694;519.5;NaN;3.5;3.9;185.2;13 / 21;186122;2018-11-09 17:40:44:171
8.992;-4.194;5.401;122.0;1.0;39.07;48.16191;11.55694;519.5;NaN;3.5;3.9;185.2;13 / 21;186222;2018-11-09 17:40:44:271
9.692;-4.022;5.334;108.0;1.0;39.07;48.16191;11.55694;519.5;NaN;3.5;3.9;185.2;13 / 21;186321;2018-11-09 17:40:44:370
7.91;-2.499;6.531;159.0;1.0;39.07;48.16191;11.55694;519.5;NaN;3.5;3.9;185.2;13 / 21;186421;2018-11-09 17:40:44:470
8.494;-3.744;6.225;233.0;1.0;39.4;48.16191;11.55694;519.5;NaN;3.5;3.9;185.2;13 / 21;186521;2018-11-09 17:40:44:570
7.182;-2.135;7.077;129.0;1.0;39.4;48.16191;11.55694;519.5;NaN;3.5;3.9;185.2;13 / 21;186621;2018-11-09 17:40:44:670
6.033;-3.179;4.175;91.0;1.0;39.4;48.16191;11.55694;519.5;NaN;3.5;3.9;185.2;13 / 21;186721;2018-11-09 17:40:44:770
5.87;-3.782;2.212;68.0;1.0;39.95;48.16191;11.55694;519.5;NaN;3.5;3.9;185.2;13 / 21;186823;2018-11-09 17:40:44:872
7.489;-4.031;5.506;91.0;1.0;39.95;48.16191;11.55694;519.5;NaN;3.5;3.9;185.2;13 / 21;186922;2018-11-09 17:40:44:971
8.59;-3.553;6.953;179.0;1.0;39.95;48.16191;11.55694;519.5;NaN;3.5;3.9;185.2;13 / 21;187022;2018-11-09 17:40:45:071
9.701;-2.078;6.761;574.0;1.0;39.97;48.1619;11.55694;519.5;NaN;0.0;3.9;185.2;13 / 21;187122;2018-11-09 17:40:45:171
9.069;-1.992;4.616;1304.0;1.0;39.97;48.1619;11.55694;519.5;NaN;0.0;3.9;185.2;13 / 21;187222;2018-11-09 17:40:45:271
8.303;-2.978;2.317;1133.0;1.0;39.97;48.1619;11.55694;519.5;NaN;0.0;3.9;185.2;13 / 21;187322;2018-11-09 17:40:45:371
7.901;-2.423;4.769;361.0;1.0;47.13;48.1619;11.55694;519.5;NaN;0.0;3.9;185.2;13 / 21;187422;2018-11-09 17:40:45:471
10.544;-3.601;4.702;312.0;1.0;47.13;48.1619;11.55694;519.5;NaN;0.0;3.9;185.2;13 / 21;187522;2018-11-09 17:40:45:571
10.142;-3.735;6.416;324.0;1.0;47.13;48.1619;11.55694;519.5;NaN;0.0;3.9;185.2;13 / 21;187622;2018-11-09 17:40:45:671
9.366;-2.154;4.3;299.0;1.0;41.52;48.1619;11.55694;519.5;NaN;0.0;3.9;185.2;13 / 21;187722;2018-11-09 17:40:45:771
8.494;-2.806;5.765;307.0;1.0;41.52;48.1619;11.55694;519.5;NaN;0.0;3.9;185.2;13 / 21;187822;2018-11-09 17:40:45:871
8.571;-2.116;4.424;328.0;1.0;41.52;48.1619;11.55694;519.5;NaN;0.0;3.9;185.2;13 / 21;187921;2018-11-09 17:40:45:970
6.972;-2.365;3.38;238.0;1.0;39.57;48.1619;11.55694;519.5;NaN;0.0;3.9;185.2;13 / 21;188021;2018-11-09 17:40:46:070
6.148;-2.997;3.744;236.0;1.0;39.57;48.16188;11.55694;519.4;NaN;0.0;3.8;185.2;13 / 21;188122;2018-11-09 17:40:46:171
7.498;-3.936;4.491;309.0;1.0;39.57;48.16188;11.55694;519.4;NaN;0.0;3.8;185.2;13 / 21;188222;2018-11-09 17:40:46:271
9.625;-4.137;5.803;458.0;1.0;38.36;48.16188;11.55694;519.4;NaN;0.0;3.8;185.2;13 / 21;188322;2018-11-09 17:40:46:371
9.423;-2.001;7.01;1624.0;1.0;38.36;48.16188;11.55694;519.4;NaN;0.0;3.8;185.2;13 / 21;188422;2018-11-09 17:40:46:471
7.565;-2.126;7.949;2064.0;1.0;38.36;48.16188;11.55694;519.4;NaN;0.0;3.8;185.2;13 / 21;188522;2018-11-09 17:40:46:571
7.422;-3.275;4.051;1951.0;1.0;41.17;48.16188;11.55694;519.4;NaN;0.0;3.8;185.2;13 / 21;188622;2018-11-09 17:40:46:671
7.192;-3.016;5.334;1627.0;1.0;41.17;48.16188;11.55694;519.4;NaN;0.0;3.8;185.2;13 / 21;188722;2018-11-09 17:40:46:771
9.883;-5.42;6.33;1700.0;1.0;41.17;48.16188;11.55694;519.4;NaN;0.0;3.8;185.2;13 / 21;188822;2018-11-09 17:40:46:871
9.328;-3.83;4.271;1180.0;1.0;37.79;48.16188;11.55694;519.4;NaN;0.0;3.8;185.2;13 / 21;188922;2018-11-09 17:40:46:971
11.301;-2.796;2.873;1170.0;1.0;37.79;48.16188;11.55694;519.4;NaN;0.0;3.8;185.2;13 / 21;189021;2018-11-09 17:40:47:070
9.864;-2.355;4.118;1868.0;1.0;37.79;48.16186;11.55695;519.4;NaN;0.0;3.8;185.2;13 / 21;189122;2018-11-09 17:40:47:171
9.835;-2.777;5.219;1927.0;1.0;41.52;48.16186;11.55695;519.4;NaN;0.0;3.8;185.2;13 / 21;189222;2018-11-09 17:40:47:271
7.537;-3.16;2.145;1333.0;1.0;41.52;48.16186;11.55695;519.4;NaN;0.0;3.8;185.2;13 / 21;189322;2018-11-09 17:40:47:371
7.106;-3.581;2.087;1295.0;1.0;41.52;48.16186;11.55695;519.4;NaN;0.0;3.8;185.2;13 / 21;189422;2018-11-09 17:40:47:471
7.623;-4.692;2.135;1202.0;1.0;41.46;48.16186;11.55695;519.4;NaN;0.0;3.8;185.2;13 / 21;189522;2018-11-09 17:40:47:571
9.04;-5.028;4.913;1036.0;1.0;41.46;48.16186;11.55695;519.4;NaN;0.0;3.8;185.2;13 / 21;189622;2018-11-09 17:40:47:671
9.28;-3.17;4.405;1003.0;1.0;41.46;48.16186;11.55695;519.4;NaN;0.0;3.8;185.2;13 / 21;189721;2018-11-09 17:40:47:770
8.59;-3.696;5.209;1010.0;1.0;37.96;48.16186;11.55695;519.4;NaN;0.0;3.8;185.2;13 / 21;189821;2018-11-09 17:40:47:870
8.447;-3.294;3.821;808.0;1.0;37.96;48.16186;11.55695;519.4;NaN;0.0;3.8;185.2;13 / 21;189921;2018-11-09 17:40:47:970
7.795;-3.687;3.543;982.0;1.0;37.96;48.16186;11.55695;519.4;NaN;0.0;3.8;185.2;13 / 21;190022;2018-11-09 17:40:48:071
7.987;-3.83;3.993;953.0;1.0;38.1;48.16183;11.55696;519.5;NaN;2.5;3.8;177.4;13 / 21;190122;2018-11-09 17:40:48:171
9.711;-5.075;6.205;770.0;1.0;38.1;48.16183;11.55696;519.5;NaN;2.5;3.8;177.4;14 / 21;190222;2018-11-09 17:40:48:271
10.142;-4.568;1.206;590.0;1.0;38.1;48.16183;11.55696;519.5;NaN;2.5;3.8;177.4;14 / 21;190322;2018-11-09 17:40:48:371
8.121;-4.683;2.988;332.0;1.0;40.75;48.16183;11.55696;519.5;NaN;2.5;3.8;177.4;14 / 21;190422;2018-11-09 17:40:48:471
8.696;-4.166;1.81;69.0;1.0;40.75;48.16183;11.55696;519.5;NaN;2.5;3.8;177.4;14 / 21;190522;2018-11-09 17:40:48:571
7.575;-4.204;1.264;100.0;1.0;40.75;48.16183;11.55696;519.5;NaN;2.5;3.8;177.4;14 / 21;190622;2018-11-09 17:40:48:671
6.014;-4.673;1.704;105.0;1.0;39.99;48.16183;11.55696;519.5;NaN;2.5;3.8;177.4;14 / 21;190721;2018-11-09 17:40:48:770
7.029;-5.928;3.543;92.0;1.0;39.99;48.16183;11.55696;519.5;NaN;2.5;3.8;177.4;14 / 21;190821;2018-11-09 17:40:48:870
9.471;-7.374;4.644;40.0;1.0;39.99;48.16183;11.55696;519.5;NaN;2.5;3.8;177.4;14 / 21;190921;2018-11-09 17:40:48:970
10.314;-3.715;3.476;77.0;1.0;38.05;48.16183;11.55696;519.5;NaN;2.5;3.8;177.4;14 / 21;191021;2018-11-09 17:40:49:070
8.523;-4.127;4.539;97.0;1.0;38.05;48.16181;11.55697;519.5;NaN;0.0;3.7;127.7;14 / 21;191122;2018-11-09 17:40:49:171
8.667;-3.284;3.313;91.0;1.0;38.05;48.16181;11.55697;519.5;NaN;0.0;3.7;127.7;14 / 21;191222;2018-11-09 17:40:49:271
9.462;-3.035;3.112;110.0;1.0;36.19;48.16181;11.55697;519.5;NaN;0.0;3.7;127.7;14 / 21;191321;2018-11-09 17:40:49:370
9.529;-4.434;-1.053;166.0;1.0;36.19;48.16181;11.55697;519.5;NaN;0.0;3.7;127.7;14 / 21;191421;2018-11-09 17:40:49:470
8.83;-6.809;-2.652;270.0;1.0;36.19;48.16181;11.55697;519.5;NaN;0.0;3.7;127.7;14 / 21;191522;2018-11-09 17:40:49:571
4.769;-8.322;-4.376;176.0;1.0;38.21;48.16181;11.55697;519.5;NaN;0.0;3.7;127.7;14 / 21;191622;2018-11-09 17:40:49:671
8.188;-7.977;-4.003;114.0;1.0;38.21;48.16181;11.55697;519.5;NaN;0.0;3.7;127.7;14 / 21;191722;2018-11-09 17:40:49:771
7.259;-7.278;-1.781;53.0;1.0;38.21;48.16181;11.55697;519.5;NaN;0.0;3.7;127.7;14 / 21;191822;2018-11-09 17:40:49:871
7.029;-3.62;-3.668;59.0;1.0;40.92;48.16181;11.55697;519.5;NaN;0.0;3.7;127.7;14 / 21;191922;2018-11-09 17:40:49:971
7.594;-3.648;-3.859;67.0;1.0;40.92;48.16181;11.55697;519.5;NaN;0.0;3.7;127.7;14 / 21;192022;2018-11-09 17:40:50:071
7.747;-5.449;-3.38;47.0;1.0;40.92;48.16179;11.55696;519.6;NaN;0.0;3.7;127.7;14 / 21;192122;2018-11-09 17:40:50:171
8.83;-7.709;-2.681;67.0;1.0;40.94;48.16179;11.55696;519.6;NaN;0.0;3.7;127.7;15 / 21;192222;2018-11-09 17:40:50:271
7.47;-8.169;-4.3;61.0;1.0;40.94;48.16179;11.55696;519.6;NaN;0.0;3.7;127.7;15 / 21;192322;2018-11-09 17:40:50:371
6.445;-7.795;0.201;228.0;1.0;40.94;48.16179;11.55696;519.6;NaN;0.0;3.7;127.7;15 / 21;192422;2018-11-09 17:40:50:471
5.066;-7.058;-0.565;287.0;1.0;38.93;48.16179;11.55696;519.6;NaN;0.0;3.7;127.7;15 / 21;192522;2018-11-09 17:40:50:571
7.767;-5.842;2.221;278.0;1.0;38.93;48.16179;11.55696;519.6;NaN;0.0;3.7;127.7;15 / 21;192621;2018-11-09 17:40:50:670
9.194;-6.253;3.256;271.0;1.0;38.93;48.16179;11.55696;519.6;NaN;0.0;3.7;127.7;15 / 21;192722;2018-11-09 17:40:50:771
11.607;-8.81;3.016;305.0;1.0;39.95;48.16179;11.55696;519.6;NaN;0.0;3.7;127.7;15 / 21;192822;2018-11-09 17:40:50:871
9.107;-4.683;0.775;275.0;1.0;39.95;48.16179;11.55696;519.6;NaN;0.0;3.7;127.7;15 / 21;192922;2018-11-09 17:40:50:971
6.502;-6.847;1.149;243.0;1.0;39.95;48.16179;11.55696;519.6;NaN;0.0;3.7;127.7;15 / 21;193021;2018-11-09 17:40:51:070
8.408;-4.453;1.35;177.0;1.0;36.85;48.16177;11.55695;519.9;NaN;0.0;3.6;127.7;15 / 21;193121;2018-11-09 17:40:51:170
6.943;-5.142;1.245;84.0;1.0;36.85;48.16177;11.55695;519.9;NaN;0.0;3.6;127.7;15 / 21;193222;2018-11-09 17:40:51:271
5.813;-6.234;1.35;63.0;1.0;36.85;48.16177;11.55695;519.9;NaN;0.0;3.6;127.7;15 / 21;193322;2018-11-09 17:40:51:371
8.676;-6.704;2.614;68.0;1.0;39.04;48.16177;11.55695;519.9;NaN;0.0;3.6;127.7;15 / 21;193422;2018-11-09 17:40:51:471
9.701;-6.368;1.513;54.0;1.0;39.04;48.16177;11.55695;519.9;NaN;0.0;3.6;127.7;15 / 21;193522;2018-11-09 17:40:51:571
9.165;-3.936;3.112;106.0;1.0;39.04;48.16177;11.55695;519.9;NaN;0.0;3.6;127.7;15 / 21;193622;2018-11-09 17:40:51:671
6.34;-5.018;1.944;166.0;1.0;37.95;48.16177;11.55695;519.9;NaN;0.0;3.6;127.7;15 / 21;193722;2018-11-09 17:40:51:771
5.382;-4.252;2.011;217.0;1.0;37.95;48.16177;11.55695;519.9;NaN;0.0;3.6;127.7;15 / 21;193821;2018-11-09 17:40:51:870
7.757;-4.166;2.528;154.0;1.0;37.95;48.16177;11.55695;519.9;NaN;0.0;3.6;127.7;15 / 21;193921;2018-11-09 17:40:51:970
9.567;-5.267;1.963;167.0;1.0;37.95;48.16177;11.55695;519.9;NaN;0.0;3.6;127.7;15 / 21;194021;2018-11-09 17:40:52:070
10.793;-7.441;3.821;192.0;1.0;40.73;48.16173;11.55695;520.3;NaN;0.0;3.6;127.7;15 / 21;194121;2018-11-09 17:40:52:170
8.734;-3.486;2.537;205.0;1.0;40.73;48.16173;11.55695;520.3;NaN;0.0;3.6;127.7;15 / 21;194221;2018-11-09 17:40:52:270
7.642;-5.736;1.292;178.0;1.0;40.73;48.16173;11.55695;520.3;NaN;0.0;3.6;127.7;15 / 21;194322;2018-11-09 17:40:52:371
9.222;-3.811;1.455;290.0;1.0;41.71;48.16173;11.55695;520.3;NaN;0.0;3.6;127.7;15 / 21;194422;2018-11-09 17:40:52:471
7.546;-4.587;0.536;198.0;1.0;41.71;48.16173;11.55695;520.3;NaN;0.0;3.6;127.7;15 / 21;194522;2018-11-09 17:40:52:571
6.723;-4.28;1.714;146.0;1.0;41.71;48.16173;11.55695;520.3;NaN;0.0;3.6;127.7;15 / 21;194622;2018-11-09 17:40:52:671
9.127;-4.271;1.379;207.0;1.0;41.73;48.16173;11.55695;520.3;NaN;0.0;3.6;127.7;15 / 21;194722;2018-11-09 17:40:52:771
10.467;-5.439;2.394;208.0;1.0;41.73;48.16173;11.55695;520.3;NaN;0.0;3.6;127.7;15 / 21;194822;2018-11-09 17:40:52:871
8.37;-3.668;0.785;205.0;1.0;41.73;48.16173;11.55695;520.3;NaN;0.0;3.6;127.7;15 / 21;194922;2018-11-09 17:40:52:971
9.701;-6.905;2.7;251.0;1.0;44.59;48.16173;11.55695;520.3;NaN;0.0;3.6;127.7;15 / 21;195022;2018-11-09 17:40:53:071
6.407;-6.34;3.428;149.0;1.0;44.59;48.16173;11.55695;520.3;NaN;0.0;3.6;127.7;15 / 21;195122;2018-11-09 17:40:53:171
7.412;-5.545;1.963;211.0;1.0;44.59;48.16172;11.55695;520.3;NaN;1.9;3.5;187.7;15 / 21;195222;2018-11-09 17:40:53:271
8.255;-6.138;3.581;201.0;1.0;44.57;48.16172;11.55695;520.3;NaN;1.9;3.5;187.7;15 / 21;195322;2018-11-09 17:40:53:371
8.38;-5.439;3.792;227.0;1.0;44.57;48.16172;11.55695;520.3;NaN;1.9;3.5;187.7;15 / 21;195421;2018-11-09 17:40:53:470
10.927;-8.552;2.241;246.0;1.0;44.57;48.16172;11.55695;520.3;NaN;1.9;3.5;187.7;15 / 21;195521;2018-11-09 17:40:53:570
8.466;-4.932;3.102;121.0;1.0;44.36;48.16172;11.55695;520.3;NaN;1.9;3.5;187.7;15 / 21;195621;2018-11-09 17:40:53:670
7.987;-7.393;2.394;102.0;1.0;44.36;48.16172;11.55695;520.3;NaN;1.9;3.5;187.7;15 / 21;195721;2018-11-09 17:40:53:770
6.071;-6.78;1.915;71.0;1.0;44.36;48.16172;11.55695;520.3;NaN;1.9;3.5;187.7;15 / 21;195821;2018-11-09 17:40:53:870
6.522;-6.79;2.509;48.0;1.0;41.56;48.16172;11.55695;520.3;NaN;1.9;3.5;187.7;15 / 21;195922;2018-11-09 17:40:53:971
5.612;-4.769;1.972;89.0;1.0;41.56;48.16172;11.55695;520.3;NaN;1.9;3.5;187.7;15 / 21;196022;2018-11-09 17:40:54:071
6.1;-5.669;2.873;41.0;1.0;41.56;48.16173;11.55698;520.3;NaN;0.0;3.5;187.7;15 / 21;196124;2018-11-09 17:40:54:173
11.492;-9.184;3.61;37.0;1.0;41.61;48.16173;11.55698;520.3;NaN;0.0;3.5;187.7;15 / 21;196223;2018-11-09 17:40:54:272
8.523;-4.376;6.608;60.0;1.0;41.61;48.16173;11.55698;520.3;NaN;0.0;3.5;187.7;15 / 21;196322;2018-11-09 17:40:54:371
8.207;-6.148;2.71;108.0;1.0;41.61;48.16173;11.55698;520.3;NaN;0.0;3.5;187.7;15 / 21;196422;2018-11-09 17:40:54:471
5.401;-6.608;3.821;42.0;1.0;43.78;48.16173;11.55698;520.3;NaN;0.0;3.5;187.7;15 / 21;196522;2018-11-09 17:40:54:571
5.018;-6.119;4.415;29.0;1.0;43.78;48.16173;11.55698;520.3;NaN;0.0;3.5;187.7;15 / 21;196621;2018-11-09 17:40:54:670
6.11;-6.569;5.277;51.0;1.0;43.78;48.16173;11.55698;520.3;NaN;0.0;3.5;187.7;15 / 21;196721;2018-11-09 17:40:54:770
6.416;-6.167;4.884;37.0;1.0;42.02;48.16173;11.55698;520.3;NaN;0.0;3.5;187.7;15 / 21;196821;2018-11-09 17:40:54:870
7.087;-5.171;4.204;39.0;1.0;42.02;48.16173;11.55698;520.3;NaN;0.0;3.5;187.7;15 / 21;196921;2018-11-09 17:40:54:970
7.527;-8.293;5.985;37.0;1.0;42.02;48.16173;11.55698;520.3;NaN;0.0;3.5;187.7;15 / 21;197021;2018-11-09 17:40:55:070
8.245;-5.698;5.707;34.0;1.0;40.49;48.16175;11.55701;520.2;NaN;0.0;3.5;187.7;15 / 21;197121;2018-11-09 17:40:55:170
6.33;-8.341;1.972;33.0;1.0;40.49;48.16175;11.55701;520.2;NaN;0.0;3.5;187.7;15 / 21;197221;2018-11-09 17:40:55:270
5.909;-7.01;2.078;37.0;1.0;40.49;48.16175;11.55701;520.2;NaN;0.0;3.5;187.7;15 / 21;197321;2018-11-09 17:40:55:370
6.1;-6.953;1.992;32.0;1.0;42.65;48.16175;11.55701;520.2;NaN;0.0;3.5;187.7;15 / 21;197421;2018-11-09 17:40:55:470
7.125;-7.096;2.844;36.0;1.0;42.65;48.16175;11.55701;520.2;NaN;0.0;3.5;187.7;15 / 21;197521;2018-11-09 17:40:55:570
7.489;-7.173;4.529;37.0;1.0;42.65;48.16175;11.55701;520.2;NaN;0.0;3.5;187.7;15 / 21;197621;2018-11-09 17:40:55:670
7.843;-7.403;5.401;48.0;1.0;44.15;48.16175;11.55701;520.2;NaN;0.0;3.5;187.7;15 / 21;197722;2018-11-09 17:40:55:771
7.709;-4.855;6.081;82.0;1.0;44.15;48.16175;11.55701;520.2;NaN;0.0;3.5;187.7;15 / 21;197822;2018-11-09 17:40:55:871
6.158;-5.621;5.028;79.0;1.0;44.15;48.16175;11.55701;520.2;NaN;0.0;3.5;187.7;15 / 21;197922;2018-11-09 17:40:55:971
8.188;-7.872;3.074;72.0;1.0;44.52;48.16175;11.55701;520.2;NaN;0.0;3.5;187.7;15 / 21;198022;2018-11-09 17:40:56:071
3.476;-6.732;3.457;43.0;1.0;44.52;48.16174;11.557;519.9;NaN;0.0;3.5;187.7;15 / 21;198122;2018-11-09 17:40:56:171
3.802;-6.253;2.882;39.0;1.0;44.52;48.16174;11.557;519.9;NaN;0.0;3.5;187.7;15 / 21;198222;2018-11-09 17:40:56:271
6.033;-7.537;4.06;47.0;1.0;44.76;48.16174;11.557;519.9;NaN;0.0;3.5;187.7;15 / 21;198322;2018-11-09 17:40:56:371
6.416;-7.594;4.357;54.0;1.0;44.76;48.16174;11.557;519.9;NaN;0.0;3.5;187.7;15 / 21;198422;2018-11-09 17:40:56:471
8.542;-7.767;3.141;57.0;1.0;44.76;48.16174;11.557;519.9;NaN;0.0;3.5;187.7;15 / 21;198522;2018-11-09 17:40:56:571
7.479;-6.273;2.71;44.0;1.0;47.28;48.16174;11.557;519.9;NaN;0.0;3.5;187.7;15 / 21;198622;2018-11-09 17:40:56:671
6.273;-7.412;1.704;44.0;1.0;47.28;48.16174;11.557;519.9;NaN;0.0;3.5;187.7;15 / 21;198721;2018-11-09 17:40:56:770
8.638;-6.091;1.446;57.0;1.0;47.28;48.16174;11.557;519.9;NaN;0.0;3.5;187.7;15 / 21;198822;2018-11-09 17:40:56:871
7.259;-6.751;0.833;50.0;1.0;45.84;48.16174;11.557;519.9;NaN;0.0;3.5;187.7;15 / 21;198922;2018-11-09 17:40:56:971
7.326;-7.297;2.288;63.0;1.0;45.84;48.16174;11.557;519.9;NaN;0.0;3.5;187.7;15 / 21;199021;2018-11-09 17:40:57:070
9.117;-8.169;1.877;76.0;1.0;45.84;48.16173;11.55699;519.8;NaN;1.7;3.4;188.2;15 / 21;199123;2018-11-09 17:40:57:172
7.23;-7.307;5.746;453.0;1.0;46.44;48.16173;11.55699;519.8;NaN;1.7;3.4;188.2;15 / 21;199221;2018-11-09 17:40:57:270
6.694;-7.297;5.324;488.0;1.0;46.44;48.16173;11.55699;519.8;NaN;1.7;3.4;188.2;15 / 21;199321;2018-11-09 17:40:57:370
6.723;-5.478;4.194;464.0;1.0;46.44;48.16173;11.55699;519.8;NaN;1.7;3.4;188.2;15 / 21;199421;2018-11-09 17:40:57:470
5.047;-3.907;4.529;476.0;1.0;46.91;48.16173;11.55699;519.8;NaN;1.7;3.4;188.2;15 / 21;199521;2018-11-09 17:40:57:570
5.861;-6.292;4.328;69.0;1.0;46.91;48.16173;11.55699;519.8;NaN;1.7;3.4;188.2;15 / 21;199622;2018-11-09 17:40:57:671
6.751;-5.851;7.623;49.0;1.0;46.91;48.16173;11.55699;519.8;NaN;1.7;3.4;188.2;15 / 21;199722;2018-11-09 17:40:57:771
7.316;-7.048;6.11;45.0;1.0;46.73;48.16173;11.55699;519.8;NaN;1.7;3.4;188.2;15 / 21;199822;2018-11-09 17:40:57:871
7.623;-7.585;4.194;51.0;1.0;46.73;48.16173;11.55699;519.8;NaN;1.7;3.4;188.2;15 / 21;199922;2018-11-09 17:40:57:971
5.66;-7.144;4.367;40.0;1.0;46.73;48.16173;11.55699;519.8;NaN;1.7;3.4;188.2;15 / 21;200021;2018-11-09 17:40:58:070
5.899;-7.307;6.292;56.0;1.0;47.52;48.16173;11.55699;519.5;NaN;1.5;3.4;201.9;15 / 21;200121;2018-11-09 17:40:58:170
6.445;-4.185;6.636;47.0;1.0;47.52;48.16173;11.55699;519.5;NaN;1.5;3.4;201.9;15 / 21;200222;2018-11-09 17:40:58:271
5.765;-6.148;3.763;20.0;1.0;47.52;48.16173;11.55699;519.5;NaN;1.5;3.4;201.9;15 / 21;200322;2018-11-09 17:40:58:371
6.761;-6.378;3.007;40.0;1.0;46.27;48.16173;11.55699;519.5;NaN;1.5;3.4;201.9;15 / 21;200422;2018-11-09 17:40:58:471
7.728;-5.267;5.257;41.0;1.0;46.27;48.16173;11.55699;519.5;NaN;1.5;3.4;201.9;15 / 21;200522;2018-11-09 17:40:58:571
8.82;-4.778;5.631;45.0;1.0;46.27;48.16173;11.55699;519.5;NaN;1.5;3.4;201.9;15 / 21;200622;2018-11-09 17:40:58:671
7.728;-6.138;4.271;31.0;1.0;47.3;48.16173;11.55699;519.5;NaN;1.5;3.4;201.9;15 / 21;200722;2018-11-09 17:40:58:771
8.753;-5.353;2.921;44.0;1.0;47.3;48.16173;11.55699;519.5;NaN;1.5;3.4;201.9;15 / 21;200822;2018-11-09 17:40:58:871
6.914;-5.65;5.478;46.0;1.0;47.3;48.16173;11.55699;519.5;NaN;1.5;3.4;201.9;15 / 21;200921;2018-11-09 17:40:58:970
5.583;-6.273;5.976;33.0;1.0;48.07;48.16173;11.55699;519.5;NaN;1.5;3.4;201.9;15 / 21;201021;2018-11-09 17:40:59:070
4.865;-5.937;6.464;43.0;1.0;48.07;48.16172;11.55699;519.2;NaN;0.0;3.3;201.9;15 / 21;201123;2018-11-09 17:40:59:172
5.976;-6.282;5.411;44.0;1.0;48.07;48.16172;11.55699;519.2;NaN;0.0;3.3;201.9;15 / 21;201221;2018-11-09 17:40:59:270
7.422;-6.435;5.075;45.0;1.0;48.79;48.16172;11.55699;519.2;NaN;0.0;3.3;201.9;15 / 21;201321;2018-11-09 17:40:59:370
7.987;-5.918;4.223;529.0;1.0;48.79;48.16172;11.55699;519.2;NaN;0.0;3.3;201.9;15 / 21;201421;2018-11-09 17:40:59:470
7.661;-4.683;3.687;514.0;1.0;48.79;48.16172;11.55699;519.2;NaN;0.0;3.3;201.9;15 / 21;201521;2018-11-09 17:40:59:570
7.767;-5.545;3.39;519.0;1.0;58.4;48.16172;11.55699;519.2;NaN;0.0;3.3;201.9;15 / 21;201621;2018-11-09 17:40:59:670
4.539;-3.581;9.069;390.0;1.0;58.4;48.16172;11.55699;519.2;NaN;0.0;3.3;201.9;15 / 21;201721;2018-11-09 17:40:59:770
7.01;-4.568;6.914;406.0;1.0;58.4;48.16172;11.55699;519.2;NaN;0.0;3.3;201.9;15 / 21;201821;2018-11-09 17:40:59:870
6.751;-5.257;7.278;492.0;1.0;44.58;48.16172;11.55699;519.2;NaN;0.0;3.3;201.9;15 / 21;201922;2018-11-09 17:40:59:971
6.924;-6.56;5.976;420.0;1.0;44.58;48.16172;11.55699;519.2;NaN;0.0;3.3;201.9;15 / 21;202022;2018-11-09 17:41:00:071
6.062;-7.288;4.721;464.0;1.0;44.58;48.16172;11.55699;519.2;NaN;0.0;3.3;201.9;15 / 21;202122;2018-11-09 17:41:00:171
5.822;-6.694;4.893;485.0;1.0;42.79;48.16171;11.55699;519.0;NaN;0.0;3.3;201.9;15 / 21;202222;2018-11-09 17:41:00:271
6.713;-6.158;5.554;401.0;1.0;42.79;48.16171;11.55699;519.0;NaN;0.0;3.3;201.9;15 / 21;202322;2018-11-09 17:41:00:371
5.87;-6.474;5.219;515.0;1.0;42.79;48.16171;11.55699;519.0;NaN;0.0;3.3;201.9;15 / 21;202422;2018-11-09 17:41:00:471
7.221;-6.416;3.543;521.0;1.0;45.83;48.16171;11.55699;519.0;NaN;0.0;3.3;201.9;15 / 21;202522;2018-11-09 17:41:00:571
7.68;-5.315;4.357;597.0;1.0;45.83;48.16171;11.55699;519.0;NaN;0.0;3.3;201.9;15 / 21;202622;2018-11-09 17:41:00:671
7.968;-5.583;4.146;627.0;1.0;45.83;48.16171;11.55699;519.0;NaN;0.0;3.3;201.9;15 / 21;202721;2018-11-09 17:41:00:770
7.422;-5.573;3.754;611.0;1.0;48.27;48.16171;11.55699;519.0;NaN;0.0;3.3;201.9;15 / 21;202821;2018-11-09 17:41:00:870
7.489;-6.043;5.123;524.0;1.0;48.27;48.16171;11.55699;519.0;NaN;0.0;3.3;201.9;15 / 21;202921;2018-11-09 17:41:00:970
7.316;-5.612;6.167;496.0;1.0;48.27;48.16171;11.55699;519.0;NaN;0.0;3.3;201.9;15 / 21;203021;2018-11-09 17:41:01:070
7.585;-6.138;6.062;569.0;1.0;47.21;48.16171;11.55699;518.8;NaN;0.0;3.3;201.9;15 / 21;203121;2018-11-09 17:41:01:170
6.617;-4.711;4.721;504.0;1.0;47.21;48.16171;11.55699;518.8;NaN;0.0;3.3;201.9;15 / 21;203223;2018-11-09 17:41:01:272
7.374;-5.526;4.328;533.0;1.0;47.21;48.16171;11.55699;518.8;NaN;0.0;3.3;201.9;15 / 21;203321;2018-11-09 17:41:01:370
6.014;-6.253;4.846;465.0;1.0;46.21;48.16171;11.55699;518.8;NaN;0.0;3.3;201.9;15 / 21;203421;2018-11-09 17:41:01:470
4.664;-4.97;5.861;292.0;1.0;46.21;48.16171;11.55699;518.8;NaN;0.0;3.3;201.9;15 / 21;203521;2018-11-09 17:41:01:570
5.372;-5.085;5.573;108.0;1.0;46.21;48.16171;11.55699;518.8;NaN;0.0;3.3;201.9;15 / 21;203621;2018-11-09 17:41:01:670
6.225;-6.301;6.359;62.0;1.0;52.83;48.16171;11.55699;518.8;NaN;0.0;3.3;201.9;15 / 21;203721;2018-11-09 17:41:01:770
5.861;-5.698;6.253;76.0;1.0;52.83;48.16171;11.55699;518.8;NaN;0.0;3.3;201.9;15 / 21;203821;2018-11-09 17:41:01:870
7.259;-6.579;6.292;67.0;1.0;52.83;48.16171;11.55699;518.8;NaN;0.0;3.3;201.9;15 / 21;203921;2018-11-09 17:41:01:970
8.945;-4.415;5.842;51.0;1.0;52.0;48.16171;11.55699;518.8;NaN;0.0;3.3;201.9;15 / 21;204021;2018-11-09 17:41:02:070
6.694;-7.355;3.629;62.0;1.0;52.0;48.16171;11.55699;518.8;NaN;0.0;3.3;201.9;15 / 21;204122;2018-11-09 17:41:02:171
7.556;-5.075;4.309;61.0;1.0;52.0;48.16171;11.55699;518.8;NaN;0.0;3.3;201.9;15 / 21;204222;2018-11-09 17:41:02:271
6.617;-4.568;4.52;53.0;1.0;50.7;48.16171;11.55699;518.8;NaN;0.0;3.3;201.9;15 / 21;204322;2018-11-09 17:41:02:371
4.482;-3.62;4.807;57.0;1.0;50.7;48.16171;11.55699;518.8;NaN;0.0;3.3;201.9;15 / 21;204421;2018-11-09 17:41:02:470
6.34;-5.104;3.878;68.0;1.0;50.7;48.16171;11.55699;518.8;NaN;0.0;3.3;201.9;15 / 21;204521;2018-11-09 17:41:02:570
8.102;-5.478;6.55;32.0;1.0;49.15;48.16171;11.55699;518.8;NaN;0.0;3.3;201.9;15 / 21;204621;2018-11-09 17:41:02:670
9.261;-6.292;4.051;41.0;1.0;49.15;48.16171;11.55699;518.8;NaN;0.0;3.3;201.9;15 / 21;204721;2018-11-09 17:41:02:770
6.771;-4.06;4.769;42.0;1.0;49.15;48.16171;11.55699;518.8;NaN;0.0;3.3;201.9;15 / 21;204821;2018-11-09 17:41:02:870
9.27;-5.305;3.917;54.0;1.0;51.67;48.16171;11.55699;518.8;NaN;0.0;3.3;201.9;15 / 21;204921;2018-11-09 17:41:02:970
5.037;-5.65;3.064;51.0;1.0;51.67;48.16171;11.55699;518.8;NaN;0.0;3.3;201.9;15 / 21;205021;2018-11-09 17:41:03:070
6.943;-5.985;6.234;67.0;1.0;51.67;48.16171;11.55699;518.8;NaN;0.0;3.3;201.9;15 / 21;205125;2018-11-09 17:41:03:174
7.709;-6.416;5.478;48.0;1.0;47.91;48.16171;11.55699;518.8;NaN;0.0;3.3;201.9;15 / 21;205222;2018-11-09 17:41:03:271
7.278;-7.585;3.62;65.0;1.0;47.91;48.16171;11.55699;518.8;NaN;0.0;3.3;201.9;15 / 21;205322;2018-11-09 17:41:03:371
8.063;-7.728;3.773;52.0;1.0;47.91;48.16171;11.55699;518.8;NaN;0.0;3.3;201.9;15 / 21;205422;2018-11-09 17:41:03:471
7.498;-5.018;4.137;85.0;1.0;54.02;48.16171;11.55699;518.8;NaN;0.0;3.3;201.9;15 / 21;205522;2018-11-09 17:41:03:571
6.311;-5.344;2.394;61.0;1.0;54.02;48.16171;11.55699;518.8;NaN;0.0;3.3;201.9;15 / 21;205622;2018-11-09 17:41:03:671
9.241;-4.472;2.078;58.0;1.0;54.02;48.16171;11.55699;518.8;NaN;0.0;3.3;201.9;15 / 21;205721;2018-11-09 17:41:03:770
8.035;-4.501;3.15;66.0;1.0;48.71;48.16171;11.55699;518.8;NaN;0.0;3.3;201.9;15 / 21;205821;2018-11-09 17:41:03:870
6.636;-5.104;1.225;52.0;1.0;48.71;48.16171;11.55699;518.8;NaN;0.0;3.3;201.9;15 / 21;205921;2018-11-09 17:41:03:970
7.728;-6.541;4.989;46.0;1.0;48.71;48.16171;11.55699;518.8;NaN;0.0;3.3;201.9;15 / 21;206021;2018-11-09 17:41:04:070
8.322;-5.88;6.531;52.0;1.0;47.56;48.16171;11.55702;517.9;NaN;1.9;3.2;344.4;15 / 21;206121;2018-11-09 17:41:04:170
7.106;-4.041;3.926;51.0;1.0;47.56;48.16171;11.55702;517.9;NaN;1.9;3.2;344.4;15 / 21;206225;2018-11-09 17:41:04:274
5.64;-4.443;6.253;52.0;1.0;47.56;48.16171;11.55702;517.9;NaN;1.9;3.2;344.4;15 / 21;206322;2018-11-09 17:41:04:371
4.683;-5.593;4.06;47.0;1.0;52.81;48.16171;11.55702;517.9;NaN;1.9;3.2;344.4;15 / 21;206422;2018-11-09 17:41:04:471
4.999;-4.549;6.225;53.0;1.0;52.81;48.16171;11.55702;517.9;NaN;1.9;3.2;344.4;15 / 21;206522;2018-11-09 17:41:04:571
6.723;-7.125;6.148;69.0;1.0;52.81;48.16171;11.55702;517.9;NaN;1.9;3.2;344.4;15 / 21;206622;2018-11-09 17:41:04:671
5.784;-6.981;6.512;58.0;1.0;51.89;48.16171;11.55702;517.9;NaN;1.9;3.2;344.4;15 / 21;206722;2018-11-09 17:41:04:771
8.485;-9.012;5.526;53.0;1.0;51.89;48.16171;11.55702;517.9;NaN;1.9;3.2;344.4;15 / 21;206822;2018-11-09 17:41:04:871
6.052;-6.589;4.568;42.0;1.0;51.89;48.16171;11.55702;517.9;NaN;1.9;3.2;344.4;15 / 21;206921;2018-11-09 17:41:04:970
6.387;-7.642;2.815;37.0;1.0;52.21;48.16171;11.55702;517.9;NaN;1.9;3.2;344.4;15 / 21;207021;2018-11-09 17:41:05:070
7.307;-5.765;3.304;50.0;1.0;52.21;48.16171;11.55702;517.6;NaN;3.1;3.2;157.5;15 / 21;207122;2018-11-09 17:41:05:171
6.914;-5.832;3.754;49.0;1.0;52.21;48.16171;11.55702;517.6;NaN;3.1;3.2;157.5;15 / 21;207222;2018-11-09 17:41:05:271
6.684;-5.133;3.773;43.0;1.0;56.39;48.16171;11.55702;517.6;NaN;3.1;3.2;157.5;15 / 21;207321;2018-11-09 17:41:05:370
6.847;-4.635;5.516;32.0;1.0;56.39;48.16171;11.55702;517.6;NaN;3.1;3.2;157.5;15 / 21;207421;2018-11-09 17:41:05:470
7.613;-5.707;5.593;49.0;1.0;56.39;48.16171;11.55702;517.6;NaN;3.1;3.2;157.5;15 / 21;207521;2018-11-09 17:41:05:570
8.284;-6.905;4.041;41.0;1.0;57.06;48.16171;11.55702;517.6;NaN;3.1;3.2;157.5;15 / 21;207621;2018-11-09 17:41:05:670
7.297;-7.862;2.815;59.0;1.0;57.06;48.16171;11.55702;517.6;NaN;3.1;3.2;157.5;15 / 21;207721;2018-11-09 17:41:05:770
6.071;-6.732;2.47;133.0;1.0;57.06;48.16171;11.55702;517.6;NaN;3.1;3.2;157.5;15 / 21;207821;2018-11-09 17:41:05:870
7.422;-7.02;4.309;187.0;1.0;53.88;48.16171;11.55702;517.6;NaN;3.1;3.2;157.5;15 / 21;207921;2018-11-09 17:41:05:970
4.462;-6.732;2.442;194.0;1.0;53.88;48.16171;11.55702;517.6;NaN;3.1;3.2;157.5;15 / 21;208022;2018-11-09 17:41:06:071
5.88;-6.617;4.424;85.0;1.0;53.88;48.1617;11.55703;517.6;NaN;2.9;3.2;147.9;15 / 21;208123;2018-11-09 17:41:06:172
6.138;-7.259;4.204;58.0;1.0;53.88;48.1617;11.55703;517.6;NaN;2.9;3.2;147.9;15 / 21;208221;2018-11-09 17:41:06:270
6.014;-7.326;2.777;54.0;1.0;55.91;48.1617;11.55703;517.6;NaN;2.9;3.2;147.9;15 / 21;208322;2018-11-09 17:41:06:371
8.734;-10.218;3.629;69.0;1.0;55.91;48.1617;11.55703;517.6;NaN;2.9;3.2;147.9;15 / 21;208422;2018-11-09 17:41:06:471
7.929;-5.497;4.06;49.0;1.0;55.91;48.1617;11.55703;517.6;NaN;2.9;3.2;147.9;15 / 21;208522;2018-11-09 17:41:06:571
5.123;-8.092;0.411;48.0;1.0;53.28;48.1617;11.55703;517.6;NaN;2.9;3.2;147.9;15 / 21;208621;2018-11-09 17:41:06:670
8.514;-5.353;2.652;51.0;1.0;53.28;48.1617;11.55703;517.6;NaN;2.9;3.2;147.9;15 / 21;208721;2018-11-09 17:41:06:770
8.581;-5.976;2.796;74.0;1.0;53.28;48.1617;11.55703;517.6;NaN;2.9;3.2;147.9;15 / 21;208821;2018-11-09 17:41:06:870
7.575;-6.445;2.308;66.0;1.0;53.11;48.1617;11.55703;517.6;NaN;2.9;3.2;147.9;15 / 21;208921;2018-11-09 17:41:06:970
7.163;-6.79;3.237;73.0;1.0;53.11;48.1617;11.55703;517.6;NaN;2.9;3.2;147.9;15 / 21;209021;2018-11-09 17:41:07:070
7.24;-7.24;3.524;114.0;1.0;53.11;48.16169;11.55704;517.4;NaN;1.7;3.1;174.9;15 / 21;209122;2018-11-09 17:41:07:171
6.349;-7.738;3.237;142.0;1.0;54.09;48.16169;11.55704;517.4;NaN;1.7;3.1;174.9;15 / 21;209222;2018-11-09 17:41:07:271
5.2;-7.632;2.049;157.0;1.0;54.09;48.16169;11.55704;517.4;NaN;1.7;3.1;174.9;15 / 21;209321;2018-11-09 17:41:07:370
5.918;-7.106;3.993;126.0;1.0;54.09;48.16169;11.55704;517.4;NaN;1.7;3.1;174.9;15 / 21;209421;2018-11-09 17:41:07:470
8.102;-7.0;3.102;133.0;1.0;52.75;48.16169;11.55704;517.4;NaN;1.7;3.1;174.9;15 / 21;209521;2018-11-09 17:41:07:570
5.679;-6.933;2.03;97.0;1.0;52.75;48.16169;11.55704;517.4;NaN;1.7;3.1;174.9;15 / 21;209621;2018-11-09 17:41:07:670
7.278;-7.192;2.547;48.0;1.0;52.75;48.16169;11.55704;517.4;NaN;1.7;3.1;174.9;15 / 21;209722;2018-11-09 17:41:07:771
7.211;-6.732;3.945;71.0;1.0;52.52;48.16169;11.55704;517.4;NaN;1.7;3.1;174.9;15 / 21;209822;2018-11-09 17:41:07:871
6.56;-6.972;2.777;59.0;1.0;52.52;48.16169;11.55704;517.4;NaN;1.7;3.1;174.9;15 / 21;209921;2018-11-09 17:41:07:970
8.159;-9.203;0.833;49.0;1.0;52.52;48.16169;11.55704;517.4;NaN;1.7;3.1;174.9;15 / 21;210021;2018-11-09 17:41:08:070
8.925;-5.277;3.878;48.0;1.0;52.88;48.16169;11.55704;517.4;NaN;1.7;3.1;174.9;15 / 21;210121;2018-11-09 17:41:08:170
6.263;-7.709;2.643;36.0;1.0;52.88;48.16169;11.55704;517.4;NaN;1.7;3.1;174.9;15 / 21;210221;2018-11-09 17:41:08:270
7.92;-6.052;3.505;68.0;1.0;52.88;48.16169;11.55704;517.3;NaN;0.0;3.1;174.9;15 / 21;210322;2018-11-09 17:41:08:371
5.956;-5.545;3.045;97.0;1.0;52.93;48.16169;11.55704;517.3;NaN;0.0;3.1;174.9;15 / 21;210422;2018-11-09 17:41:08:471
5.937;-4.75;3.945;88.0;1.0;52.93;48.16169;11.55704;517.3;NaN;0.0;3.1;174.9;15 / 21;210522;2018-11-09 17:41:08:571
6.828;-4.3;3.438;122.0;1.0;52.93;48.16169;11.55704;517.3;NaN;0.0;3.1;174.9;15 / 21;210621;2018-11-09 17:41:08:670
6.876;-4.079;5.2;99.0;1.0;52.47;48.16169;11.55704;517.3;NaN;0.0;3.1;174.9;15 / 21;210721;2018-11-09 17:41:08:770
8.408;-5.602;6.148;86.0;1.0;52.47;48.16169;11.55704;517.3;NaN;0.0;3.1;174.9;15 / 21;210821;2018-11-09 17:41:08:870
7.412;-3.007;5.372;91.0;1.0;52.47;48.16169;11.55704;517.3;NaN;0.0;3.1;174.9;15 / 21;210921;2018-11-09 17:41:08:970
6.723;-6.445;5.889;81.0;1.0;51.17;48.16169;11.55704;517.3;NaN;0.0;3.1;174.9;15 / 21;211021;2018-11-09 17:41:09:070
5.363;-6.541;5.947;79.0;1.0;51.17;48.16168;11.55704;517.0;NaN;0.0;3.1;174.9;15 / 21;211124;2018-11-09 17:41:09:173
6.062;-8.523;2.921;78.0;1.0;51.17;48.16168;11.55704;517.0;NaN;0.0;3.1;174.9;15 / 21;211222;2018-11-09 17:41:09:271
5.813;-7.039;4.213;53.0;1.0;52.02;48.16168;11.55704;517.0;NaN;0.0;3.1;174.9;15 / 21;211322;2018-11-09 17:41:09:371
5.19;-5.286;5.755;77.0;1.0;52.02;48.16168;11.55704;517.0;NaN;0.0;3.1;174.9;15 / 21;211422;2018-11-09 17:41:09:471
6.426;-6.665;5.162;62.0;1.0;52.02;48.16168;11.55704;517.0;NaN;0.0;3.1;174.9;15 / 21;211522;2018-11-09 17:41:09:571
7.996;-7.661;5.257;51.0;1.0;52.44;48.16168;11.55704;517.0;NaN;0.0;3.1;174.9;15 / 21;211622;2018-11-09 17:41:09:671
5.047;-4.29;6.253;60.0;1.0;52.44;48.16168;11.55704;517.0;NaN;0.0;3.1;174.9;15 / 21;211722;2018-11-09 17:41:09:771
5.947;-7.278;3.601;59.0;1.0;52.44;48.16168;11.55704;517.0;NaN;0.0;3.1;174.9;15 / 21;211822;2018-11-09 17:41:09:871
7.221;-6.263;4.826;43.0;1.0;52.57;48.16168;11.55704;517.0;NaN;0.0;3.1;174.9;15 / 21;211922;2018-11-09 17:41:09:971
6.043;-6.723;3.227;62.0;1.0;52.57;48.16168;11.55704;517.0;NaN;0.0;3.1;174.9;15 / 21;212022;2018-11-09 17:41:10:071
7.508;-5.861;4.079;52.0;1.0;52.57;48.16168;11.55704;517.0;NaN;0.0;3.1;174.9;15 / 21;212122;2018-11-09 17:41:10:171
7.163;-5.008;4.913;68.0;1.0;48.37;48.16168;11.55704;516.8;NaN;0.0;3.1;204.5;15 / 21;212222;2018-11-09 17:41:10:271
7.834;-6.043;6.119;59.0;1.0;48.37;48.16168;11.55704;516.8;NaN;0.0;3.1;204.5;15 / 21;212322;2018-11-09 17:41:10:371
7.221;-4.798;4.903;63.0;1.0;48.37;48.16168;11.55704;516.8;NaN;0.0;3.1;204.5;15 / 21;212422;2018-11-09 17:41:10:471
7.048;-5.851;4.932;43.0;1.0;52.35;48.16168;11.55704;516.8;NaN;0.0;3.1;204.5;15 / 21;212522;2018-11-09 17:41:10:571
7.479;-6.656;5.257;50.0;1.0;52.35;48.16168;11.55704;516.8;NaN;0.0;3.1;204.5;15 / 21;212622;2018-11-09 17:41:10:671
5.784;-6.962;4.415;43.0;1.0;52.35;48.16168;11.55704;516.8;NaN;0.0;3.1;204.5;15 / 21;212721;2018-11-09 17:41:10:770
4.903;-7.067;3.639;36.0;1.0;47.64;48.16168;11.55704;516.8;NaN;0.0;3.1;204.5;15 / 21;212821;2018-11-09 17:41:10:870
5.296;-6.397;5.382;27.0;1.0;47.64;48.16168;11.55704;516.8;NaN;0.0;3.1;204.5;15 / 21;212921;2018-11-09 17:41:10:970
5.564;-5.784;6.646;36.0;1.0;47.64;48.16168;11.55704;516.8;NaN;0.0;3.1;204.5;15 / 21;213021;2018-11-09 17:41:11:070
5.803;-5.707;6.292;47.0;1.0;52.72;48.16168;11.55704;516.8;NaN;0.0;3.1;204.5;15 / 21;213122;2018-11-09 17:41:11:171
6.071;-6.091;6.579;37.0;1.0;52.72;48.16168;11.55704;516.8;NaN;0.0;3.1;204.5;15 / 21;213222;2018-11-09 17:41:11:271
6.617;-6.713;6.234;11.0;1.0;52.72;48.16168;11.55704;516.8;NaN;0.0;3.1;204.5;15 / 21;213321;2018-11-09 17:41:11:370
6.1;-7.738;4.434;33.0;1.0;52.0;48.16168;11.55704;516.8;NaN;0.0;3.1;204.5;15 / 21;213421;2018-11-09 17:41:11:470
7.336;-7.824;3.352;28.0;1.0;52.0;48.16168;11.55704;516.8;NaN;0.0;3.1;204.5;15 / 21;213521;2018-11-09 17:41:11:570
5.114;-5.142;4.3;13.0;1.0;52.0;48.16168;11.55704;516.8;NaN;0.0;3.1;204.5;15 / 21;213622;2018-11-09 17:41:11:671
7.383;-5.458;4.357;25.0;1.0;51.39;48.16168;11.55704;516.8;NaN;0.0;3.1;204.5;15 / 21;213722;2018-11-09 17:41:11:771
7.738;-5.219;3.122;37.0;1.0;51.39;48.16168;11.55704;516.8;NaN;0.0;3.1;204.5;15 / 21;213822;2018-11-09 17:41:11:871
8.044;-5.928;3.15;35.0;1.0;51.39;48.16168;11.55704;516.8;NaN;0.0;3.1;204.5;15 / 21;213922;2018-11-09 17:41:11:971
7.546;-6.052;4.213;24.0;1.0;44.42;48.16168;11.55704;516.8;NaN;0.0;3.1;204.5;15 / 21;214022;2018-11-09 17:41:12:071
8.255;-6.368;3.457;39.0;1.0;44.42;48.16168;11.55704;516.8;NaN;0.0;3.1;204.5;15 / 21;214122;2018-11-09 17:41:12:171
7.154;-5.64;4.999;34.0;1.0;44.42;48.16168;11.55704;516.8;NaN;0.0;3.1;204.5;15 / 21;214222;2018-11-09 17:41:12:271
5.842;-5.209;5.727;32.0;1.0;45.23;48.16168;11.55704;516.8;NaN;0.0;3.1;204.5;15 / 21;214322;2018-11-09 17:41:12:371
7.604;-4.846;4.51;26.0;1.0;45.23;48.16168;11.55704;516.8;NaN;0.0;3.1;204.5;15 / 21;214422;2018-11-09 17:41:12:471
7.69;-4.616;3.735;29.0;1.0;45.23;48.16168;11.55704;516.8;NaN;0.0;3.1;204.5;15 / 21;214522;2018-11-09 17:41:12:571
6.761;-4.702;3.821;20.0;1.0;43.31;48.16168;11.55704;516.8;NaN;0.0;3.1;204.5;15 / 21;214622;2018-11-09 17:41:12:671
8.073;-7.115;3.553;9.0;1.0;43.31;48.16168;11.55704;516.8;NaN;0.0;3.1;204.5;15 / 21;214722;2018-11-09 17:41:12:771
8.178;-4.903;4.3;11.0;1.0;43.31;48.16168;11.55704;516.8;NaN;0.0;3.1;204.5;15 / 21;214821;2018-11-09 17:41:12:870
7.575;-4.462;3.888;32.0;1.0;45.48;48.16168;11.55704;516.8;NaN;0.0;3.1;204.5;15 / 21;214922;2018-11-09 17:41:12:971
7.594;-4.549;5.717;29.0;1.0;45.48;48.16168;11.55704;516.8;NaN;0.0;3.1;204.5;15 / 21;215021;2018-11-09 17:41:13:070
7.814;-5.794;3.399;54.0;1.0;45.48;48.16168;11.55704;516.8;NaN;0.0;3.1;204.5;15 / 21;215121;2018-11-09 17:41:13:170
7.556;-6.004;3.821;35.0;1.0;45.95;48.16168;11.55704;516.8;NaN;0.0;3.1;204.5;15 / 21;215221;2018-11-09 17:41:13:270
8.092;-6.502;2.959;25.0;1.0;45.95;48.16168;11.55704;516.8;NaN;0.0;3.1;204.5;15 / 21;215321;2018-11-09 17:41:13:370
6.981;-6.186;3.706;29.0;1.0;45.95;48.16168;11.55704;516.8;NaN;0.0;3.1;204.5;15 / 21;215422;2018-11-09 17:41:13:471
6.598;-6.732;4.903;26.0;1.0;53.01;48.16168;11.55704;516.8;NaN;0.0;3.1;204.5;15 / 21;215522;2018-11-09 17:41:13:571
6.483;-6.522;4.577;33.0;1.0;53.01;48.16168;11.55704;516.8;NaN;0.0;3.1;204.5;15 / 21;215622;2018-11-09 17:41:13:671
7.02;-6.885;4.673;22.0;1.0;53.01;48.16168;11.55704;516.8;NaN;0.0;3.1;204.5;15 / 21;215722;2018-11-09 17:41:13:771
5.956;-5.899;4.788;31.0;1.0;51.23;48.16168;11.55704;516.8;NaN;0.0;3.1;204.5;15 / 21;215822;2018-11-09 17:41:13:871
6.081;-6.378;6.196;28.0;1.0;51.23;48.16168;11.55704;516.8;NaN;0.0;3.1;204.5;15 / 21;215922;2018-11-09 17:41:13:971
6.598;-5.842;5.717;43.0;1.0;51.23;48.16168;11.55704;516.8;NaN;0.0;3.1;204.5;15 / 21;216023;2018-11-09 17:41:14:072
6.579;-6.464;4.855;24.0;1.0;51.23;48.16168;11.55704;516.8;NaN;0.0;3.1;204.5;15 / 21;216121;2018-11-09 17:41:14:170
7.364;-6.071;5.315;30.0;1.0;49.08;48.16168;11.55704;516.8;NaN;0.0;3.1;204.5;15 / 21;216221;2018-11-09 17:41:14:270
7.546;-6.847;5.296;33.0;1.0;49.08;48.16168;11.55704;516.8;NaN;0.0;3.1;204.5;15 / 21;216321;2018-11-09 17:41:14:370
6.914;-6.617;2.863;27.0;1.0;49.08;48.16168;11.55704;516.8;NaN;0.0;3.1;204.5;15 / 21;216422;2018-11-09 17:41:14:471
6.541;-6.359;3.581;26.0;1.0;50.86;48.16168;11.55704;516.8;NaN;0.0;3.1;204.5;15 / 21;216522;2018-11-09 17:41:14:571
7.182;-6.196;3.974;33.0;1.0;50.86;48.16168;11.55704;516.8;NaN;0.0;3.1;204.5;15 / 21;216622;2018-11-09 17:41:14:671
7.278;-5.535;5.133;36.0;1.0;50.86;48.16168;11.55704;516.8;NaN;0.0;3.1;204.5;15 / 21;216722;2018-11-09 17:41:14:771
7.412;-5.717;5.209;39.0;1.0;52.64;48.16168;11.55704;516.8;NaN;0.0;3.1;204.5;15 / 21;216822;2018-11-09 17:41:14:871
7.393;-5.794;4.472;45.0;1.0;52.64;48.16168;11.55704;516.8;NaN;0.0;3.1;204.5;15 / 21;216921;2018-11-09 17:41:14:970
7.987;-6.378;6.818;45.0;1.0;52.64;48.16168;11.55704;516.8;NaN;0.0;3.1;204.5;15 / 21;217021;2018-11-09 17:41:15:070
6.866;-6.119;4.692;39.0;1.0;54.04;48.16169;11.55706;516.1;NaN;1.4;3.0;9.8;15 / 21;217123;2018-11-09 17:41:15:172
7.345;-6.387;4.261;27.0;1.0;54.04;48.16169;11.55706;516.1;NaN;1.4;3.0;9.8;15 / 21;217222;2018-11-09 17:41:15:271
7.326;-6.311;5.171;40.0;1.0;54.04;48.16169;11.55706;516.1;NaN;1.4;3.0;9.8;15 / 21;217322;2018-11-09 17:41:15:371
7.039;-5.87;4.549;26.0;1.0;51.37;48.16169;11.55706;516.1;NaN;1.4;3.0;9.8;15 / 21;217421;2018-11-09 17:41:15:470
7.632;-6.397;3.553;31.0;1.0;51.37;48.16169;11.55706;516.1;NaN;1.4;3.0;9.8;15 / 21;217521;2018-11-09 17:41:15:570
7.374;-6.636;2.988;16.0;1.0;51.37;48.16169;11.55706;516.1;NaN;1.4;3.0;9.8;15 / 21;217621;2018-11-09 17:41:15:670
7.345;-6.148;3.562;29.0;1.0;47.75;48.16169;11.55706;516.1;NaN;1.4;3.0;9.8;15 / 21;217721;2018-11-09 17:41:15:770
7.441;-5.995;4.826;15.0;1.0;47.75;48.16169;11.55706;516.1;NaN;1.4;3.0;9.8;15 / 21;217821;2018-11-09 17:41:15:870
7.297;-6.301;3.648;24.0;1.0;47.75;48.16169;11.55706;516.1;NaN;1.4;3.0;9.8;15 / 21;217921;2018-11-09 17:41:15:970
8.514;-6.234;5.315;35.0;1.0;50.42;48.16169;11.55706;516.1;NaN;1.4;3.0;9.8;15 / 21;218022;2018-11-09 17:41:16:071
10.477;-5.861;4.213;33.0;1.0;50.42;48.16169;11.55706;516.0;NaN;0.0;3.0;9.8;15 / 21;218122;2018-11-09 17:41:16:171
11.119;-3.38;5.382;29.0;1.0;50.42;48.16169;11.55706;516.0;NaN;0.0;3.0;9.8;15 / 21;218222;2018-11-09 17:41:16:271
13.427;-0.536;2.777;24.0;1.0;53.29;48.16169;11.55706;516.0;NaN;0.0;3.0;9.8;15 / 21;218322;2018-11-09 17:41:16:371
8.581;-1.494;2.279;56.0;1.0;53.29;48.16169;11.55706;516.0;NaN;0.0;3.0;9.8;15 / 21;218421;2018-11-09 17:41:16:470
7.719;-2.174;4.338;92.0;1.0;53.29;48.16169;11.55706;516.0;NaN;0.0;3.0;9.8;15 / 21;218521;2018-11-09 17:41:16:570
4.108;-2.269;1.714;15.0;1.0;56.09;48.16169;11.55706;516.0;NaN;0.0;3.0;9.8;15 / 21;218621;2018-11-09 17:41:16:670
5.995;0.718;8.408;27.0;1.0;56.09;48.16169;11.55706;516.0;NaN;0.0;3.0;9.8;15 / 21;218721;2018-11-09 17:41:16:770
5.018;1.436;8.016;20.0;1.0;56.09;48.16169;11.55706;516.0;NaN;0.0;3.0;9.8;15 / 21;218821;2018-11-09 17:41:16:870
6.32;0.651;7.853;22.0;1.0;50.83;48.16169;11.55706;516.0;NaN;0.0;3.0;9.8;15 / 21;218922;2018-11-09 17:41:16:971
5.277;2.269;7.661;20.0;1.0;50.83;48.16169;11.55706;516.0;NaN;0.0;3.0;9.8;15 / 21;219022;2018-11-09 17:41:17:071
5.707;1.896;7.192;16.0;1.0;50.83;48.1617;11.55706;515.9;NaN;0.0;3.1;9.8;15 / 21;219123;2018-11-09 17:41:17:172
6.148;1.551;7.585;23.0;1.0;49.51;48.1617;11.55706;515.9;NaN;0.0;3.1;9.8;15 / 21;219222;2018-11-09 17:41:17:271
7.077;1.503;7.192;29.0;1.0;49.51;48.1617;11.55706;515.9;NaN;0.0;3.1;9.8;15 / 21;219322;2018-11-09 17:41:17:371
6.359;1.58;8.437;11.0;1.0;49.51;48.1617;11.55706;515.9;NaN;0.0;3.1;9.8;15 / 21;219421;2018-11-09 17:41:17:470
6.11;1.886;7.307;30.0;1.0;50.31;48.1617;11.55706;515.9;NaN;0.0;3.1;9.8;15 / 21;219521;2018-11-09 17:41:17:570
5.631;2.202;6.885;18.0;1.0;50.31;48.1617;11.55706;515.9;NaN;0.0;3.1;9.8;15 / 21;219621;2018-11-09 17:41:17:670
5.411;2.614;7.412;17.0;1.0;50.31;48.1617;11.55706;515.9;NaN;0.0;3.1;9.8;15 / 21;219721;2018-11-09 17:41:17:770
4.635;3.304;8.169;19.0;1.0;56.24;48.1617;11.55706;515.9;NaN;0.0;3.1;9.8;15 / 21;219822;2018-11-09 17:41:17:871
4.903;3.026;8.13;9.0;1.0;56.24;48.1617;11.55706;515.9;NaN;0.0;3.1;9.8;15 / 21;219922;2018-11-09 17:41:17:971
4.127;3.064;8.226;22.0;1.0;56.24;48.1617;11.55706;515.9;NaN;0.0;3.1;9.8;15 / 21;220021;2018-11-09 17:41:18:070
4.338;3.294;7.728;26.0;1.0;57.23;48.1617;11.55706;515.9;NaN;0.0;3.1;9.8;15 / 21;220121;2018-11-09 17:41:18:170
4.357;4.587;7.862;36.0;1.0;57.23;48.1617;11.55706;515.7;NaN;0.0;3.1;9.8;15 / 21;220221;2018-11-09 17:41:18:270
3.802;4.759;7.719;21.0;1.0;57.23;48.1617;11.55706;515.7;NaN;0.0;3.1;9.8;15 / 21;220321;2018-11-09 17:41:18:370
3.821;4.625;7.537;24.0;1.0;55.23;48.1617;11.55706;515.7;NaN;0.0;3.1;9.8;15 / 21;220421;2018-11-09 17:41:18:470
3.294;5.478;7.805;10.0;1.0;55.23;48.1617;11.55706;515.7;NaN;0.0;3.1;9.8;15 / 21;220521;2018-11-09 17:41:18:570
3.888;6.081;6.675;28.0;1.0;55.23;48.1617;11.55706;515.7;NaN;0.0;3.1;9.8;15 / 21;220622;2018-11-09 17:41:18:671
3.284;5.87;5.516;11.0;1.0;53.4;48.1617;11.55706;515.7;NaN;0.0;3.1;9.8;15 / 21;220722;2018-11-09 17:41:18:771
3.083;6.972;6.407;16.0;1.0;53.4;48.1617;11.55706;515.7;NaN;0.0;3.1;9.8;15 / 21;220822;2018-11-09 17:41:18:871
2.882;5.803;6.253;13.0;1.0;53.4;48.1617;11.55706;515.7;NaN;0.0;3.1;9.8;15 / 21;220922;2018-11-09 17:41:18:971
2.537;5.449;6.953;17.0;1.0;56.46;48.1617;11.55706;515.7;NaN;0.0;3.1;9.8;15 / 21;221022;2018-11-09 17:41:19:071
2.269;5.64;6.167;110.0;1.0;56.46;48.1617;11.55706;515.7;NaN;0.0;3.1;9.8;15 / 21;221122;2018-11-09 17:41:19:171
4.06;2.672;6.062;294.0;1.0;56.46;48.1617;11.55706;515.7;NaN;0.0;3.1;9.8;14 / 21;221222;2018-11-09 17:41:19:271
3.102;3.629;9.05;23.0;1.0;53.06;48.1617;11.55706;515.7;NaN;0.0;3.1;9.8;14 / 21;221322;2018-11-09 17:41:19:371
4.549;4.913;9.557;10.0;1.0;53.06;48.1617;11.55706;515.7;NaN;0.0;3.1;9.8;14 / 21;221422;2018-11-09 17:41:19:471
5.861;2.154;8.485;354.0;1.0;53.06;48.1617;11.55706;515.7;NaN;0.0;3.1;9.8;14 / 21;221522;2018-11-09 17:41:19:571
5.42;2.691;7.326;354.0;1.0;54.2;48.1617;11.55706;515.7;NaN;0.0;3.1;9.8;14 / 21;221622;2018-11-09 17:41:19:671
4.328;3.371;8.743;162.0;1.0;54.2;48.1617;11.55706;515.7;NaN;0.0;3.1;9.8;14 / 21;221722;2018-11-09 17:41:19:771
5.238;2.825;7.661;270.0;1.0;54.2;48.1617;11.55706;515.7;NaN;0.0;3.1;9.8;14 / 21;221822;2018-11-09 17:41:19:871
3.897;1.34;10.142;304.0;1.0;52.18;48.1617;11.55706;515.7;NaN;0.0;3.1;9.8;14 / 21;221922;2018-11-09 17:41:19:971
6.004;2.825;7.374;351.0;1.0;52.18;48.1617;11.55706;515.7;NaN;0.0;3.1;9.8;14 / 21;222022;2018-11-09 17:41:20:071
3.543;2.518;8.083;350.0;1.0;52.18;48.1617;11.55706;515.7;NaN;0.0;3.1;9.8;14 / 21;222122;2018-11-09 17:41:20:171
4.874;3.332;8.609;352.0;1.0;53.51;48.1617;11.55706;515.7;NaN;0.0;3.1;9.8;14 / 21;222222;2018-11-09 17:41:20:271
3.687;2.853;8.13;90.0;1.0;53.51;48.1617;11.55706;515.7;NaN;0.0;3.1;9.8;14 / 21;222322;2018-11-09 17:41:20:371
2.748;3.294;8.619;329.0;1.0;53.51;48.1617;11.55706;515.7;NaN;0.0;3.1;9.8;14 / 21;222422;2018-11-09 17:41:20:471
3.591;3.294;8.217;322.0;1.0;58.07;48.1617;11.55706;515.7;NaN;0.0;3.1;9.8;14 / 21;222522;2018-11-09 17:41:20:571
3.85;3.38;8.753;353.0;1.0;58.07;48.1617;11.55706;515.7;NaN;0.0;3.1;9.8;14 / 21;222621;2018-11-09 17:41:20:670
3.447;3.122;8.561;327.0;1.0;58.07;48.1617;11.55706;515.7;NaN;0.0;3.1;9.8;14 / 21;222721;2018-11-09 17:41:20:770
5.918;2.901;9.174;350.0;1.0;56.05;48.1617;11.55706;515.7;NaN;0.0;3.1;9.8;14 / 21;222821;2018-11-09 17:41:20:870
4.769;3.284;8.743;320.0;1.0;56.05;48.1617;11.55706;515.7;NaN;0.0;3.1;9.8;14 / 21;222921;2018-11-09 17:41:20:970
3.505;2.7;8.226;341.0;1.0;56.05;48.1617;11.55706;515.7;NaN;0.0;3.1;9.8;14 / 21;223021;2018-11-09 17:41:21:070
4.012;3.035;9.098;368.0;1.0;52.35;48.1617;11.55706;515.7;NaN;0.0;3.1;9.8;14 / 21;223121;2018-11-09 17:41:21:170
3.342;2.001;7.316;344.0;1.0;52.35;48.1617;11.55706;515.7;NaN;0.0;3.1;9.8;14 / 21;223221;2018-11-09 17:41:21:270
2.882;2.815;9.28;357.0;1.0;52.35;48.1617;11.55706;515.7;NaN;0.0;3.1;9.8;14 / 21;223323;2018-11-09 17:41:21:372
3.438;2.834;10.678;358.0;1.0;58.02;48.1617;11.55706;515.7;NaN;0.0;3.1;9.8;14 / 21;223422;2018-11-09 17:41:21:471
0.536;2.231;8.198;160.0;1.0;58.02;48.1617;11.55706;515.7;NaN;0.0;3.1;9.8;14 / 21;223522;2018-11-09 17:41:21:571
0.756;2.241;7.834;36.0;1.0;58.02;48.1617;11.55706;515.7;NaN;0.0;3.1;9.8;14 / 21;223621;2018-11-09 17:41:21:670
-0.411;4.683;10.372;39.0;1.0;58.02;48.1617;11.55706;515.7;NaN;0.0;3.1;9.8;14 / 21;223721;2018-11-09 17:41:21:770
-0.306;3.993;9.529;36.0;1.0;58.87;48.1617;11.55706;515.7;NaN;0.0;3.1;9.8;14 / 21;223821;2018-11-09 17:41:21:870
1.091;3.016;7.862;41.0;1.0;58.87;48.1617;11.55706;515.7;NaN;0.0;3.1;9.8;14 / 21;223921;2018-11-09 17:41:21:970
-0.641;3.945;8.964;20.0;1.0;58.87;48.1617;11.55706;515.7;NaN;0.0;3.1;9.8;14 / 21;224021;2018-11-09 17:41:22:070
-0.632;3.658;9.414;37.0;1.0;55.53;48.1617;11.55706;515.7;NaN;0.0;3.1;9.8;15 / 21;224121;2018-11-09 17:41:22:170
-0.277;3.907;8.6;31.0;1.0;55.53;48.1617;11.55706;515.7;NaN;0.0;3.1;9.8;15 / 21;224221;2018-11-09 17:41:22:270
2.269;3.313;6.435;24.0;1.0;55.53;48.1617;11.55706;515.7;NaN;0.0;3.1;9.8;15 / 21;224321;2018-11-09 17:41:22:370
3.246;4.348;8.284;37.0;1.0;49.14;48.1617;11.55706;515.7;NaN;0.0;3.1;9.8;15 / 21;224421;2018-11-09 17:41:22:470
4.96;2.739;8.973;36.0;1.0;49.14;48.1617;11.55706;515.7;NaN;0.0;3.1;9.8;15 / 21;224521;2018-11-09 17:41:22:570
6.924;-0.047;7.862;21.0;1.0;49.14;48.1617;11.55706;515.7;NaN;0.0;3.1;9.8;15 / 21;224621;2018-11-09 17:41:22:670
4.482;-2.087;10.391;6.0;1.0;51.2;48.1617;11.55706;515.7;NaN;0.0;3.1;9.8;15 / 21;224722;2018-11-09 17:41:22:771
5.87;1.264;6.675;11.0;1.0;51.2;48.1617;11.55706;515.7;NaN;0.0;3.1;9.8;15 / 21;224822;2018-11-09 17:41:22:871
3.955;-0.124;7.767;11.0;1.0;51.2;48.1617;11.55706;515.7;NaN;0.0;3.1;9.8;15 / 21;224922;2018-11-09 17:41:22:971
2.375;1.149;12.728;0.0;1.0;58.85;48.1617;11.55706;515.7;NaN;0.0;3.1;9.8;15 / 21;225022;2018-11-09 17:41:23:071
7.154;-2.652;0.325;30.0;1.0;58.85;48.1617;11.55706;515.7;NaN;0.0;3.1;9.8;15 / 21;225122;2018-11-09 17:41:23:171
9.289;2.432;2.71;17.0;1.0;58.85;48.1617;11.55706;515.7;NaN;0.0;3.1;9.8;15 / 21;225222;2018-11-09 17:41:23:271
7.508;0.986;8.016;31.0;1.0;59.75;48.1617;11.55706;515.7;NaN;0.0;3.1;9.8;15 / 21;225322;2018-11-09 17:41:23:371
6.024;0.43;7.393;37.0;1.0;59.75;48.1617;11.55706;515.7;NaN;0.0;3.1;9.8;15 / 21;225422;2018-11-09 17:41:23:471
4.453;0.44;14.748;19.0;1.0;59.75;48.1617;11.55706;515.7;NaN;0.0;3.1;9.8;15 / 21;225522;2018-11-09 17:41:23:571
4.913;1.292;9.376;10.0;1.0;50.63;48.1617;11.55706;515.7;NaN;0.0;3.1;9.8;15 / 21;225622;2018-11-09 17:41:23:671
4.328;1.139;7.508;12.0;1.0;50.63;48.1617;11.55706;515.7;NaN;0.0;3.1;9.8;15 / 21;225721;2018-11-09 17:41:23:770
6.426;1.819;7.747;14.0;1.0;50.63;48.1617;11.55706;515.7;NaN;0.0;3.1;9.8;15 / 21;225821;2018-11-09 17:41:23:870
4.96;1.053;7.537;16.0;1.0;49.78;48.1617;11.55706;515.7;NaN;0.0;3.1;9.8;15 / 21;225922;2018-11-09 17:41:23:971
7.24;2.279;8.753;15.0;1.0;49.78;48.1617;11.55706;515.7;NaN;0.0;3.1;9.8;15 / 21;226022;2018-11-09 17:41:24:071
5.698;2.135;8.073;25.0;1.0;49.78;48.1617;11.55706;515.7;NaN;0.0;3.1;9.8;15 / 21;226122;2018-11-09 17:41:24:171
6.349;2.604;7.039;6.0;1.0;48.3;48.1617;11.55706;515.7;NaN;0.0;3.1;9.8;15 / 21;226221;2018-11-09 17:41:24:270
9.002;3.629;6.368;5.0;1.0;48.3;48.1617;11.55706;515.7;NaN;0.0;3.1;9.8;15 / 21;226321;2018-11-09 17:41:24:370
6.962;2.375;6.378;2.0;1.0;48.3;48.1617;11.55706;515.7;NaN;0.0;3.1;9.8;15 / 21;226421;2018-11-09 17:41:24:470
6.292;2.231;6.646;11.0;1.0;58.74;48.1617;11.55706;515.7;NaN;0.0;3.1;9.8;15 / 21;226521;2018-11-09 17:41:24:570
6.531;2.48;7.087;9.0;1.0;58.74;48.1617;11.55706;515.7;NaN;0.0;3.1;9.8;15 / 21;226621;2018-11-09 17:41:24:670
7.23;2.461;6.981;18.0;1.0;58.74;48.1617;11.55706;515.7;NaN;0.0;3.1;9.8;15 / 21;226721;2018-11-09 17:41:24:770
7.307;2.614;6.828;20.0;1.0;48.87;48.1617;11.55706;515.7;NaN;0.0;3.1;9.8;15 / 21;226821;2018-11-09 17:41:24:870
7.202;2.537;6.713;14.0;1.0;48.87;48.1617;11.55706;515.7;NaN;0.0;3.1;9.8;15 / 21;226921;2018-11-09 17:41:24:970
6.244;2.078;5.717;10.0;1.0;48.87;48.1617;11.55706;515.7;NaN;0.0;3.1;9.8;15 / 21;227021;2018-11-09 17:41:25:070
6.914;2.269;6.991;17.0;1.0;48.06;48.1617;11.55706;515.7;NaN;0.0;3.1;9.8;15 / 21;227122;2018-11-09 17:41:25:171
7.221;2.193;6.771;15.0;1.0;48.06;48.1617;11.55706;515.7;NaN;0.0;3.1;9.8;15 / 21;227222;2018-11-09 17:41:25:271
7.441;2.279;6.933;16.0;1.0;48.06;48.1617;11.55706;515.7;NaN;0.0;3.1;9.8;15 / 21;227322;2018-11-09 17:41:25:371
7.067;2.049;6.943;19.0;1.0;50.2;48.1617;11.55706;515.7;NaN;0.0;3.1;9.8;15 / 21;227422;2018-11-09 17:41:25:471
7.211;2.049;6.972;23.0;1.0;50.2;48.1617;11.55706;515.7;NaN;0.0;3.1;9.8;15 / 21;227522;2018-11-09 17:41:25:571
5.88;1.541;7.096;16.0;1.0;50.2;48.1617;11.55706;515.7;NaN;0.0;3.1;9.8;15 / 21;227622;2018-11-09 17:41:25:671
6.771;1.781;7.067;9.0;1.0;54.95;48.1617;11.55706;515.7;NaN;0.0;3.1;9.8;15 / 21;227721;2018-11-09 17:41:25:770
6.627;1.838;6.895;19.0;1.0;54.95;48.1617;11.55706;515.7;NaN;0.0;3.1;9.8;15 / 21;227821;2018-11-09 17:41:25:870
6.502;1.676;6.79;22.0;1.0;54.95;48.1617;11.55706;515.7;NaN;0.0;3.1;9.8;15 / 21;227921;2018-11-09 17:41:25:970
6.493;1.637;6.809;15.0;1.0;53.23;48.1617;11.55706;515.7;NaN;0.0;3.1;9.8;15 / 21;228021;2018-11-09 17:41:26:070
6.933;1.896;6.895;9.0;1.0;53.23;48.1617;11.55706;515.7;NaN;0.0;3.1;9.8;15 / 21;228121;2018-11-09 17:41:26:170
6.732;1.848;6.847;11.0;1.0;53.23;48.1617;11.55706;515.7;NaN;0.0;3.1;9.8;15 / 21;228224;2018-11-09 17:41:26:273
6.751;1.81;6.876;8.0;1.0;53.01;48.1617;11.55706;515.7;NaN;0.0;3.1;9.8;15 / 21;228322;2018-11-09 17:41:26:371
6.761;1.829;6.771;15.0;1.0;53.01;48.1617;11.55706;515.7;NaN;0.0;3.1;9.8;15 / 21;228422;2018-11-09 17:41:26:471
6.723;1.944;6.742;13.0;1.0;53.01;48.1617;11.55706;515.7;NaN;0.0;3.1;9.8;15 / 21;228521;2018-11-09 17:41:26:570
6.981;1.972;6.78;16.0;1.0;52.55;48.1617;11.55706;515.7;NaN;0.0;3.1;9.8;15 / 21;228622;2018-11-09 17:41:26:671
6.541;1.867;6.751;22.0;1.0;52.55;48.1617;11.55706;515.7;NaN;0.0;3.1;9.8;15 / 21;228721;2018-11-09 17:41:26:770
6.972;1.925;6.694;19.0;1.0;52.55;48.1617;11.55706;515.7;NaN;0.0;3.1;9.8;15 / 21;228821;2018-11-09 17:41:26:870
6.751;1.733;6.522;29.0;1.0;55.34;48.1617;11.55706;515.7;NaN;0.0;3.1;9.8;15 / 21;228921;2018-11-09 17:41:26:970
6.78;1.867;6.905;2.0;1.0;55.34;48.1617;11.55706;515.7;NaN;0.0;3.1;9.8;15 / 21;229022;2018-11-09 17:41:27:071
7.288;2.001;6.263;38.0;1.0;55.34;48.1617;11.55706;515.7;NaN;0.0;3.1;9.8;15 / 21;229122;2018-11-09 17:41:27:171
6.598;1.637;6.799;17.0;1.0;50.93;48.1617;11.55706;515.7;NaN;0.0;3.1;9.8;15 / 21;229222;2018-11-09 17:41:27:271
6.953;1.656;6.627;7.0;1.0;50.93;48.1617;11.55706;515.7;NaN;0.0;3.1;9.8;15 / 21;229322;2018-11-09 17:41:27:371
6.435;0.45;7.23;21.0;1.0;50.93;48.1617;11.55706;515.7;NaN;0.0;3.1;9.8;15 / 21;229422;2018-11-09 17:41:27:471
7.297;0.565;6.704;23.0;1.0;62.23;48.1617;11.55706;515.7;NaN;0.0;3.1;9.8;15 / 21;229522;2018-11-09 17:41:27:571
6.253;-0.114;7.326;27.0;1.0;62.23;48.1617;11.55706;515.7;NaN;0.0;3.1;9.8;15 / 21;229621;2018-11-09 17:41:27:670
7.316;0.478;6.838;12.0;1.0;62.23;48.1617;11.55706;515.7;NaN;0.0;3.1;9.8;15 / 21;229721;2018-11-09 17:41:27:770
6.924;0.775;6.78;7.0;1.0;56.35;48.1617;11.55706;515.7;NaN;0.0;3.1;9.8;15 / 21;229821;2018-11-09 17:41:27:870
7.47;1.245;6.617;22.0;1.0;56.35;48.1617;11.55706;515.7;NaN;0.0;3.1;9.8;15 / 21;229921;2018-11-09 17:41:27:970
7.096;2.068;5.545;22.0;1.0;56.35;48.1617;11.55706;515.7;NaN;0.0;3.1;9.8;15 / 21;230022;2018-11-09 17:41:28:071
7.671;2.901;6.244;5.0;1.0;62.27;48.1617;11.55706;515.7;NaN;0.0;3.1;9.8;15 / 21;230122;2018-11-09 17:41:28:171
7.345;0.881;7.154;16.0;1.0;62.27;48.1617;11.55706;515.7;NaN;0.0;3.1;9.8;15 / 21;230223;2018-11-09 17:41:28:272
6.943;1.743;6.531;29.0;1.0;62.27;48.1617;11.55706;515.7;NaN;0.0;3.1;9.8;15 / 21;230322;2018-11-09 17:41:28:371
7.805;2.518;6.675;6.0;1.0;62.94;48.1617;11.55706;515.7;NaN;0.0;3.1;9.8;15 / 21;230422;2018-11-09 17:41:28:471
8.15;2.71;5.746;23.0;1.0;62.94;48.1617;11.55706;515.7;NaN;0.0;3.1;9.8;15 / 21;230522;2018-11-09 17:41:28:571
7.403;1.944;5.516;12.0;1.0;62.94;48.1617;11.55706;515.7;NaN;0.0;3.1;9.8;15 / 21;230621;2018-11-09 17:41:28:670
7.661;1.877;4.999;15.0;1.0;56.92;48.1617;11.55706;515.7;NaN;0.0;3.1;9.8;15 / 21;230721;2018-11-09 17:41:28:770
7.69;0.909;6.129;20.0;1.0;56.92;48.1617;11.55706;515.7;NaN;0.0;3.1;9.8;15 / 21;230821;2018-11-09 17:41:28:870
7.891;1.484;5.516;18.0;1.0;56.92;48.1617;11.55706;515.7;NaN;0.0;3.1;9.8;15 / 21;230921;2018-11-09 17:41:28:970
7.977;1.58;5.679;14.0;1.0;56.04;48.1617;11.55706;515.7;NaN;0.0;3.1;9.8;15 / 21;231022;2018-11-09 17:41:29:071
7.719;1.513;5.947;35.0;1.0;56.04;48.1617;11.55706;515.7;NaN;0.0;3.1;9.8;15 / 21;231122;2018-11-09 17:41:29:171
7.115;0.708;5.813;13.0;1.0;56.04;48.1617;11.55706;515.7;NaN;0.0;3.1;9.8;15 / 21;231222;2018-11-09 17:41:29:271
8.092;0.545;7.0;39.0;1.0;58.65;48.1617;11.55706;515.7;NaN;0.0;3.1;9.8;15 / 21;231322;2018-11-09 17:41:29:371
7.431;0.928;5.775;31.0;1.0;58.65;48.1617;11.55706;515.7;NaN;0.0;3.1;9.8;15 / 21;231422;2018-11-09 17:41:29:471
7.355;1.11;6.924;26.0;1.0;58.65;48.1617;11.55706;515.7;NaN;0.0;3.1;9.8;15 / 21;231521;2018-11-09 17:41:29:570
7.489;1.005;5.985;25.0;1.0;59.87;48.1617;11.55706;515.7;NaN;0.0;3.1;9.8;15 / 21;231621;2018-11-09 17:41:29:670
7.345;1.8;6.407;18.0;1.0;59.87;48.1617;11.55706;515.7;NaN;0.0;3.1;9.8;15 / 21;231721;2018-11-09 17:41:29:770
7.355;1.522;5.593;24.0;1.0;59.87;48.1617;11.55706;515.7;NaN;0.0;3.1;9.8;15 / 21;231821;2018-11-09 17:41:29:870
7.163;0.814;5.506;11.0;1.0;57.28;48.1617;11.55706;515.7;NaN;0.0;3.1;9.8;15 / 21;231921;2018-11-09 17:41:29:970
7.556;1.407;5.449;23.0;1.0;57.28;48.1617;11.55706;515.7;NaN;0.0;3.1;9.8;15 / 21;232021;2018-11-09 17:41:30:070
7.968;1.446;5.889;19.0;1.0;57.28;48.1617;11.55706;515.7;NaN;0.0;3.1;9.8;15 / 21;232122;2018-11-09 17:41:30:171
9.385;1.915;4.778;9.0;1.0;56.28;48.16168;11.55702;513.0;NaN;3.0;3.2;331.7;15 / 21;232225;2018-11-09 17:41:30:274
7.489;0.919;3.447;16.0;1.0;56.28;48.16168;11.55702;513.0;NaN;3.0;3.2;331.7;14 / 21;232322;2018-11-09 17:41:30:371
7.278;2.308;5.928;6.0;1.0;56.28;48.16168;11.55702;513.0;NaN;3.0;3.2;331.7;14 / 21;232422;2018-11-09 17:41:30:471
7.996;2.384;2.815;19.0;1.0;56.77;48.16168;11.55702;513.0;NaN;3.0;3.2;331.7;14 / 21;232522;2018-11-09 17:41:30:571
7.623;1.848;6.004;15.0;1.0;56.77;48.16168;11.55702;513.0;NaN;3.0;3.2;331.7;14 / 21;232622;2018-11-09 17:41:30:671
8.868;2.509;4.616;19.0;1.0;56.77;48.16168;11.55702;513.0;NaN;3.0;3.2;331.7;14 / 21;232722;2018-11-09 17:41:30:771
7.661;1.867;5.162;41.0;1.0;56.54;48.16168;11.55702;513.0;NaN;3.0;3.2;331.7;14 / 21;232821;2018-11-09 17:41:30:870
9.644;2.126;5.631;41.0;1.0;56.54;48.16168;11.55702;513.0;NaN;3.0;3.2;331.7;14 / 21;232921;2018-11-09 17:41:30:970
8.13;1.446;2.614;37.0;1.0;56.54;48.16168;11.55702;513.0;NaN;3.0;3.2;331.7;14 / 21;233021;2018-11-09 17:41:31:070
8.916;2.375;5.028;59.0;1.0;56.54;48.16169;11.55702;512.2;NaN;3.1;3.1;339.0;15 / 21;233122;2018-11-09 17:41:31:171
7.929;1.398;4.51;55.0;1.0;60.91;48.16169;11.55702;512.2;NaN;3.1;3.1;339.0;15 / 21;233222;2018-11-09 17:41:31:271
8.389;2.164;5.803;18.0;1.0;60.91;48.16169;11.55702;512.2;NaN;3.1;3.1;339.0;15 / 21;233322;2018-11-09 17:41:31:371
7.0;1.091;7.182;27.0;1.0;60.91;48.16169;11.55702;512.2;NaN;3.1;3.1;339.0;15 / 21;233422;2018-11-09 17:41:31:471
8.274;2.298;5.449;16.0;1.0;54.15;48.16169;11.55702;512.2;NaN;3.1;3.1;339.0;15 / 21;233522;2018-11-09 17:41:31:571
8.542;0.833;3.955;29.0;1.0;54.15;48.16169;11.55702;512.2;NaN;3.1;3.1;339.0;15 / 21;233622;2018-11-09 17:41:31:671
8.868;1.292;4.817;14.0;1.0;54.15;48.16169;11.55702;512.2;NaN;3.1;3.1;339.0;15 / 21;233722;2018-11-09 17:41:31:771
9.395;2.729;5.209;16.0;1.0;56.56;48.16169;11.55702;512.2;NaN;3.1;3.1;339.0;15 / 21;233821;2018-11-09 17:41:31:870
9.107;2.02;5.535;32.0;1.0;56.56;48.16169;11.55702;512.2;NaN;3.1;3.1;339.0;15 / 21;233922;2018-11-09 17:41:31:971
9.462;2.796;6.043;36.0;1.0;56.56;48.16169;11.55702;512.2;NaN;3.1;3.1;339.0;15 / 21;234022;2018-11-09 17:41:32:071
8.504;2.336;3.581;44.0;1.0;56.35;48.16169;11.55702;511.5;NaN;2.7;3.2;340.3;15 / 21;234122;2018-11-09 17:41:32:171
8.504;2.365;4.836;28.0;1.0;56.35;48.16169;11.55702;511.5;NaN;2.7;3.2;340.3;15 / 21;234222;2018-11-09 17:41:32:271
8.284;2.317;5.506;59.0;1.0;56.35;48.16169;11.55702;511.5;NaN;2.7;3.2;340.3;15 / 21;234322;2018-11-09 17:41:32:371
7.594;2.375;5.669;15.0;1.0;56.34;48.16169;11.55702;511.5;NaN;2.7;3.2;340.3;15 / 21;234422;2018-11-09 17:41:32:471
7.719;1.34;5.142;31.0;1.0;56.34;48.16169;11.55702;511.5;NaN;2.7;3.2;340.3;15 / 21;234521;2018-11-09 17:41:32:570
7.393;2.059;5.794;21.0;1.0;56.34;48.16169;11.55702;511.5;NaN;2.7;3.2;340.3;15 / 21;234621;2018-11-09 17:41:32:670
6.253;1.11;6.052;25.0;1.0;57.71;48.16169;11.55702;511.5;NaN;2.7;3.2;340.3;15 / 21;234721;2018-11-09 17:41:32:770
8.265;3.361;5.248;11.0;1.0;57.71;48.16169;11.55702;511.5;NaN;2.7;3.2;340.3;15 / 21;234822;2018-11-09 17:41:32:871
7.872;1.35;5.42;25.0;1.0;57.71;48.16169;11.55702;511.5;NaN;2.7;3.2;340.3;15 / 21;234922;2018-11-09 17:41:32:971
7.47;0.718;5.229;26.0;1.0;54.93;48.16169;11.55702;511.5;NaN;2.7;3.2;340.3;15 / 21;235021;2018-11-09 17:41:33:070
7.412;0.0;6.004;19.0;1.0;54.93;48.16169;11.55702;510.9;NaN;0.0;3.2;340.3;15 / 21;235121;2018-11-09 17:41:33:170
7.594;-1.992;7.824;39.0;1.0;54.93;48.16169;11.55702;510.9;NaN;0.0;3.2;340.3;15 / 21;235221;2018-11-09 17:41:33:270
7.757;0.67;5.401;24.0;0.0;50.91;48.16169;11.55702;510.9;NaN;0.0;3.2;340.3;15 / 21;235321;2018-11-09 17:41:33:370
8.36;0.957;5.257;24.0;1.0;50.91;48.16169;11.55702;510.9;NaN;0.0;3.2;340.3;15 / 21;235422;2018-11-09 17:41:33:471
5.42;-0.689;6.78;28.0;1.0;50.91;48.16169;11.55702;510.9;NaN;0.0;3.2;340.3;15 / 21;235522;2018-11-09 17:41:33:571
7.575;1.177;7.671;38.0;1.0;50.14;48.16169;11.55702;510.9;NaN;0.0;3.2;340.3;15 / 21;235622;2018-11-09 17:41:33:671
7.537;1.005;8.686;42.0;1.0;50.14;48.16169;11.55702;510.9;NaN;0.0;3.2;340.3;15 / 21;235722;2018-11-09 17:41:33:771
6.368;1.245;7.297;34.0;1.0;50.14;48.16169;11.55702;510.9;NaN;0.0;3.2;340.3;15 / 21;235822;2018-11-09 17:41:33:871
6.033;1.455;7.537;24.0;1.0;49.64;48.16169;11.55702;510.9;NaN;0.0;3.2;340.3;15 / 21;235921;2018-11-09 17:41:33:970
6.33;1.379;6.972;33.0;1.0;49.64;48.16169;11.55702;510.9;NaN;0.0;3.2;340.3;15 / 21;236021;2018-11-09 17:41:34:070
6.608;1.455;6.253;45.0;1.0;49.64;48.16169;11.55701;511.2;NaN;0.0;3.2;340.3;15 / 21;236122;2018-11-09 17:41:34:171
6.694;1.494;7.968;42.0;1.0;47.88;48.16169;11.55701;511.2;NaN;0.0;3.2;340.3;15 / 21;236222;2018-11-09 17:41:34:271
6.129;1.743;7.719;39.0;1.0;47.88;48.16169;11.55701;511.2;NaN;0.0;3.2;340.3;15 / 21;236321;2018-11-09 17:41:34:370
10.783;-0.191;3.715;42.0;1.0;47.88;48.16169;11.55701;511.2;NaN;0.0;3.2;340.3;15 / 21;236422;2018-11-09 17:41:34:471
7.355;1.618;8.245;36.0;1.0;48.75;48.16169;11.55701;511.2;NaN;0.0;3.2;340.3;15 / 21;236522;2018-11-09 17:41:34:571
7.814;1.953;5.631;26.0;1.0;48.75;48.16169;11.55701;511.2;NaN;0.0;3.2;340.3;15 / 21;236622;2018-11-09 17:41:34:671
5.209;0.057;8.226;21.0;1.0;48.75;48.16169;11.55701;511.2;NaN;0.0;3.2;340.3;15 / 21;236722;2018-11-09 17:41:34:771
4.108;-0.086;17.526;39.0;1.0;49.02;48.16169;11.55701;511.2;NaN;0.0;3.2;340.3;15 / 21;236822;2018-11-09 17:41:34:871
3.39;0.488;11.128;45.0;1.0;49.02;48.16169;11.55701;511.2;NaN;0.0;3.2;340.3;15 / 21;236921;2018-11-09 17:41:34:970
6.79;0.258;7.834;40.0;1.0;49.02;48.16169;11.55701;511.2;NaN;0.0;3.2;340.3;15 / 21;237021;2018-11-09 17:41:35:070
6.972;0.249;7.192;48.0;1.0;51.29;48.16169;11.55701;510.8;NaN;0.0;3.2;340.3;15 / 21;237123;2018-11-09 17:41:35:172
7.077;-0.105;7.498;41.0;1.0;51.29;48.16169;11.55701;510.8;NaN;0.0;3.2;340.3;15 / 21;237223;2018-11-09 17:41:35:272
7.067;0.249;7.211;56.0;1.0;51.29;48.16169;11.55701;510.8;NaN;0.0;3.2;340.3;15 / 21;237321;2018-11-09 17:41:35:370
7.125;0.325;7.039;51.0;1.0;51.98;48.16169;11.55701;510.8;NaN;0.0;3.2;340.3;15 / 21;237421;2018-11-09 17:41:35:470
6.071;0.622;6.809;36.0;1.0;51.98;48.16169;11.55701;510.8;NaN;0.0;3.2;340.3;15 / 21;237521;2018-11-09 17:41:35:570
6.464;0.459;7.01;31.0;1.0;51.98;48.16169;11.55701;510.8;NaN;0.0;3.2;340.3;15 / 21;237621;2018-11-09 17:41:35:670
6.704;0.383;6.493;42.0;1.0;52.5;48.16169;11.55701;510.8;NaN;0.0;3.2;340.3;15 / 21;237721;2018-11-09 17:41:35:770
6.636;0.45;7.316;32.0;1.0;52.5;48.16169;11.55701;510.8;NaN;0.0;3.2;340.3;15 / 21;237822;2018-11-09 17:41:35:871
6.704;0.383;6.838;45.0;1.0;52.5;48.16169;11.55701;510.8;NaN;0.0;3.2;340.3;15 / 21;237922;2018-11-09 17:41:35:971
6.799;0.565;7.719;26.0;1.0;52.24;48.16169;11.55701;510.8;NaN;0.0;3.2;340.3;15 / 21;238022;2018-11-09 17:41:36:071
6.273;0.612;7.336;37.0;1.0;52.24;48.16169;11.557;510.4;NaN;0.0;3.2;340.3;15 / 21;238123;2018-11-09 17:41:36:172
6.282;0.555;7.192;35.0;1.0;52.24;48.16169;11.557;510.4;NaN;0.0;3.2;340.3;15 / 21;238222;2018-11-09 17:41:36:271
6.474;0.842;7.211;27.0;1.0;49.29;48.16169;11.557;510.4;NaN;0.0;3.2;340.3;15 / 21;238322;2018-11-09 17:41:36:371
5.985;0.766;6.857;48.0;1.0;49.29;48.16169;11.557;510.4;NaN;0.0;3.2;340.3;15 / 21;238421;2018-11-09 17:41:36:470
5.621;1.101;7.202;34.0;1.0;49.29;48.16169;11.557;510.4;NaN;0.0;3.2;340.3;15 / 21;238521;2018-11-09 17:41:36:570
6.838;0.593;7.0;39.0;1.0;52.65;48.16169;11.557;510.4;NaN;0.0;3.2;340.3;15 / 21;238622;2018-11-09 17:41:36:671
6.809;0.517;6.732;40.0;1.0;52.65;48.16169;11.557;510.4;NaN;0.0;3.2;340.3;15 / 21;238721;2018-11-09 17:41:36:770
6.799;0.43;7.096;40.0;1.0;52.65;48.16169;11.557;510.4;NaN;0.0;3.2;340.3;15 / 21;238821;2018-11-09 17:41:36:870
7.087;0.536;6.847;42.0;1.0;50.46;48.16169;11.557;510.4;NaN;0.0;3.2;340.3;15 / 21;238921;2018-11-09 17:41:36:970
7.163;0.517;6.713;39.0;1.0;50.46;48.16169;11.557;510.4;NaN;0.0;3.2;340.3;15 / 21;239022;2018-11-09 17:41:37:071
7.154;0.545;6.933;38.0;1.0;50.46;48.1617;11.557;510.0;NaN;0.0;3.2;340.3;15 / 21;239121;2018-11-09 17:41:37:170
6.474;0.201;6.493;47.0;1.0;49.24;48.1617;11.557;510.0;NaN;0.0;3.2;340.3;14 / 21;239222;2018-11-09 17:41:37:271
6.828;0.641;6.799;48.0;1.0;49.24;48.1617;11.557;510.0;NaN;0.0;3.2;340.3;14 / 21;239322;2018-11-09 17:41:37:371
7.221;0.632;7.087;46.0;1.0;49.24;48.1617;11.557;510.0;NaN;0.0;3.2;340.3;14 / 21;239422;2018-11-09 17:41:37:471
7.048;0.641;6.435;43.0;1.0;46.35;48.1617;11.557;510.0;NaN;0.0;3.2;340.3;14 / 21;239522;2018-11-09 17:41:37:571
7.125;0.545;6.761;48.0;1.0;46.35;48.1617;11.557;510.0;NaN;0.0;3.2;340.3;14 / 21;239621;2018-11-09 17:41:37:670
7.182;0.641;6.608;47.0;1.0;46.35;48.1617;11.557;510.0;NaN;0.0;3.2;340.3;14 / 21;239721;2018-11-09 17:41:37:770
7.259;0.699;6.368;34.0;1.0;44.85;48.1617;11.557;510.0;NaN;0.0;3.2;340.3;14 / 21;239821;2018-11-09 17:41:37:870
7.029;0.44;6.857;38.0;1.0;44.85;48.1617;11.557;510.0;NaN;0.0;3.2;340.3;14 / 21;239921;2018-11-09 17:41:37:970
7.154;0.574;6.742;53.0;1.0;44.85;48.1617;11.557;510.0;NaN;0.0;3.2;340.3;14 / 21;240022;2018-11-09 17:41:38:071
7.096;0.45;6.56;39.0;1.0;44.85;48.1617;11.557;510.0;NaN;0.0;3.2;340.3;14 / 21;240122;2018-11-09 17:41:38:171
7.029;0.411;6.569;47.0;1.0;46.96;48.1617;11.557;510.1;NaN;0.0;3.3;340.3;14 / 21;240224;2018-11-09 17:41:38:273
7.096;0.507;6.694;54.0;1.0;46.96;48.1617;11.557;510.1;NaN;0.0;3.3;340.3;14 / 21;240321;2018-11-09 17:41:38:370
7.182;0.545;6.895;39.0;1.0;46.96;48.1617;11.557;510.1;NaN;0.0;3.3;340.3;14 / 21;240422;2018-11-09 17:41:38:471
7.182;0.517;6.809;64.0;1.0;48.3;48.1617;11.557;510.1;NaN;0.0;3.3;340.3;14 / 21;240521;2018-11-09 17:41:38:570
7.096;0.699;6.55;38.0;1.0;48.3;48.1617;11.557;510.1;NaN;0.0;3.3;340.3;14 / 21;240621;2018-11-09 17:41:38:670
6.972;0.641;6.799;61.0;1.0;48.3;48.1617;11.557;510.1;NaN;0.0;3.3;340.3;14 / 21;240721;2018-11-09 17:41:38:770
7.077;0.727;6.522;40.0;1.0;43.67;48.1617;11.557;510.1;NaN;0.0;3.3;340.3;14 / 21;240821;2018-11-09 17:41:38:870
7.192;0.641;6.407;42.0;1.0;43.67;48.1617;11.557;510.1;NaN;0.0;3.3;340.3;14 / 21;240921;2018-11-09 17:41:38:970
7.326;0.871;6.454;55.0;1.0;43.67;48.1617;11.557;510.1;NaN;0.0;3.3;340.3;14 / 21;241021;2018-11-09 17:41:39:070
6.981;1.206;5.937;48.0;1.0;48.33;48.1617;11.55699;509.8;NaN;0.0;3.3;340.3;14 / 21;241122;2018-11-09 17:41:39:171
3.763;0.727;5.621;35.0;1.0;48.33;48.1617;11.55699;509.8;NaN;0.0;3.3;340.3;14 / 21;241222;2018-11-09 17:41:39:271
6.751;1.81;9.625;9.0;1.0;48.33;48.1617;11.55699;509.8;NaN;0.0;3.3;340.3;14 / 21;241322;2018-11-09 17:41:39:371
7.288;2.614;6.359;35.0;0.0;42.28;48.1617;11.55699;509.8;NaN;0.0;3.3;340.3;14 / 21;241422;2018-11-09 17:41:39:471
4.146;2.537;7.278;17.0;1.0;42.28;48.1617;11.55699;509.8;NaN;0.0;3.3;340.3;14 / 21;241522;2018-11-09 17:41:39:571
4.07;3.907;8.858;11.0;1.0;42.28;48.1617;11.55699;509.8;NaN;0.0;3.3;340.3;14 / 21;241622;2018-11-09 17:41:39:671
2.097;4.099;8.025;19.0;1.0;49.58;48.1617;11.55699;509.8;NaN;0.0;3.3;340.3;14 / 21;241722;2018-11-09 17:41:39:771
3.591;2.624;7.403;19.0;1.0;49.58;48.1617;11.55699;509.8;NaN;0.0;3.3;340.3;14 / 21;241822;2018-11-09 17:41:39:871
2.336;4.52;9.308;32.0;1.0;49.58;48.1617;11.55699;509.8;NaN;0.0;3.3;340.3;14 / 21;241922;2018-11-09 17:41:39:971
2.423;3.447;9.347;18.0;1.0;48.72;48.1617;11.55699;509.8;NaN;0.0;3.3;340.3;14 / 21;242022;2018-11-09 17:41:40:071
2.126;3.878;9.155;21.0;1.0;48.72;48.16171;11.55699;509.5;NaN;0.0;3.3;340.3;14 / 21;242122;2018-11-09 17:41:40:171
2.164;4.731;8.447;21.0;1.0;48.72;48.16171;11.55699;509.5;NaN;0.0;3.3;340.3;14 / 21;242222;2018-11-09 17:41:40:271
2.442;5.468;7.058;33.0;1.0;48.58;48.16171;11.55699;509.5;NaN;0.0;3.3;340.3;14 / 21;242322;2018-11-09 17:41:40:371
1.254;3.428;7.834;27.0;1.0;48.58;48.16171;11.55699;509.5;NaN;0.0;3.3;340.3;14 / 21;242421;2018-11-09 17:41:40:470
1.992;6.033;8.437;15.0;1.0;48.58;48.16171;11.55699;509.5;NaN;0.0;3.3;340.3;14 / 21;242521;2018-11-09 17:41:40:570
0.823;4.692;5.631;8.0;1.0;45.99;48.16171;11.55699;509.5;NaN;0.0;3.3;340.3;14 / 21;242621;2018-11-09 17:41:40:670
2.614;5.554;7.719;32.0;1.0;45.99;48.16171;11.55699;509.5;NaN;0.0;3.3;340.3;14 / 21;242721;2018-11-09 17:41:40:770
0.584;5.363;8.715;151.0;1.0;45.99;48.16171;11.55699;509.5;NaN;0.0;3.3;340.3;14 / 21;242821;2018-11-09 17:41:40:870
0.067;5.363;8.916;222.0;1.0;49.48;48.16171;11.55699;509.5;NaN;0.0;3.3;340.3;14 / 21;242922;2018-11-09 17:41:40:971
0.009;5.842;7.297;319.0;1.0;49.48;48.16171;11.55699;509.5;NaN;0.0;3.3;340.3;14 / 21;243022;2018-11-09 17:41:41:071
0.095;5.717;8.657;359.0;1.0;49.48;48.16171;11.55699;509.2;NaN;1.6;3.4;323.3;14 / 21;243131;2018-11-09 17:41:41:180
0.258;4.319;16.779;371.0;1.0;46.42;48.16171;11.55699;509.2;NaN;1.6;3.4;323.3;14 / 21;243221;2018-11-09 17:41:41:270
-1.12;5.784;4.683;328.0;1.0;46.42;48.16171;11.55699;509.2;NaN;1.6;3.4;323.3;14 / 21;243321;2018-11-09 17:41:41:370
-0.928;7.747;7.479;339.0;1.0;46.42;48.16171;11.55699;509.2;NaN;1.6;3.4;323.3;14 / 21;243421;2018-11-09 17:41:41:470
-1.245;6.378;7.632;343.0;1.0;43.25;48.16171;11.55699;509.2;NaN;1.6;3.4;323.3;14 / 21;243521;2018-11-09 17:41:41:570
-0.517;5.478;6.981;336.0;1.0;43.25;48.16171;11.55699;509.2;NaN;1.6;3.4;323.3;14 / 21;243621;2018-11-09 17:41:41:670
-0.612;5.324;8.054;338.0;1.0;43.25;48.16171;11.55699;509.2;NaN;1.6;3.4;323.3;14 / 21;243721;2018-11-09 17:41:41:770
0.507;4.673;9.222;358.0;1.0;51.02;48.16171;11.55699;509.2;NaN;1.6;3.4;323.3;14 / 21;243822;2018-11-09 17:41:41:871
-1.254;5.612;8.504;376.0;1.0;51.02;48.16171;11.55699;509.2;NaN;1.6;3.4;323.3;14 / 21;243922;2018-11-09 17:41:41:971
-0.105;4.3;10.372;243.0;1.0;51.02;48.16171;11.55699;509.2;NaN;1.6;3.4;323.3;14 / 21;244022;2018-11-09 17:41:42:071
0.718;3.304;9.174;56.0;1.0;52.37;48.16171;11.55699;508.9;NaN;0.0;3.4;323.3;14 / 21;244122;2018-11-09 17:41:42:171
2.097;3.208;8.791;28.0;1.0;52.37;48.16171;11.55699;508.9;NaN;0.0;3.4;323.3;14 / 21;244222;2018-11-09 17:41:42:271
1.666;3.294;7.805;25.0;1.0;52.37;48.16171;11.55699;508.9;NaN;0.0;3.4;323.3;14 / 21;244322;2018-11-09 17:41:42:371
1.532;3.629;10.036;18.0;1.0;52.37;48.16171;11.55699;508.9;NaN;0.0;3.4;323.3;14 / 21;244422;2018-11-09 17:41:42:471
1.848;3.658;9.012;43.0;1.0;49.15;48.16171;11.55699;508.9;NaN;0.0;3.4;323.3;14 / 21;244522;2018-11-09 17:41:42:571
3.035;4.271;9.854;29.0;1.0;49.15;48.16171;11.55699;508.9;NaN;0.0;3.4;323.3;14 / 21;244622;2018-11-09 17:41:42:671
8.063;2.633;8.466;1.0;1.0;49.15;48.16171;11.55699;508.9;NaN;0.0;3.4;323.3;14 / 21;244722;2018-11-09 17:41:42:771
7.403;1.953;4.089;17.0;1.0;49.69;48.16171;11.55699;508.9;NaN;0.0;3.4;323.3;14 / 21;244821;2018-11-09 17:41:42:870
6.091;-0.948;7.69;17.0;1.0;49.69;48.16171;11.55699;508.9;NaN;0.0;3.4;323.3;14 / 21;244921;2018-11-09 17:41:42:970
2.595;-0.536;8.13;21.0;1.0;49.69;48.16171;11.55699;508.9;NaN;0.0;3.4;323.3;14 / 21;245021;2018-11-09 17:41:43:070
8.38;1.541;4.759;11.0;1.0;53.82;48.16171;11.55697;508.5;NaN;0.0;3.4;323.3;14 / 21;245121;2018-11-09 17:41:43:170
7.891;2.298;4.424;21.0;1.0;53.82;48.16171;11.55697;508.5;NaN;0.0;3.4;323.3;13 / 21;245221;2018-11-09 17:41:43:270
8.274;2.298;5.248;14.0;1.0;53.82;48.16171;11.55697;508.5;NaN;0.0;3.4;323.3;13 / 21;245321;2018-11-09 17:41:43:370
7.728;2.595;5.688;19.0;1.0;52.13;48.16171;11.55697;508.5;NaN;0.0;3.4;323.3;13 / 21;245421;2018-11-09 17:41:43:470
9.347;3.821;4.96;11.0;1.0;52.13;48.16171;11.55697;508.5;NaN;0.0;3.4;323.3;13 / 21;245521;2018-11-09 17:41:43:570
8.265;2.317;5.506;16.0;1.0;52.13;48.16171;11.55697;508.5;NaN;0.0;3.4;323.3;13 / 21;245622;2018-11-09 17:41:43:671
7.92;2.212;4.118;23.0;1.0;55.1;48.16171;11.55697;508.5;NaN;0.0;3.4;323.3;13 / 21;245722;2018-11-09 17:41:43:771
7.508;2.212;5.42;6.0;1.0;55.1;48.16171;11.55697;508.5;NaN;0.0;3.4;323.3;13 / 21;245822;2018-11-09 17:41:43:871
8.006;2.193;5.2;25.0;1.0;55.1;48.16171;11.55697;508.5;NaN;0.0;3.4;323.3;13 / 21;245922;2018-11-09 17:41:43:971
8.025;2.059;5.487;22.0;1.0;49.88;48.16171;11.55697;508.5;NaN;0.0;3.4;323.3;13 / 21;246022;2018-11-09 17:41:44:071
7.939;1.886;5.593;27.0;1.0;49.88;48.16171;11.55695;508.1;NaN;5.0;3.3;299.8;13 / 21;246122;2018-11-09 17:41:44:171
7.814;1.877;4.635;6.0;1.0;49.88;48.16171;11.55695;508.1;NaN;5.0;3.3;299.8;13 / 21;246222;2018-11-09 17:41:44:271
8.255;1.829;4.798;13.0;1.0;49.38;48.16171;11.55695;508.1;NaN;5.0;3.3;299.8;13 / 21;246322;2018-11-09 17:41:44:371
8.696;1.656;5.554;16.0;1.0;49.38;48.16171;11.55695;508.1;NaN;5.0;3.3;299.8;13 / 21;246422;2018-11-09 17:41:44:471
8.322;1.216;5.487;37.0;1.0;49.38;48.16171;11.55695;508.1;NaN;5.0;3.3;299.8;13 / 21;246521;2018-11-09 17:41:44:570
8.561;1.197;4.577;16.0;1.0;47.34;48.16171;11.55695;508.1;NaN;5.0;3.3;299.8;13 / 21;246621;2018-11-09 17:41:44:670
8.399;1.091;5.593;10.0;1.0;47.34;48.16171;11.55695;508.1;NaN;5.0;3.3;299.8;13 / 21;246721;2018-11-09 17:41:44:770
8.763;0.861;4.98;34.0;1.0;47.34;48.16171;11.55695;508.1;NaN;5.0;3.3;299.8;13 / 21;246821;2018-11-09 17:41:44:870
8.322;1.359;1.589;19.0;1.0;50.75;48.16171;11.55695;508.1;NaN;5.0;3.3;299.8;13 / 21;246921;2018-11-09 17:41:44:970
8.523;1.503;5.861;32.0;1.0;50.75;48.16171;11.55695;508.1;NaN;5.0;3.3;299.8;13 / 21;247021;2018-11-09 17:41:45:070
7.661;0.277;5.526;8.0;1.0;50.75;48.16171;11.55695;508.1;NaN;5.0;3.3;299.8;13 / 21;247122;2018-11-09 17:41:45:171
7.527;0.191;5.526;14.0;1.0;49.67;48.16171;11.55694;507.3;NaN;0.0;3.3;299.8;13 / 21;247222;2018-11-09 17:41:45:271
8.188;1.273;4.692;29.0;1.0;49.67;48.16171;11.55694;507.3;NaN;0.0;3.3;299.8;13 / 21;247322;2018-11-09 17:41:45:371
8.801;0.679;5.688;38.0;1.0;49.67;48.16171;11.55694;507.3;NaN;0.0;3.3;299.8;13 / 21;247422;2018-11-09 17:41:45:471
7.383;-0.66;6.502;29.0;1.0;48.84;48.16171;11.55694;507.3;NaN;0.0;3.3;299.8;13 / 21;247522;2018-11-09 17:41:45:571
9.347;1.829;8.15;0.0;1.0;48.84;48.16171;11.55694;507.3;NaN;0.0;3.3;299.8;13 / 21;247621;2018-11-09 17:41:45:670
6.953;0.239;6.55;20.0;1.0;48.84;48.16171;11.55694;507.3;NaN;0.0;3.3;299.8;13 / 21;247721;2018-11-09 17:41:45:770
7.604;1.925;5.717;25.0;1.0;52.59;48.16171;11.55694;507.3;NaN;0.0;3.3;299.8;13 / 21;247821;2018-11-09 17:41:45:870
8.427;1.57;5.66;25.0;1.0;52.59;48.16171;11.55694;507.3;NaN;0.0;3.3;299.8;13 / 21;247921;2018-11-09 17:41:45:970
6.799;0.66;0.909;31.0;1.0;52.59;48.16171;11.55694;507.3;NaN;0.0;3.3;299.8;13 / 21;248022;2018-11-09 17:41:46:071
10.601;1.695;2.461;19.0;1.0;49.23;48.16169;11.55694;507.1;NaN;2.0;3.3;264.0;13 / 21;248122;2018-11-09 17:41:46:171
9.481;0.775;0.095;28.0;1.0;49.23;48.16169;11.55694;507.1;NaN;2.0;3.3;264.0;13 / 21;248223;2018-11-09 17:41:46:272
10.841;-0.306;2.279;31.0;1.0;49.23;48.16169;11.55694;507.1;NaN;2.0;3.3;264.0;14 / 21;248321;2018-11-09 17:41:46:370
10.333;-0.028;3.438;39.0;1.0;43.98;48.16169;11.55694;507.1;NaN;2.0;3.3;264.0;14 / 21;248421;2018-11-09 17:41:46:470
8.504;-0.22;5.937;26.0;1.0;43.98;48.16169;11.55694;507.1;NaN;2.0;3.3;264.0;14 / 21;248521;2018-11-09 17:41:46:570
7.575;-1.024;5.956;24.0;1.0;43.98;48.16169;11.55694;507.1;NaN;2.0;3.3;264.0;14 / 21;248621;2018-11-09 17:41:46:670
7.575;-1.024;6.972;19.0;1.0;58.42;48.16169;11.55694;507.1;NaN;2.0;3.3;264.0;14 / 21;248721;2018-11-09 17:41:46:770
6.981;-1.426;6.502;24.0;1.0;58.42;48.16169;11.55694;507.1;NaN;2.0;3.3;264.0;14 / 21;248821;2018-11-09 17:41:46:870
6.924;-1.225;7.68;32.0;1.0;58.42;48.16169;11.55694;507.1;NaN;2.0;3.3;264.0;14 / 21;248922;2018-11-09 17:41:46:971
6.263;-1.752;7.613;18.0;1.0;57.75;48.16169;11.55694;507.1;NaN;2.0;3.3;264.0;14 / 21;249022;2018-11-09 17:41:47:071
6.531;-1.235;7.652;10.0;1.0;57.75;48.16168;11.55694;506.8;NaN;2.7;3.3;265.4;14 / 21;249122;2018-11-09 17:41:47:171
5.593;-1.589;7.182;16.0;1.0;57.75;48.16168;11.55694;506.8;NaN;2.7;3.3;265.4;14 / 21;249222;2018-11-09 17:41:47:271
7.067;-0.651;7.843;21.0;1.0;52.93;48.16168;11.55694;506.8;NaN;2.7;3.3;265.4;14 / 21;249322;2018-11-09 17:41:47:371
6.359;-0.996;8.006;24.0;1.0;52.93;48.16168;11.55694;506.8;NaN;2.7;3.3;265.4;14 / 21;249421;2018-11-09 17:41:47:470
7.202;-0.574;7.412;9.0;1.0;52.93;48.16168;11.55694;506.8;NaN;2.7;3.3;265.4;14 / 21;249521;2018-11-09 17:41:47:570
7.336;-0.44;7.297;18.0;1.0;50.67;48.16168;11.55694;506.8;NaN;2.7;3.3;265.4;14 / 21;249621;2018-11-09 17:41:47:670
7.278;-0.277;7.125;15.0;1.0;50.67;48.16168;11.55694;506.8;NaN;2.7;3.3;265.4;14 / 21;249722;2018-11-09 17:41:47:771
8.025;-0.306;6.378;25.0;1.0;50.67;48.16168;11.55694;506.8;NaN;2.7;3.3;265.4;14 / 21;249822;2018-11-09 17:41:47:871
8.59;-0.277;5.229;25.0;1.0;52.24;48.16168;11.55694;506.8;NaN;2.7;3.3;265.4;14 / 21;249922;2018-11-09 17:41:47:971
9.05;0.21;4.376;10.0;1.0;52.24;48.16168;11.55694;506.8;NaN;2.7;3.3;265.4;14 / 21;250022;2018-11-09 17:41:48:071
9.107;0.0;4.52;23.0;1.0;52.24;48.16166;11.55694;506.5;NaN;4.0;3.3;281.2;14 / 21;250122;2018-11-09 17:41:48:171
8.878;-0.134;3.869;10.0;1.0;46.4;48.16166;11.55694;506.5;NaN;4.0;3.3;281.2;15 / 21;250222;2018-11-09 17:41:48:271
8.935;0.047;4.242;12.0;1.0;46.4;48.16166;11.55694;506.5;NaN;4.0;3.3;281.2;15 / 21;250321;2018-11-09 17:41:48:370
9.012;0.249;3.514;17.0;1.0;46.4;48.16166;11.55694;506.5;NaN;4.0;3.3;281.2;15 / 21;250421;2018-11-09 17:41:48:470
9.213;0.335;2.691;32.0;1.0;44.54;48.16166;11.55694;506.5;NaN;4.0;3.3;281.2;15 / 21;250521;2018-11-09 17:41:48:570
8.676;2.001;3.313;21.0;1.0;44.54;48.16166;11.55694;506.5;NaN;4.0;3.3;281.2;15 / 21;250621;2018-11-09 17:41:48:670
8.763;0.143;4.664;25.0;1.0;44.54;48.16166;11.55694;506.5;NaN;4.0;3.3;281.2;15 / 21;250721;2018-11-09 17:41:48:770
9.826;0.114;3.428;13.0;1.0;45.24;48.16166;11.55694;506.5;NaN;4.0;3.3;281.2;15 / 21;250822;2018-11-09 17:41:48:871
8.849;0.565;2.729;37.0;1.0;45.24;48.16166;11.55694;506.5;NaN;4.0;3.3;281.2;15 / 21;250922;2018-11-09 17:41:48:971
9.51;-1.005;3.763;32.0;1.0;45.24;48.16166;11.55694;506.5;NaN;4.0;3.3;281.2;15 / 21;251022;2018-11-09 17:41:49:071
9.069;-1.139;4.798;41.0;1.0;46.77;48.16166;11.55693;505.9;NaN;0.0;3.3;281.2;15 / 21;251122;2018-11-09 17:41:49:171
9.012;-0.478;4.099;33.0;1.0;46.77;48.16166;11.55693;505.9;NaN;0.0;3.3;281.2;15 / 21;251222;2018-11-09 17:41:49:271
8.791;-1.206;5.162;24.0;1.0;46.77;48.16166;11.55693;505.9;NaN;0.0;3.3;281.2;15 / 21;251322;2018-11-09 17:41:49:371
9.031;-0.162;4.443;20.0;1.0;49.4;48.16166;11.55693;505.9;NaN;0.0;3.3;281.2;15 / 21;251422;2018-11-09 17:41:49:471
9.404;-0.852;4.204;23.0;1.0;49.4;48.16166;11.55693;505.9;NaN;0.0;3.3;281.2;15 / 21;251522;2018-11-09 17:41:49:571
8.667;-0.612;5.209;24.0;1.0;49.4;48.16166;11.55693;505.9;NaN;0.0;3.3;281.2;15 / 21;251622;2018-11-09 17:41:49:671
8.935;0.124;3.514;31.0;1.0;47.58;48.16166;11.55693;505.9;NaN;0.0;3.3;281.2;15 / 21;251722;2018-11-09 17:41:49:771
8.849;-0.507;4.874;39.0;1.0;47.58;48.16166;11.55693;505.9;NaN;0.0;3.3;281.2;15 / 21;251821;2018-11-09 17:41:49:870
9.232;0.095;4.051;29.0;1.0;47.58;48.16166;11.55693;505.9;NaN;0.0;3.3;281.2;15 / 21;251921;2018-11-09 17:41:49:970
9.031;0.507;3.227;26.0;1.0;46.24;48.16166;11.55693;505.9;NaN;0.0;3.3;281.2;15 / 21;252021;2018-11-09 17:41:50:070
9.481;0.804;2.968;24.0;1.0;46.24;48.16166;11.55693;505.1;NaN;2.5;3.3;275.8;14 / 21;252125;2018-11-09 17:41:50:174
9.165;0.928;2.681;19.0;1.0;46.24;48.16166;11.55693;505.1;NaN;2.5;3.3;275.8;14 / 21;252222;2018-11-09 17:41:50:271
8.954;2.336;2.442;36.0;1.0;43.74;48.16166;11.55693;505.1;NaN;2.5;3.3;275.8;14 / 21;252322;2018-11-09 17:41:50:371
9.759;0.881;3.438;35.0;1.0;43.74;48.16166;11.55693;505.1;NaN;2.5;3.3;275.8;14 / 21;252422;2018-11-09 17:41:50:471
7.7;1.417;2.892;22.0;1.0;43.74;48.16166;11.55693;505.1;NaN;2.5;3.3;275.8;14 / 21;252521;2018-11-09 17:41:50:570
9.117;1.867;3.352;39.0;1.0;46.85;48.16166;11.55693;505.1;NaN;2.5;3.3;275.8;14 / 21;252622;2018-11-09 17:41:50:671
8.59;1.513;3.495;42.0;1.0;46.85;48.16166;11.55693;505.1;NaN;2.5;3.3;275.8;14 / 21;252721;2018-11-09 17:41:50:770
9.05;1.005;4.482;224.0;1.0;46.85;48.16166;11.55693;505.1;NaN;2.5;3.3;275.8;14 / 21;252821;2018-11-09 17:41:50:870
10.908;2.154;4.271;178.0;1.0;45.61;48.16166;11.55693;505.1;NaN;2.5;3.3;275.8;14 / 21;252921;2018-11-09 17:41:50:970
11.119;1.637;2.135;224.0;1.0;45.61;48.16166;11.55693;505.1;NaN;2.5;3.3;275.8;14 / 21;253021;2018-11-09 17:41:51:070
7.987;-0.699;2.624;55.0;1.0;45.61;48.16166;11.55693;505.1;NaN;2.5;3.3;275.8;14 / 21;253122;2018-11-09 17:41:51:171
9.72;-1.743;4.836;105.0;1.0;43.92;48.16165;11.55694;504.5;NaN;2.5;3.3;221.2;13 / 21;253221;2018-11-09 17:41:51:270
8.791;-0.622;3.897;99.0;1.0;43.92;48.16165;11.55694;504.5;NaN;2.5;3.3;221.2;13 / 21;253321;2018-11-09 17:41:51:370
8.743;-1.379;5.372;138.0;1.0;43.92;48.16165;11.55694;504.5;NaN;2.5;3.3;221.2;13 / 21;253421;2018-11-09 17:41:51:470
8.514;-1.446;4.376;95.0;1.0;43.52;48.16165;11.55694;504.5;NaN;2.5;3.3;221.2;13 / 21;253521;2018-11-09 17:41:51:570
8.6;-0.459;5.19;128.0;1.0;43.52;48.16165;11.55694;504.5;NaN;2.5;3.3;221.2;13 / 21;253621;2018-11-09 17:41:51:670
8.322;0.038;3.466;140.0;1.0;43.52;48.16165;11.55694;504.5;NaN;2.5;3.3;221.2;13 / 21;253722;2018-11-09 17:41:51:771
9.04;1.388;4.309;76.0;1.0;47.18;48.16165;11.55694;504.5;NaN;2.5;3.3;221.2;13 / 21;253822;2018-11-09 17:41:51:871
8.734;1.57;3.447;69.0;1.0;47.18;48.16165;11.55694;504.5;NaN;2.5;3.3;221.2;13 / 21;253922;2018-11-09 17:41:51:971
8.954;1.206;4.74;70.0;1.0;47.18;48.16165;11.55694;504.5;NaN;2.5;3.3;221.2;13 / 21;254022;2018-11-09 17:41:52:071
8.37;1.379;4.539;65.0;1.0;47.18;48.16164;11.55696;504.1;NaN;1.7;3.2;202.5;13 / 21;254126;2018-11-09 17:41:52:175
8.083;0.948;3.859;50.0;1.0;47.64;48.16164;11.55696;504.1;NaN;1.7;3.2;202.5;13 / 21;254224;2018-11-09 17:41:52:273
7.901;0.009;5.209;24.0;1.0;47.64;48.16164;11.55696;504.1;NaN;1.7;3.2;202.5;13 / 21;254322;2018-11-09 17:41:52:371
7.489;-0.747;6.177;42.0;1.0;47.64;48.16164;11.55696;504.1;NaN;1.7;3.2;202.5;13 / 21;254422;2018-11-09 17:41:52:471
9.663;1.685;4.118;21.0;1.0;49.42;48.16164;11.55696;504.1;NaN;1.7;3.2;202.5;13 / 21;254522;2018-11-09 17:41:52:571
9.72;1.101;0.775;25.0;1.0;49.42;48.16164;11.55696;504.1;NaN;1.7;3.2;202.5;13 / 21;254622;2018-11-09 17:41:52:671
6.828;-1.225;4.146;33.0;1.0;49.42;48.16164;11.55696;504.1;NaN;1.7;3.2;202.5;13 / 21;254721;2018-11-09 17:41:52:770
12.057;-0.258;4.932;33.0;1.0;53.61;48.16164;11.55696;504.1;NaN;1.7;3.2;202.5;13 / 21;254821;2018-11-09 17:41:52:870
7.939;-0.871;4.242;74.0;1.0;53.61;48.16164;11.55696;504.1;NaN;1.7;3.2;202.5;13 / 21;254921;2018-11-09 17:41:52:970
8.332;-0.967;3.601;101.0;1.0;53.61;48.16164;11.55696;504.1;NaN;1.7;3.2;202.5;13 / 21;255021;2018-11-09 17:41:53:070
11.253;0.43;4.118;150.0;1.0;53.61;48.16164;11.55697;503.4;NaN;1.5;3.2;171.2;13 / 21;255122;2018-11-09 17:41:53:171
9.998;-1.417;3.984;149.0;1.0;57.65;48.16164;11.55697;503.4;NaN;1.5;3.2;171.2;13 / 21;255222;2018-11-09 17:41:53:271
10.486;-0.383;3.754;136.0;1.0;57.65;48.16164;11.55697;503.4;NaN;1.5;3.2;171.2;13 / 21;255322;2018-11-09 17:41:53:371
8.619;0.689;1.963;138.0;1.0;57.65;48.16164;11.55697;503.4;NaN;1.5;3.2;171.2;13 / 21;255422;2018-11-09 17:41:53:471
9.711;1.819;2.174;138.0;1.0;51.74;48.16164;11.55697;503.4;NaN;1.5;3.2;171.2;13 / 21;255521;2018-11-09 17:41:53:570
8.188;0.268;3.629;68.0;1.0;51.74;48.16164;11.55697;503.4;NaN;1.5;3.2;171.2;13 / 21;255621;2018-11-09 17:41:53:670
7.441;0.651;4.884;65.0;1.0;51.74;48.16164;11.55697;503.4;NaN;1.5;3.2;171.2;13 / 21;255722;2018-11-09 17:41:53:771
9.079;2.509;4.405;52.0;1.0;44.53;48.16164;11.55697;503.4;NaN;1.5;3.2;171.2;13 / 21;255822;2018-11-09 17:41:53:871
8.38;1.714;5.755;85.0;1.0;44.53;48.16164;11.55697;503.4;NaN;1.5;3.2;171.2;13 / 21;255922;2018-11-09 17:41:53:971
11.483;2.317;5.181;77.0;1.0;44.53;48.16164;11.55697;503.4;NaN;1.5;3.2;171.2;13 / 21;256022;2018-11-09 17:41:54:071
10.036;-1.149;0.651;87.0;1.0;40.01;48.16163;11.55696;504.1;NaN;2.9;3.2;222.9;13 / 21;256122;2018-11-09 17:41:54:171
9.308;0.325;3.543;65.0;1.0;40.01;48.16163;11.55696;504.1;NaN;2.9;3.2;222.9;13 / 21;256224;2018-11-09 17:41:54:273
8.657;-0.411;4.587;72.0;1.0;40.01;48.16163;11.55696;504.1;NaN;2.9;3.2;222.9;13 / 21;256322;2018-11-09 17:41:54:371
6.416;-1.81;4.223;65.0;1.0;42.32;48.16163;11.55696;504.1;NaN;2.9;3.2;222.9;13 / 21;256422;2018-11-09 17:41:54:471
10.419;-0.306;7.259;71.0;1.0;42.32;48.16163;11.55696;504.1;NaN;2.9;3.2;222.9;13 / 21;256522;2018-11-09 17:41:54:571
12.019;1.35;8.705;54.0;1.0;42.32;48.16163;11.55696;504.1;NaN;2.9;3.2;222.9;13 / 21;256623;2018-11-09 17:41:54:672
9.95;0.181;2.365;53.0;1.0;44.85;48.16163;11.55696;504.1;NaN;2.9;3.2;222.9;13 / 21;256722;2018-11-09 17:41:54:771
6.627;0.067;-0.028;84.0;1.0;44.85;48.16163;11.55696;504.1;NaN;2.9;3.2;222.9;13 / 21;256822;2018-11-09 17:41:54:871
9.874;0.43;7.613;80.0;1.0;44.85;48.16163;11.55696;504.1;NaN;2.9;3.2;222.9;13 / 21;256922;2018-11-09 17:41:54:971
6.857;0.287;3.572;61.0;1.0;48.47;48.16163;11.55696;504.1;NaN;2.9;3.2;222.9;13 / 21;257021;2018-11-09 17:41:55:070
2.432;-3.055;8.494;62.0;1.0;48.47;48.16161;11.55696;503.8;NaN;10.5;3.1;197.3;13 / 21;257123;2018-11-09 17:41:55:172
9.711;-4.769;1.321;52.0;1.0;48.47;48.16161;11.55696;503.8;NaN;10.5;3.1;197.3;13 / 21;257222;2018-11-09 17:41:55:271
10.755;-5.257;1.886;85.0;1.0;44.07;48.16161;11.55696;503.8;NaN;10.5;3.1;197.3;13 / 21;257322;2018-11-09 17:41:55:371
12.996;-4.836;1.561;81.0;1.0;44.07;48.16161;11.55696;503.8;NaN;10.5;3.1;197.3;13 / 21;257421;2018-11-09 17:41:55:470
8.992;-4.06;0.0;54.0;1.0;44.07;48.16161;11.55696;503.8;NaN;10.5;3.1;197.3;13 / 21;257521;2018-11-09 17:41:55:570
6.914;-3.993;4.549;77.0;1.0;47.18;48.16161;11.55696;503.8;NaN;10.5;3.1;197.3;13 / 21;257621;2018-11-09 17:41:55:670
7.46;-5.736;3.514;99.0;1.0;47.18;48.16161;11.55696;503.8;NaN;10.5;3.1;197.3;13 / 21;257721;2018-11-09 17:41:55:770
9.51;-5.487;5.861;71.0;1.0;47.18;48.16161;11.55696;503.8;NaN;10.5;3.1;197.3;13 / 21;257821;2018-11-09 17:41:55:870
8.676;-3.706;4.118;41.0;1.0;44.26;48.16161;11.55696;503.8;NaN;10.5;3.1;197.3;13 / 21;257921;2018-11-09 17:41:55:970
9.586;-3.629;5.937;33.0;1.0;44.26;48.16161;11.55696;503.8;NaN;10.5;3.1;197.3;13 / 21;258021;2018-11-09 17:41:56:070
9.912;-4.558;2.308;35.0;1.0;44.26;48.16158;11.55696;503.4;NaN;7.8;3.1;181.2;13 / 21;258122;2018-11-09 17:41:56:171
8.054;-4.328;1.101;50.0;1.0;45.91;48.16158;11.55696;503.4;NaN;7.8;3.1;181.2;13 / 21;258222;2018-11-09 17:41:56:271
7.652;-4.223;3.016;53.0;1.0;45.91;48.16158;11.55696;503.4;NaN;7.8;3.1;181.2;13 / 21;258322;2018-11-09 17:41:56:371
5.755;-4.759;4.376;31.0;1.0;45.91;48.16158;11.55696;503.4;NaN;7.8;3.1;181.2;13 / 21;258422;2018-11-09 17:41:56:471
6.081;-5.822;4.271;55.0;1.0;47.95;48.16158;11.55696;503.4;NaN;7.8;3.1;181.2;13 / 21;258521;2018-11-09 17:41:56:570
7.355;-5.842;3.601;42.0;1.0;47.95;48.16158;11.55696;503.4;NaN;7.8;3.1;181.2;13 / 21;258622;2018-11-09 17:41:56:671
8.092;-6.301;-0.019;51.0;1.0;47.95;48.16158;11.55696;503.4;NaN;7.8;3.1;181.2;13 / 21;258722;2018-11-09 17:41:56:771
10.477;-4.597;7.269;33.0;1.0;40.66;48.16158;11.55696;503.4;NaN;7.8;3.1;181.2;13 / 21;258822;2018-11-09 17:41:56:871
7.881;-4.012;5.152;28.0;1.0;40.66;48.16158;11.55696;503.4;NaN;7.8;3.1;181.2;13 / 21;258922;2018-11-09 17:41:56:971
8.226;-4.309;5.535;45.0;1.0;40.66;48.16158;11.55696;503.4;NaN;7.8;3.1;181.2;13 / 21;259022;2018-11-09 17:41:57:071
7.077;-7.996;1.733;36.0;1.0;43.84;48.16158;11.55697;503.1;NaN;5.8;3.1;171.5;13 / 21;259122;2018-11-09 17:41:57:171
9.05;-4.865;4.721;35.0;1.0;43.84;48.16158;11.55697;503.1;NaN;5.8;3.1;171.5;13 / 21;259223;2018-11-09 17:41:57:272
10.094;-4.079;2.499;52.0;1.0;43.84;48.16158;11.55697;503.1;NaN;5.8;3.1;171.5;13 / 21;259322;2018-11-09 17:41:57:371
8.571;-3.917;1.666;58.0;1.0;43.17;48.16158;11.55697;503.1;NaN;5.8;3.1;171.5;13 / 21;259422;2018-11-09 17:41:57:471
8.782;-4.549;3.141;33.0;1.0;43.17;48.16158;11.55697;503.1;NaN;5.8;3.1;171.5;13 / 21;259522;2018-11-09 17:41:57:571
6.426;-5.593;2.585;40.0;1.0;43.17;48.16158;11.55697;503.1;NaN;5.8;3.1;171.5;13 / 21;259621;2018-11-09 17:41:57:670
4.185;-4.424;0.517;45.0;1.0;41.79;48.16158;11.55697;503.1;NaN;5.8;3.1;171.5;13 / 21;259721;2018-11-09 17:41:57:770
8.466;-8.533;5.257;30.0;1.0;41.79;48.16158;11.55697;503.1;NaN;5.8;3.1;171.5;13 / 21;259821;2018-11-09 17:41:57:870
9.471;-8.696;3.754;50.0;1.0;41.79;48.16158;11.55697;503.1;NaN;5.8;3.1;171.5;13 / 21;259921;2018-11-09 17:41:57:970
8.38;-5.554;2.039;52.0;1.0;50.64;48.16158;11.55697;503.1;NaN;5.8;3.1;171.5;13 / 21;260022;2018-11-09 17:41:58:071
6.225;-6.598;2.087;33.0;1.0;50.64;48.16157;11.55698;503.0;NaN;3.1;3.1;180.2;14 / 21;260121;2018-11-09 17:41:58:170
6.905;-5.564;2.815;51.0;1.0;50.64;48.16157;11.55698;503.0;NaN;3.1;3.1;180.2;14 / 21;260222;2018-11-09 17:41:58:271
7.92;-4.405;6.11;106.0;1.0;45.24;48.16157;11.55698;503.0;NaN;3.1;3.1;180.2;14 / 21;260322;2018-11-09 17:41:58:371
10.429;-7.039;2.911;110.0;1.0;45.24;48.16157;11.55698;503.0;NaN;3.1;3.1;180.2;14 / 21;260422;2018-11-09 17:41:58:471
12.0;-7.537;1.561;95.0;1.0;45.24;48.16157;11.55698;503.0;NaN;3.1;3.1;180.2;14 / 21;260522;2018-11-09 17:41:58:571
7.355;-8.284;0.363;30.0;1.0;39.39;48.16157;11.55698;503.0;NaN;3.1;3.1;180.2;14 / 21;260622;2018-11-09 17:41:58:671
7.575;-6.522;3.553;44.0;1.0;39.39;48.16157;11.55698;503.0;NaN;3.1;3.1;180.2;14 / 21;260721;2018-11-09 17:41:58:770
6.215;-7.106;3.246;47.0;1.0;39.39;48.16157;11.55698;503.0;NaN;3.1;3.1;180.2;14 / 21;260821;2018-11-09 17:41:58:870
2.892;-6.646;-0.459;29.0;1.0;40.9;48.16157;11.55698;503.0;NaN;3.1;3.1;180.2;14 / 21;260921;2018-11-09 17:41:58:970
7.058;-8.734;2.748;57.0;1.0;40.9;48.16157;11.55698;503.0;NaN;3.1;3.1;180.2;14 / 21;261021;2018-11-09 17:41:59:070
11.262;-8.073;1.13;50.0;1.0;40.9;48.16157;11.55699;503.0;NaN;2.8;3.0;168.4;14 / 21;261122;2018-11-09 17:41:59:171
7.585;-7.709;4.96;32.0;1.0;44.22;48.16157;11.55699;503.0;NaN;2.8;3.0;168.4;14 / 21;261221;2018-11-09 17:41:59:270
7.757;-6.531;-1.676;64.0;1.0;44.22;48.16157;11.55699;503.0;NaN;2.8;3.0;168.4;14 / 21;261321;2018-11-09 17:41:59:370
6.55;-6.723;1.953;109.0;1.0;44.22;48.16157;11.55699;503.0;NaN;2.8;3.0;168.4;14 / 21;261422;2018-11-09 17:41:59:471
8.14;-6.914;3.304;266.0;1.0;40.85;48.16157;11.55699;503.0;NaN;2.8;3.0;168.4;14 / 21;261522;2018-11-09 17:41:59:571
8.408;-8.044;2.968;264.0;1.0;40.85;48.16157;11.55699;503.0;NaN;2.8;3.0;168.4;14 / 21;261622;2018-11-09 17:41:59:671
8.083;-8.351;1.704;275.0;1.0;40.85;48.16157;11.55699;503.0;NaN;2.8;3.0;168.4;14 / 21;261723;2018-11-09 17:41:59:772
8.561;-7.125;1.819;335.0;1.0;40.85;48.16157;11.55699;503.0;NaN;2.8;3.0;168.4;14 / 21;261821;2018-11-09 17:41:59:870
7.029;-8.322;2.126;188.0;1.0;38.16;48.16157;11.55699;503.0;NaN;2.8;3.0;168.4;14 / 21;261921;2018-11-09 17:41:59:970
7.862;-7.345;1.254;43.0;1.0;38.16;48.16157;11.55699;503.0;NaN;2.8;3.0;168.4;14 / 21;262022;2018-11-09 17:42:00:071
6.828;-7.067;0.287;30.0;1.0;38.16;48.16156;11.55699;502.9;NaN;3.0;3.0;184.9;14 / 21;262122;2018-11-09 17:42:00:171
3.782;-5.526;3.16;21.0;1.0;43.58;48.16156;11.55699;502.9;NaN;3.0;3.0;184.9;14 / 21;262222;2018-11-09 17:42:00:271
4.252;-8.15;1.158;34.0;1.0;43.58;48.16156;11.55699;502.9;NaN;3.0;3.0;184.9;14 / 21;262322;2018-11-09 17:42:00:371
11.55;-10.046;-0.469;31.0;1.0;43.58;48.16156;11.55699;502.9;NaN;3.0;3.0;184.9;14 / 21;262421;2018-11-09 17:42:00:470
7.661;-3.725;8.466;119.0;1.0;42.58;48.16156;11.55699;502.9;NaN;3.0;3.0;184.9;14 / 21;262521;2018-11-09 17:42:00:570
8.667;-6.368;3.802;242.0;1.0;42.58;48.16156;11.55699;502.9;NaN;3.0;3.0;184.9;14 / 21;262621;2018-11-09 17:42:00:670
8.207;-5.401;7.585;392.0;1.0;42.58;48.16156;11.55699;502.9;NaN;3.0;3.0;184.9;14 / 21;262721;2018-11-09 17:42:00:770
11.923;-7.862;7.278;297.0;1.0;37.42;48.16156;11.55699;502.9;NaN;3.0;3.0;184.9;14 / 21;262821;2018-11-09 17:42:00:870
15.457;-3.926;5.104;171.0;1.0;37.42;48.16156;11.55699;502.9;NaN;3.0;3.0;184.9;14 / 21;262921;2018-11-09 17:42:00:970
18.656;-3.792;0.229;28.0;1.0;37.42;48.16156;11.55699;502.9;NaN;3.0;3.0;184.9;14 / 21;263021;2018-11-09 17:42:01:070
13.858;-2.528;1.369;57.0;1.0;44.66;48.16155;11.55701;503.3;NaN;3.3;3.0;167.3;14 / 21;263121;2018-11-09 17:42:01:170
8.676;-1.8;-1.972;44.0;1.0;44.66;48.16155;11.55701;503.3;NaN;3.3;3.0;167.3;14 / 21;263221;2018-11-09 17:42:01:270
0.938;0.421;0.124;30.0;1.0;44.66;48.16155;11.55701;503.3;NaN;3.3;3.0;167.3;14 / 21;263322;2018-11-09 17:42:01:371
-0.335;4.338;2.499;28.0;1.0;47.77;48.16155;11.55701;503.3;NaN;3.3;3.0;167.3;14 / 21;263422;2018-11-09 17:42:01:471
4.338;7.891;0.517;38.0;1.0;47.77;48.16155;11.55701;503.3;NaN;3.3;3.0;167.3;14 / 21;263522;2018-11-09 17:42:01:571
7.642;9.107;2.221;55.0;1.0;47.77;48.16155;11.55701;503.3;NaN;3.3;3.0;167.3;14 / 21;263621;2018-11-09 17:42:01:670
-8.964;-1.484;-5.803;39.0;1.0;45.95;48.16155;11.55701;503.3;NaN;3.3;3.0;167.3;14 / 21;263721;2018-11-09 17:42:01:770
-14.911;-5.995;-8.878;59.0;1.0;45.95;48.16155;11.55701;503.3;NaN;3.3;3.0;167.3;14 / 21;263821;2018-11-09 17:42:01:870
-8.121;-8.37;-1.838;25.0;1.0;45.95;48.16155;11.55701;503.3;NaN;3.3;3.0;167.3;14 / 21;263921;2018-11-09 17:42:01:970
19.614;-14.413;0.067;40.0;1.0;48.2;48.16155;11.55701;503.3;NaN;3.3;3.0;167.3;14 / 21;264021;2018-11-09 17:42:02:070
15.476;-4.156;0.498;39.0;1.0;48.2;48.16153;11.55703;503.8;NaN;7.4;2.9;168.4;14 / 21;264121;2018-11-09 17:42:02:170
11.981;1.714;14.471;38.0;1.0;48.2;48.16153;11.55703;503.8;NaN;7.4;2.9;168.4;14 / 21;264222;2018-11-09 17:42:02:271
6.454;0.823;14.25;55.0;1.0;47.9;48.16153;11.55703;503.8;NaN;7.4;2.9;168.4;14 / 21;264322;2018-11-09 17:42:02:371
12.22;-3.61;7.719;45.0;1.0;47.9;48.16153;11.55703;503.8;NaN;7.4;2.9;168.4;14 / 21;264422;2018-11-09 17:42:02:471
7.364;-3.352;9.031;47.0;1.0;47.9;48.16153;11.55703;503.8;NaN;7.4;2.9;168.4;14 / 21;264522;2018-11-09 17:42:02:571
10.276;-2.921;5.842;37.0;1.0;54.47;48.16153;11.55703;503.8;NaN;7.4;2.9;168.4;14 / 21;264621;2018-11-09 17:42:02:670
7.901;-4.242;4.501;49.0;1.0;54.47;48.16153;11.55703;503.8;NaN;7.4;2.9;168.4;14 / 21;264722;2018-11-09 17:42:02:771
8.763;-3.735;2.662;49.0;1.0;54.47;48.16153;11.55703;503.8;NaN;7.4;2.9;168.4;14 / 21;264821;2018-11-09 17:42:02:870
7.345;-3.237;3.744;65.0;1.0;45.73;48.16153;11.55703;503.8;NaN;7.4;2.9;168.4;14 / 21;264921;2018-11-09 17:42:02:970
7.575;-2.221;6.962;46.0;1.0;45.73;48.16153;11.55703;503.8;NaN;7.4;2.9;168.4;14 / 21;265021;2018-11-09 17:42:03:070
8.925;-2.815;5.334;62.0;1.0;45.73;48.16152;11.55704;504.1;NaN;1.9;2.9;127.6;14 / 21;265121;2018-11-09 17:42:03:170
10.161;-3.074;6.359;58.0;1.0;39.2;48.16152;11.55704;504.1;NaN;1.9;2.9;127.6;14 / 21;265221;2018-11-09 17:42:03:270
19.614;3.964;17.957;53.0;1.0;39.2;48.16152;11.55704;504.1;NaN;1.9;2.9;127.6;14 / 21;265321;2018-11-09 17:42:03:370
12.067;-1.484;0.095;43.0;1.0;39.2;48.16152;11.55704;504.1;NaN;1.9;2.9;127.6;14 / 21;265421;2018-11-09 17:42:03:470
-6.474;-1.819;1.647;25.0;1.0;44.98;48.16152;11.55704;504.1;NaN;1.9;2.9;127.6;14 / 21;265522;2018-11-09 17:42:03:571
0.047;-2.595;-0.861;40.0;1.0;44.98;48.16152;11.55704;504.1;NaN;1.9;2.9;127.6;14 / 21;265622;2018-11-09 17:42:03:671
2.518;0.028;-3.16;29.0;1.0;44.98;48.16152;11.55704;504.1;NaN;1.9;2.9;127.6;14 / 21;265722;2018-11-09 17:42:03:771
-0.823;2.71;-0.545;36.0;1.0;45.58;48.16152;11.55704;504.1;NaN;1.9;2.9;127.6;14 / 21;265822;2018-11-09 17:42:03:871
11.846;2.767;1.321;25.0;1.0;45.58;48.16152;11.55704;504.1;NaN;1.9;2.9;127.6;14 / 21;265922;2018-11-09 17:42:03:971
12.057;0.842;2.384;34.0;1.0;45.58;48.16152;11.55704;504.1;NaN;1.9;2.9;127.6;14 / 21;266022;2018-11-09 17:42:04:071
16.463;3.323;7.058;53.0;1.0;45.35;48.16152;11.55705;504.8;NaN;0.0;2.8;84.8;14 / 21;266122;2018-11-09 17:42:04:171
11.099;2.662;8.255;293.0;1.0;45.35;48.16152;11.55705;504.8;NaN;0.0;2.8;84.8;13 / 21;266222;2018-11-09 17:42:04:271
8.791;-1.034;5.593;88.0;1.0;45.35;48.16152;11.55705;504.8;NaN;0.0;2.8;84.8;13 / 21;266321;2018-11-09 17:42:04:370
7.202;-2.748;5.047;52.0;1.0;43.07;48.16152;11.55705;504.8;NaN;0.0;2.8;84.8;13 / 21;266421;2018-11-09 17:42:04:470
7.891;-4.309;3.553;44.0;1.0;43.07;48.16152;11.55705;504.8;NaN;0.0;2.8;84.8;13 / 21;266521;2018-11-09 17:42:04:570
8.868;-5.602;4.031;116.0;1.0;43.07;48.16152;11.55705;504.8;NaN;0.0;2.8;84.8;13 / 21;266621;2018-11-09 17:42:04:670
7.7;-5.535;5.976;136.0;1.0;49.43;48.16152;11.55705;504.8;NaN;0.0;2.8;84.8;13 / 21;266721;2018-11-09 17:42:04:770
8.494;-4.702;3.591;20.0;1.0;49.43;48.16152;11.55705;504.8;NaN;0.0;2.8;84.8;13 / 21;266821;2018-11-09 17:42:04:870
9.538;-4.568;2.164;34.0;1.0;49.43;48.16152;11.55705;504.8;NaN;0.0;2.8;84.8;13 / 21;266921;2018-11-09 17:42:04:970
9.059;-4.836;1.254;36.0;1.0;37.68;48.16152;11.55705;504.8;NaN;0.0;2.8;84.8;13 / 21;267021;2018-11-09 17:42:05:070
5.047;-5.88;5.602;56.0;1.0;37.68;48.16151;11.55706;505.5;NaN;0.0;2.8;160.7;13 / 21;267123;2018-11-09 17:42:05:172
6.215;-8.427;4.079;99.0;1.0;37.68;48.16151;11.55706;505.5;NaN;0.0;2.8;160.7;13 / 21;267221;2018-11-09 17:42:05:270
7.479;-9.213;4.07;144.0;1.0;43.09;48.16151;11.55706;505.5;NaN;0.0;2.8;160.7;13 / 21;267322;2018-11-09 17:42:05:371
6.579;-7.307;2.068;126.0;1.0;43.09;48.16151;11.55706;505.5;NaN;0.0;2.8;160.7;13 / 21;267421;2018-11-09 17:42:05:470
5.88;-7.24;2.844;119.0;1.0;43.09;48.16151;11.55706;505.5;NaN;0.0;2.8;160.7;13 / 21;267521;2018-11-09 17:42:05:570
6.541;-7.278;2.049;113.0;1.0;43.12;48.16151;11.55706;505.5;NaN;0.0;2.8;160.7;13 / 21;267622;2018-11-09 17:42:05:671
7.46;-7.115;0.699;107.0;1.0;43.12;48.16151;11.55706;505.5;NaN;0.0;2.8;160.7;13 / 21;267721;2018-11-09 17:42:05:770
7.709;-6.311;3.227;98.0;1.0;43.12;48.16151;11.55706;505.5;NaN;0.0;2.8;160.7;13 / 21;267821;2018-11-09 17:42:05:870
7.575;-6.244;2.815;123.0;1.0;39.92;48.16151;11.55706;505.5;NaN;0.0;2.8;160.7;13 / 21;267921;2018-11-09 17:42:05:970
7.451;-7.115;4.089;336.0;1.0;39.92;48.16151;11.55706;505.5;NaN;0.0;2.8;160.7;13 / 21;268021;2018-11-09 17:42:06:070
8.035;-5.593;3.026;303.0;1.0;39.92;48.16151;11.55706;506.0;NaN;0.0;2.8;159.6;13 / 21;268122;2018-11-09 17:42:06:171
7.23;-6.387;4.252;302.0;1.0;41.34;48.16151;11.55706;506.0;NaN;0.0;2.8;159.6;13 / 21;268222;2018-11-09 17:42:06:271
6.818;-6.962;2.461;303.0;1.0;41.34;48.16151;11.55706;506.0;NaN;0.0;2.8;159.6;13 / 21;268321;2018-11-09 17:42:06:370
7.067;-7.259;3.227;259.0;1.0;41.34;48.16151;11.55706;506.0;NaN;0.0;2.8;159.6;13 / 21;268421;2018-11-09 17:42:06:470
6.378;-7.115;3.696;85.0;1.0;41.23;48.16151;11.55706;506.0;NaN;0.0;2.8;159.6;13 / 21;268521;2018-11-09 17:42:06:570
6.531;-7.508;2.116;70.0;1.0;41.23;48.16151;11.55706;506.0;NaN;0.0;2.8;159.6;13 / 21;268621;2018-11-09 17:42:06:670
6.799;-6.569;3.055;74.0;1.0;41.23;48.16151;11.55706;506.0;NaN;0.0;2.8;159.6;13 / 21;268721;2018-11-09 17:42:06:770
7.269;-6.454;3.553;60.0;1.0;41.23;48.16151;11.55706;506.0;NaN;0.0;2.8;159.6;13 / 21;268821;2018-11-09 17:42:06:870
7.632;-6.081;3.476;124.0;1.0;37.73;48.16151;11.55706;506.0;NaN;0.0;2.8;159.6;13 / 21;268922;2018-11-09 17:42:06:971
7.527;-6.359;3.505;133.0;1.0;37.73;48.16151;11.55706;506.0;NaN;0.0;2.8;159.6;13 / 21;269022;2018-11-09 17:42:07:071
7.508;-6.349;3.428;139.0;1.0;37.73;48.16151;11.55706;506.0;NaN;0.0;2.8;159.6;13 / 21;269122;2018-11-09 17:42:07:171
6.828;-6.79;3.179;132.0;1.0;40.84;48.16151;11.55706;506.0;NaN;0.0;2.8;159.6;13 / 21;269222;2018-11-09 17:42:07:271
6.818;-7.039;2.518;152.0;1.0;40.84;48.16151;11.55706;506.0;NaN;0.0;2.8;159.6;15 / 21;269322;2018-11-09 17:42:07:371
7.048;-6.972;2.882;136.0;1.0;40.84;48.16151;11.55706;506.0;NaN;0.0;2.8;159.6;15 / 21;269422;2018-11-09 17:42:07:471
6.665;-6.445;2.231;154.0;1.0;38.34;48.16151;11.55706;506.0;NaN;0.0;2.8;159.6;15 / 21;269522;2018-11-09 17:42:07:571
7.881;-5.64;2.662;337.0;1.0;38.34;48.16151;11.55706;506.0;NaN;0.0;2.8;159.6;15 / 21;269621;2018-11-09 17:42:07:670
10.372;-5.209;3.668;187.0;1.0;38.34;48.16151;11.55706;506.0;NaN;0.0;2.8;159.6;15 / 21;269721;2018-11-09 17:42:07:770
9.443;-4.3;4.242;154.0;1.0;38.09;48.16151;11.55706;506.0;NaN;0.0;2.8;159.6;15 / 21;269821;2018-11-09 17:42:07:870
8.006;-4.884;3.007;108.0;1.0;38.09;48.16151;11.55706;506.0;NaN;0.0;2.8;159.6;15 / 21;269921;2018-11-09 17:42:07:970
8.715;-5.966;3.524;255.0;1.0;38.09;48.16151;11.55706;506.0;NaN;0.0;2.8;159.6;15 / 21;270024;2018-11-09 17:42:08:073
6.627;-6.205;3.122;254.0;1.0;41.92;48.16151;11.55706;506.0;NaN;0.0;2.8;159.6;15 / 21;270121;2018-11-09 17:42:08:170
5.679;-6.885;4.568;133.0;1.0;41.92;48.16151;11.55706;506.0;NaN;0.0;2.8;159.6;15 / 21;270222;2018-11-09 17:42:08:271
7.393;-4.606;3.007;134.0;1.0;41.92;48.16151;11.55706;506.0;NaN;0.0;2.8;159.6;15 / 21;270322;2018-11-09 17:42:08:371
8.485;-6.656;2.604;89.0;1.0;39.63;48.16151;11.55706;506.0;NaN;0.0;2.8;159.6;15 / 21;270421;2018-11-09 17:42:08:470
6.694;-6.071;3.495;93.0;1.0;39.63;48.16151;11.55706;506.0;NaN;0.0;2.8;159.6;15 / 21;270521;2018-11-09 17:42:08:570
6.56;-5.794;2.662;193.0;1.0;39.63;48.16151;11.55706;506.0;NaN;0.0;2.8;159.6;15 / 21;270621;2018-11-09 17:42:08:670
7.795;-6.483;4.328;173.0;1.0;41.16;48.16151;11.55706;506.0;NaN;0.0;2.8;159.6;15 / 21;270722;2018-11-09 17:42:08:771
8.255;-6.56;4.166;197.0;1.0;41.16;48.16151;11.55706;506.0;NaN;0.0;2.8;159.6;15 / 21;270822;2018-11-09 17:42:08:871
7.182;-6.598;2.566;166.0;1.0;41.16;48.16151;11.55706;506.0;NaN;0.0;2.8;159.6;15 / 21;270921;2018-11-09 17:42:08:970
7.125;-5.851;4.491;167.0;1.0;44.65;48.16151;11.55706;506.0;NaN;0.0;2.8;159.6;15 / 21;271021;2018-11-09 17:42:09:070
7.393;-5.842;0.67;159.0;1.0;44.65;48.16151;11.55706;506.0;NaN;0.0;2.8;159.6;15 / 21;271121;2018-11-09 17:42:09:170
9.146;-3.016;5.775;131.0;1.0;44.65;48.16151;11.55706;506.0;NaN;0.0;2.8;159.6;15 / 21;271221;2018-11-09 17:42:09:270
9.711;-4.271;1.896;51.0;1.0;44.82;48.16151;11.55706;506.0;NaN;0.0;2.8;159.6;15 / 21;271321;2018-11-09 17:42:09:370
8.418;-4.491;2.921;56.0;1.0;44.82;48.16151;11.55706;506.0;NaN;0.0;2.8;159.6;15 / 21;271421;2018-11-09 17:42:09:470
6.464;-4.443;0.737;145.0;1.0;44.82;48.16151;11.55706;506.0;NaN;0.0;2.8;159.6;15 / 21;271522;2018-11-09 17:42:09:571
10.726;-4.874;7.134;163.0;1.0;46.58;48.16151;11.55706;506.0;NaN;0.0;2.8;159.6;15 / 21;271622;2018-11-09 17:42:09:671
11.368;-2.758;6.148;172.0;1.0;46.58;48.16151;11.55706;506.0;NaN;0.0;2.8;159.6;15 / 21;271721;2018-11-09 17:42:09:770
11.741;1.177;4.97;182.0;1.0;46.58;48.16151;11.55706;506.0;NaN;0.0;2.8;159.6;15 / 21;271821;2018-11-09 17:42:09:870
12.134;-1.934;3.811;185.0;1.0;45.94;48.16151;11.55706;506.0;NaN;0.0;2.8;159.6;15 / 21;271921;2018-11-09 17:42:09:970
7.326;-5.209;0.306;86.0;1.0;45.94;48.16151;11.55706;506.0;NaN;0.0;2.8;159.6;15 / 21;272021;2018-11-09 17:42:10:070
3.677;-3.888;1.714;78.0;1.0;45.94;48.16151;11.55706;506.0;NaN;0.0;2.8;159.6;15 / 21;272121;2018-11-09 17:42:10:170
3.198;-3.093;6.359;62.0;1.0;47.55;48.16151;11.55706;506.0;NaN;0.0;2.8;159.6;15 / 21;272221;2018-11-09 17:42:10:270
7.47;-3.648;5.669;63.0;1.0;47.55;48.16151;11.55706;506.0;NaN;0.0;2.8;159.6;15 / 21;272321;2018-11-09 17:42:10:370
9.778;-3.447;5.391;84.0;1.0;47.55;48.16151;11.55706;506.0;NaN;0.0;2.8;159.6;15 / 21;272421;2018-11-09 17:42:10:470
12.498;-3.122;5.688;104.0;1.0;53.56;48.16151;11.55706;506.0;NaN;0.0;2.8;159.6;15 / 21;272521;2018-11-09 17:42:10:570
12.21;-2.499;3.639;118.0;1.0;53.56;48.16151;11.55706;506.0;NaN;0.0;2.8;159.6;15 / 21;272621;2018-11-09 17:42:10:670
11.415;-1.331;3.399;93.0;1.0;53.56;48.16151;11.55706;506.0;NaN;0.0;2.8;159.6;15 / 21;272721;2018-11-09 17:42:10:770
8.696;-3.735;1.953;78.0;1.0;37.8;48.16151;11.55706;506.0;NaN;0.0;2.8;159.6;15 / 21;272821;2018-11-09 17:42:10:870
8.906;-3.62;0.45;135.0;1.0;37.8;48.16151;11.55706;506.0;NaN;0.0;2.8;159.6;15 / 21;272921;2018-11-09 17:42:10:970
8.916;-5.497;0.363;202.0;1.0;37.8;48.16151;11.55706;506.0;NaN;0.0;2.8;159.6;15 / 21;273022;2018-11-09 17:42:11:071
9.969;-6.933;1.561;133.0;1.0;48.53;48.16151;11.55706;506.0;NaN;0.0;2.8;159.6;15 / 21;273122;2018-11-09 17:42:11:171
3.878;-5.956;8.897;95.0;1.0;48.53;48.16151;11.55706;506.0;NaN;0.0;2.8;159.6;15 / 21;273222;2018-11-09 17:42:11:271
3.677;-2.298;11.712;192.0;1.0;48.53;48.16151;11.55706;506.0;NaN;0.0;2.8;159.6;15 / 21;273323;2018-11-09 17:42:11:372
7.537;-2.921;3.131;93.0;1.0;54.76;48.16151;11.55706;506.0;NaN;0.0;2.8;159.6;15 / 21;273421;2018-11-09 17:42:11:470
11.693;-2.537;6.953;273.0;1.0;54.76;48.16151;11.55706;506.0;NaN;0.0;2.8;159.6;15 / 21;273521;2018-11-09 17:42:11:570
9.308;-1.877;4.999;45.0;1.0;54.76;48.16151;11.55706;506.0;NaN;0.0;2.8;159.6;15 / 21;273622;2018-11-09 17:42:11:671
9.845;0.996;4.606;47.0;1.0;58.4;48.16151;11.55706;506.0;NaN;0.0;2.8;159.6;15 / 21;273722;2018-11-09 17:42:11:771
11.013;-0.536;0.9;27.0;1.0;58.4;48.16151;11.55706;506.0;NaN;0.0;2.8;159.6;15 / 21;273822;2018-11-09 17:42:11:871
8.025;-1.781;-5.248;46.0;1.0;58.4;48.16151;11.55706;506.0;NaN;0.0;2.8;159.6;15 / 21;273922;2018-11-09 17:42:11:971
8.973;0.814;-4.079;53.0;1.0;49.77;48.16151;11.55706;506.0;NaN;0.0;2.8;159.6;15 / 21;274022;2018-11-09 17:42:12:071
7.182;-0.737;-6.301;55.0;1.0;49.77;48.16151;11.55706;506.0;NaN;0.0;2.8;159.6;15 / 21;274122;2018-11-09 17:42:12:171
3.83;-0.488;-6.656;39.0;1.0;49.77;48.16151;11.55706;506.0;NaN;0.0;2.8;159.6;15 / 21;274223;2018-11-09 17:42:12:272
1.158;-1.168;-4.06;40.0;1.0;64.34;48.16151;11.55706;506.0;NaN;0.0;2.8;159.6;15 / 21;274323;2018-11-09 17:42:12:372
8.035;1.063;-4.922;45.0;1.0;64.34;48.16151;11.55706;506.0;NaN;0.0;2.8;159.6;15 / 21;274424;2018-11-09 17:42:12:473
7.182;3.648;-0.469;36.0;1.0;64.34;48.16151;11.55706;506.0;NaN;0.0;2.8;159.6;15 / 21;274522;2018-11-09 17:42:12:571
9.768;2.001;-3.984;55.0;1.0;56.48;48.16151;11.55706;506.0;NaN;0.0;2.8;159.6;15 / 21;274622;2018-11-09 17:42:12:671
11.866;1.829;-0.679;49.0;1.0;56.48;48.16151;11.55706;506.0;NaN;0.0;2.8;159.6;15 / 21;274722;2018-11-09 17:42:12:771
11.511;0.076;1.733;43.0;1.0;56.48;48.16151;11.55706;506.0;NaN;0.0;2.8;159.6;15 / 21;274822;2018-11-09 17:42:12:871
10.621;-2.806;1.359;50.0;1.0;54.58;48.16151;11.55706;506.0;NaN;0.0;2.8;159.6;15 / 21;274922;2018-11-09 17:42:12:971
8.801;-3.409;-1.292;49.0;1.0;54.58;48.16151;11.55706;506.0;NaN;0.0;2.8;159.6;15 / 21;275021;2018-11-09 17:42:13:070
7.661;-4.654;-1.666;37.0;1.0;54.58;48.16151;11.55706;506.0;NaN;0.0;2.8;159.6;15 / 21;275121;2018-11-09 17:42:13:170
8.782;-3.313;0.526;41.0;1.0;59.04;48.16151;11.55706;506.0;NaN;0.0;2.8;159.6;15 / 21;275221;2018-11-09 17:42:13:270
10.678;-1.608;1.063;39.0;1.0;59.04;48.16151;11.55706;506.0;NaN;0.0;2.8;159.6;15 / 21;275321;2018-11-09 17:42:13:370
11.53;-0.306;1.618;33.0;1.0;59.04;48.16151;11.55706;506.0;NaN;0.0;2.8;159.6;15 / 21;275421;2018-11-09 17:42:13:470
12.095;-2.863;1.321;39.0;1.0;51.48;48.16151;11.55706;506.0;NaN;0.0;2.8;159.6;15 / 21;275521;2018-11-09 17:42:13:570
11.913;-5.545;4.893;40.0;1.0;51.48;48.16151;11.55706;506.0;NaN;0.0;2.8;159.6;15 / 21;275622;2018-11-09 17:42:13:671
7.738;-5.114;1.206;33.0;1.0;51.48;48.16151;11.55706;506.0;NaN;0.0;2.8;159.6;15 / 21;275722;2018-11-09 17:42:13:771
5.028;-3.074;6.167;52.0;1.0;49.03;48.16151;11.55706;506.0;NaN;0.0;2.8;159.6;15 / 21;275822;2018-11-09 17:42:13:871
7.441;-4.549;1.992;57.0;1.0;49.03;48.16151;11.55706;506.0;NaN;0.0;2.8;159.6;15 / 21;275922;2018-11-09 17:42:13:971
8.456;-2.873;2.423;44.0;1.0;49.03;48.16151;11.55706;506.0;NaN;0.0;2.8;159.6;15 / 21;276022;2018-11-09 17:42:14:071
8.111;-2.528;6.464;36.0;1.0;40.27;48.16151;11.55706;506.0;NaN;0.0;2.8;159.6;15 / 21;276122;2018-11-09 17:42:14:171
9.261;-4.846;3.514;44.0;1.0;40.27;48.16151;11.55706;506.0;NaN;0.0;2.8;159.6;15 / 21;276222;2018-11-09 17:42:14:271
8.983;-6.905;2.633;35.0;1.0;40.27;48.16151;11.55706;506.0;NaN;0.0;2.8;159.6;15 / 21;276321;2018-11-09 17:42:14:370
7.134;-3.696;1.292;28.0;1.0;37.59;48.16151;11.55706;506.0;NaN;0.0;2.8;159.6;15 / 21;276421;2018-11-09 17:42:14:470
7.192;-4.855;1.091;36.0;1.0;37.59;48.16151;11.55706;506.0;NaN;0.0;2.8;159.6;15 / 21;276521;2018-11-09 17:42:14:570
8.81;-4.913;2.461;27.0;1.0;37.59;48.16151;11.55706;506.0;NaN;0.0;2.8;159.6;15 / 21;276621;2018-11-09 17:42:14:670
8.523;-3.859;4.577;22.0;1.0;37.75;48.16151;11.55706;506.0;NaN;0.0;2.8;159.6;15 / 21;276722;2018-11-09 17:42:14:771
8.121;-4.434;4.06;33.0;1.0;37.75;48.16151;11.55706;506.0;NaN;0.0;2.8;159.6;15 / 21;276822;2018-11-09 17:42:14:871
8.887;-7.316;4.434;52.0;1.0;37.75;48.16151;11.55706;506.0;NaN;0.0;2.8;159.6;15 / 21;276922;2018-11-09 17:42:14:971
9.308;-8.935;2.288;55.0;1.0;39.92;48.16151;11.55706;506.0;NaN;0.0;2.8;159.6;15 / 21;277022;2018-11-09 17:42:15:071
8.38;-5.621;2.719;46.0;1.0;39.92;48.16151;11.55706;506.0;NaN;0.0;2.8;159.6;16 / 21;277122;2018-11-09 17:42:15:171
9.356;-5.707;4.386;64.0;1.0;39.92;48.16151;11.55706;506.0;NaN;0.0;2.8;159.6;16 / 21;277222;2018-11-09 17:42:15:271
13.724;-3.974;5.123;61.0;1.0;40.98;48.16151;11.55706;506.0;NaN;0.0;2.8;159.6;16 / 21;277321;2018-11-09 17:42:15:370
7.91;-2.93;2.25;31.0;1.0;40.98;48.16151;11.55706;506.0;NaN;0.0;2.8;159.6;16 / 21;277421;2018-11-09 17:42:15:470
4.52;1.034;0.555;18.0;1.0;40.98;48.16151;11.55706;506.0;NaN;0.0;2.8;159.6;16 / 21;277521;2018-11-09 17:42:15:570
15.543;0.938;1.455;32.0;1.0;40.98;48.16151;11.55706;506.0;NaN;0.0;2.8;159.6;16 / 21;277621;2018-11-09 17:42:15:670
3.543;4.146;6.541;34.0;1.0;39.88;48.16151;11.55706;506.0;NaN;0.0;2.8;159.6;16 / 21;277721;2018-11-09 17:42:15:770
1.359;4.434;7.46;28.0;1.0;39.88;48.16151;11.55706;506.0;NaN;0.0;2.8;159.6;16 / 21;277822;2018-11-09 17:42:15:871
4.146;4.846;4.003;34.0;1.0;39.88;48.16151;11.55706;506.0;NaN;0.0;2.8;159.6;16 / 21;277922;2018-11-09 17:42:15:971
6.704;4.242;4.846;40.0;1.0;39.07;48.16151;11.55706;506.0;NaN;0.0;2.8;159.6;16 / 21;278022;2018-11-09 17:42:16:071
4.807;5.257;4.606;50.0;1.0;39.07;48.16151;11.55706;506.0;NaN;0.0;2.8;159.6;16 / 21;278124;2018-11-09 17:42:16:173
6.751;6.215;5.87;48.0;1.0;39.07;48.16149;11.55711;505.9;NaN;2.6;2.6;88.8;16 / 21;278222;2018-11-09 17:42:16:271
6.004;6.225;5.286;42.0;1.0;38.74;48.16149;11.55711;505.9;NaN;2.6;2.6;88.8;16 / 21;278322;2018-11-09 17:42:16:371
8.236;6.742;3.878;38.0;1.0;38.74;48.16149;11.55711;505.9;NaN;2.6;2.6;88.8;16 / 21;278422;2018-11-09 17:42:16:471
9.567;4.577;5.679;57.0;1.0;38.74;48.16149;11.55711;505.9;NaN;2.6;2.6;88.8;16 / 21;278522;2018-11-09 17:42:16:571
6.052;2.154;2.039;52.0;1.0;38.39;48.16149;11.55711;505.9;NaN;2.6;2.6;88.8;16 / 21;278622;2018-11-09 17:42:16:671
5.487;3.256;8.475;86.0;1.0;38.39;48.16149;11.55711;505.9;NaN;2.6;2.6;88.8;16 / 21;278722;2018-11-09 17:42:16:771
4.012;4.395;7.115;222.0;1.0;38.39;48.16149;11.55711;505.9;NaN;2.6;2.6;88.8;16 / 21;278822;2018-11-09 17:42:16:871
3.17;4.079;6.991;1521.0;1.0;39.14;48.16149;11.55711;505.9;NaN;2.6;2.6;88.8;16 / 21;278922;2018-11-09 17:42:16:971
3.715;4.932;7.46;265.0;1.0;39.14;48.16149;11.55711;505.9;NaN;2.6;2.6;88.8;16 / 21;279022;2018-11-09 17:42:17:071
1.321;3.514;12.105;207.0;1.0;39.14;48.16149;11.55712;505.9;NaN;0.0;2.6;88.8;16 / 21;279122;2018-11-09 17:42:17:171
1.197;0.861;9.883;83.0;1.0;39.71;48.16149;11.55712;505.9;NaN;0.0;2.6;88.8;16 / 21;279221;2018-11-09 17:42:17:270
0.105;1.541;6.081;78.0;1.0;39.71;48.16149;11.55712;505.9;NaN;0.0;2.6;88.8;16 / 21;279322;2018-11-09 17:42:17:371
-0.392;2.643;9.452;70.0;1.0;39.71;48.16149;11.55712;505.9;NaN;0.0;2.6;88.8;16 / 21;279422;2018-11-09 17:42:17:471
-0.794;4.261;8.629;59.0;1.0;41.75;48.16149;11.55712;505.9;NaN;0.0;2.6;88.8;16 / 21;279521;2018-11-09 17:42:17:570
-0.44;4.022;9.701;50.0;1.0;41.75;48.16149;11.55712;505.9;NaN;0.0;2.6;88.8;16 / 21;279621;2018-11-09 17:42:17:670
0.699;2.576;11.387;49.0;1.0;41.75;48.16149;11.55712;505.9;NaN;0.0;2.6;88.8;16 / 21;279722;2018-11-09 17:42:17:771
0.67;3.064;10.582;58.0;1.0;42.12;48.16149;11.55712;505.9;NaN;0.0;2.6;88.8;16 / 21;279822;2018-11-09 17:42:17:871
0.526;0.555;7.498;67.0;1.0;42.12;48.16149;11.55712;505.9;NaN;0.0;2.6;88.8;16 / 21;279922;2018-11-09 17:42:17:971
0.498;1.838;7.546;56.0;1.0;42.12;48.16149;11.55712;505.9;NaN;0.0;2.6;88.8;16 / 21;280021;2018-11-09 17:42:18:070
0.201;3.16;9.481;50.0;1.0;42.45;48.16149;11.55713;505.9;NaN;0.0;2.7;88.8;16 / 21;280121;2018-11-09 17:42:18:170
-0.21;4.386;10.984;62.0;1.0;42.45;48.16149;11.55713;505.9;NaN;0.0;2.7;88.8;16 / 21;280221;2018-11-09 17:42:18:270
0.928;3.342;8.849;36.0;1.0;42.45;48.16149;11.55713;505.9;NaN;0.0;2.7;88.8;16 / 21;280321;2018-11-09 17:42:18:370
-1.264;5.631;10.64;42.0;1.0;41.68;48.16149;11.55713;505.9;NaN;0.0;2.7;88.8;16 / 21;280421;2018-11-09 17:42:18:470
1.666;0.306;10.984;48.0;1.0;41.68;48.16149;11.55713;505.9;NaN;0.0;2.7;88.8;16 / 21;280522;2018-11-09 17:42:18:571
-0.976;1.704;7.431;73.0;1.0;41.68;48.16149;11.55713;505.9;NaN;0.0;2.7;88.8;16 / 21;280622;2018-11-09 17:42:18:671
-1.426;2.49;8.485;50.0;1.0;42.48;48.16149;11.55713;505.9;NaN;0.0;2.7;88.8;16 / 21;280722;2018-11-09 17:42:18:771
-1.072;3.553;9.184;48.0;1.0;42.48;48.16149;11.55713;505.9;NaN;0.0;2.7;88.8;16 / 21;280821;2018-11-09 17:42:18:870
-0.785;3.763;9.864;43.0;1.0;42.48;48.16149;11.55713;505.9;NaN;0.0;2.7;88.8;16 / 21;280921;2018-11-09 17:42:18:970
0.038;2.767;11.128;46.0;1.0;43.51;48.16149;11.55713;505.9;NaN;0.0;2.7;88.8;16 / 21;281021;2018-11-09 17:42:19:070
0.411;2.949;11.483;61.0;1.0;43.51;48.1615;11.55716;505.9;NaN;0.0;2.7;88.8;16 / 21;281122;2018-11-09 17:42:19:171
1.474;0.976;7.259;50.0;1.0;43.51;48.1615;11.55716;505.9;NaN;0.0;2.7;88.8;16 / 21;281222;2018-11-09 17:42:19:271
0.383;2.576;8.092;58.0;1.0;44.25;48.1615;11.55716;505.9;NaN;0.0;2.7;88.8;16 / 21;281321;2018-11-09 17:42:19:370
0.325;3.639;8.552;60.0;1.0;44.25;48.1615;11.55716;505.9;NaN;0.0;2.7;88.8;16 / 21;281421;2018-11-09 17:42:19:470
0.957;3.438;9.845;53.0;1.0;44.25;48.1615;11.55716;505.9;NaN;0.0;2.7;88.8;16 / 21;281522;2018-11-09 17:42:19:571
1.34;3.447;7.613;44.0;1.0;44.69;48.1615;11.55716;505.9;NaN;0.0;2.7;88.8;16 / 21;281622;2018-11-09 17:42:19:671
-1.216;2.298;11.923;45.0;1.0;44.69;48.1615;11.55716;505.9;NaN;0.0;2.7;88.8;16 / 21;281721;2018-11-09 17:42:19:770
0.22;0.948;12.277;6.0;1.0;44.69;48.1615;11.55716;505.9;NaN;0.0;2.7;88.8;16 / 21;281822;2018-11-09 17:42:19:871
-0.928;1.139;6.579;7.0;1.0;46.11;48.1615;11.55716;505.9;NaN;0.0;2.7;88.8;16 / 21;281922;2018-11-09 17:42:19:971
-1.953;1.81;9.021;29.0;1.0;46.11;48.1615;11.55716;505.9;NaN;0.0;2.7;88.8;16 / 21;282022;2018-11-09 17:42:20:071
-1.503;2.978;8.609;13.0;1.0;46.11;48.1615;11.55717;505.9;NaN;4.7;2.7;82.4;16 / 21;282121;2018-11-09 17:42:20:170
-1.982;2.844;9.778;5.0;1.0;45.55;48.1615;11.55717;505.9;NaN;4.7;2.7;82.4;16 / 21;282221;2018-11-09 17:42:20:270
-1.139;2.308;10.668;15.0;1.0;45.55;48.1615;11.55717;505.9;NaN;4.7;2.7;82.4;16 / 21;282322;2018-11-09 17:42:20:371
-0.555;2.7;11.358;17.0;1.0;45.55;48.1615;11.55717;505.9;NaN;4.7;2.7;82.4;16 / 21;282422;2018-11-09 17:42:20:471
0.21;-0.076;7.881;22.0;1.0;48.24;48.1615;11.55717;505.9;NaN;4.7;2.7;82.4;16 / 21;282522;2018-11-09 17:42:20:571
1.245;0.976;6.349;29.0;1.0;48.24;48.1615;11.55717;505.9;NaN;4.7;2.7;82.4;16 / 21;282621;2018-11-09 17:42:20:670
-0.325;3.361;11.32;26.0;1.0;48.24;48.1615;11.55717;505.9;NaN;4.7;2.7;82.4;16 / 21;282722;2018-11-09 17:42:20:771
0.296;3.15;7.987;9.0;1.0;49.57;48.1615;11.55717;505.9;NaN;4.7;2.7;82.4;16 / 21;282822;2018-11-09 17:42:20:871
0.67;3.342;8.6;4.0;1.0;49.57;48.1615;11.55717;505.9;NaN;4.7;2.7;82.4;16 / 21;282921;2018-11-09 17:42:20:970
-1.158;4.031;10.774;24.0;1.0;49.57;48.1615;11.55717;505.9;NaN;4.7;2.7;82.4;16 / 21;283021;2018-11-09 17:42:21:070
-1.474;3.792;10.506;18.0;1.0;53.26;48.1615;11.55718;506.0;NaN;4.2;2.7;86.3;16 / 21;283121;2018-11-09 17:42:21:170
-2.47;1.283;7.546;9.0;1.0;53.26;48.1615;11.55718;506.0;NaN;4.2;2.7;86.3;16 / 21;283222;2018-11-09 17:42:21:271
-1.407;3.246;8.38;5.0;1.0;53.26;48.1615;11.55718;506.0;NaN;4.2;2.7;86.3;16 / 21;283322;2018-11-09 17:42:21:371
-1.743;3.945;9.701;13.0;1.0;56.73;48.1615;11.55718;506.0;NaN;4.2;2.7;86.3;16 / 21;283422;2018-11-09 17:42:21:471
-2.068;4.386;9.059;25.0;1.0;56.73;48.1615;11.55718;506.0;NaN;4.2;2.7;86.3;16 / 21;283522;2018-11-09 17:42:21:571
-1.359;4.462;10.879;13.0;1.0;56.73;48.1615;11.55718;506.0;NaN;4.2;2.7;86.3;16 / 21;283621;2018-11-09 17:42:21:670
-1.091;4.625;9.347;10.0;1.0;59.18;48.1615;11.55718;506.0;NaN;4.2;2.7;86.3;16 / 21;283722;2018-11-09 17:42:21:771
-1.982;1.388;9.893;19.0;1.0;59.18;48.1615;11.55718;506.0;NaN;4.2;2.7;86.3;16 / 21;283822;2018-11-09 17:42:21:871
1.426;3.897;6.751;11.0;1.0;59.18;48.1615;11.55718;506.0;NaN;4.2;2.7;86.3;16 / 21;283921;2018-11-09 17:42:21:970
-2.02;3.955;8.485;36.0;1.0;58.76;48.1615;11.55718;506.0;NaN;4.2;2.7;86.3;16 / 21;284022;2018-11-09 17:42:22:071
-0.9;5.315;8.054;5.0;1.0;58.76;48.1615;11.5572;506.0;NaN;0.0;2.7;86.3;16 / 21;284122;2018-11-09 17:42:22:171
1.273;5.966;7.259;27.0;1.0;58.76;48.1615;11.5572;506.0;NaN;0.0;2.7;86.3;16 / 21;284222;2018-11-09 17:42:22:271
-2.403;4.338;9.567;17.0;1.0;62.5;48.1615;11.5572;506.0;NaN;0.0;2.7;86.3;16 / 21;284322;2018-11-09 17:42:22:371
-0.44;4.127;11.751;41.0;1.0;62.5;48.1615;11.5572;506.0;NaN;0.0;2.7;86.3;16 / 21;284422;2018-11-09 17:42:22:471
-1.819;2.988;7.192;16.0;1.0;62.5;48.1615;11.5572;506.0;NaN;0.0;2.7;86.3;16 / 21;284524;2018-11-09 17:42:22:573
-2.241;3.361;9.395;20.0;1.0;64.76;48.1615;11.5572;506.0;NaN;0.0;2.7;86.3;16 / 21;284622;2018-11-09 17:42:22:671
-1.254;4.462;7.834;22.0;1.0;64.76;48.1615;11.5572;506.0;NaN;0.0;2.7;86.3;16 / 21;284722;2018-11-09 17:42:22:771
-2.442;4.012;9.194;9.0;1.0;64.76;48.1615;11.5572;506.0;NaN;0.0;2.7;86.3;16 / 21;284822;2018-11-09 17:42:22:871
-0.881;4.75;10.448;18.0;1.0;66.94;48.1615;11.5572;506.0;NaN;0.0;2.7;86.3;16 / 21;284922;2018-11-09 17:42:22:971
-1.072;4.635;11.32;16.0;1.0;66.94;48.1615;11.5572;506.0;NaN;0.0;2.7;86.3;16 / 21;285022;2018-11-09 17:42:23:071
-0.325;2.126;11.435;9.0;1.0;66.94;48.1615;11.55721;506.1;NaN;3.7;2.8;80.1;16 / 21;285122;2018-11-09 17:42:23:171
0.689;2.729;6.368;13.0;1.0;65.11;48.1615;11.55721;506.1;NaN;3.7;2.8;80.1;16 / 21;285221;2018-11-09 17:42:23:270
-1.043;4.127;8.59;19.0;1.0;65.11;48.1615;11.55721;506.1;NaN;3.7;2.8;80.1;16 / 21;285321;2018-11-09 17:42:23:370
-0.21;4.654;7.824;32.0;1.0;65.11;48.1615;11.55721;506.1;NaN;3.7;2.8;80.1;16 / 21;285422;2018-11-09 17:42:23:471
1.139;4.836;8.332;17.0;1.0;56.09;48.1615;11.55721;506.1;NaN;3.7;2.8;80.1;16 / 21;285522;2018-11-09 17:42:23:571
0.344;4.74;9.213;14.0;1.0;56.09;48.1615;11.55721;506.1;NaN;3.7;2.8;80.1;16 / 21;285622;2018-11-09 17:42:23:671
0.086;4.099;10.812;16.0;1.0;56.09;48.1615;11.55721;506.1;NaN;3.7;2.8;80.1;16 / 21;285722;2018-11-09 17:42:23:771
-2.116;1.637;9.423;13.0;1.0;52.35;48.1615;11.55721;506.1;NaN;3.7;2.8;80.1;16 / 21;285822;2018-11-09 17:42:23:871
-0.775;3.419;9.452;18.0;1.0;52.35;48.1615;11.55721;506.1;NaN;3.7;2.8;80.1;16 / 21;285922;2018-11-09 17:42:23:971
-0.823;4.529;7.891;24.0;1.0;52.35;48.1615;11.55721;506.1;NaN;3.7;2.8;80.1;16 / 21;286021;2018-11-09 17:42:24:070
-1.934;3.715;9.759;24.0;1.0;51.03;48.1615;11.55722;506.3;NaN;3.6;2.8;84.6;16 / 21;286121;2018-11-09 17:42:24:170
-0.363;4.798;9.577;25.0;1.0;51.03;48.1615;11.55722;506.3;NaN;3.6;2.8;84.6;16 / 21;286221;2018-11-09 17:42:24:270
0.603;4.415;10.783;22.0;1.0;51.03;48.1615;11.55722;506.3;NaN;3.6;2.8;84.6;16 / 21;286321;2018-11-09 17:42:24:370
0.593;1.541;11.444;39.0;1.0;50.34;48.1615;11.55722;506.3;NaN;3.6;2.8;84.6;16 / 21;286421;2018-11-09 17:42:24:470
1.608;2.461;5.315;24.0;1.0;50.34;48.1615;11.55722;506.3;NaN;3.6;2.8;84.6;16 / 21;286522;2018-11-09 17:42:24:571
-1.024;3.84;9.567;8.0;1.0;50.34;48.1615;11.55722;506.3;NaN;3.6;2.8;84.6;16 / 21;286621;2018-11-09 17:42:24:670
0.057;4.616;8.973;4.0;1.0;51.48;48.1615;11.55722;506.3;NaN;3.6;2.8;84.6;16 / 21;286721;2018-11-09 17:42:24:770
2.049;5.631;6.014;38.0;1.0;51.48;48.1615;11.55722;506.3;NaN;3.6;2.8;84.6;16 / 21;286822;2018-11-09 17:42:24:871
0.498;4.98;8.878;9.0;1.0;51.48;48.1615;11.55722;506.3;NaN;3.6;2.8;84.6;16 / 21;286922;2018-11-09 17:42:24:971
0.43;4.29;12.775;20.0;1.0;51.48;48.1615;11.55722;506.3;NaN;3.6;2.8;84.6;16 / 21;287022;2018-11-09 17:42:25:071
-1.407;1.972;8.092;22.0;1.0;48.09;48.1615;11.55723;506.4;NaN;3.2;2.8;87.7;16 / 21;287121;2018-11-09 17:42:25:170
1.13;3.208;8.858;5.0;1.0;48.09;48.1615;11.55723;506.4;NaN;3.2;2.8;87.7;15 / 21;287221;2018-11-09 17:42:25:270
-0.22;4.644;7.929;22.0;1.0;48.09;48.1615;11.55723;506.4;NaN;3.2;2.8;87.7;15 / 21;287321;2018-11-09 17:42:25:370
-1.723;4.673;8.475;22.0;1.0;47.19;48.1615;11.55723;506.4;NaN;3.2;2.8;87.7;15 / 21;287421;2018-11-09 17:42:25:470
-0.019;4.453;11.205;17.0;1.0;47.19;48.1615;11.55723;506.4;NaN;3.2;2.8;87.7;15 / 21;287522;2018-11-09 17:42:25:571
1.273;4.462;9.625;18.0;1.0;47.19;48.1615;11.55723;506.4;NaN;3.2;2.8;87.7;15 / 21;287622;2018-11-09 17:42:25:671
-2.375;2.011;10.965;21.0;1.0;45.55;48.1615;11.55723;506.4;NaN;3.2;2.8;87.7;15 / 21;287721;2018-11-09 17:42:25:770
2.681;3.974;5.162;12.0;1.0;45.55;48.1615;11.55723;506.4;NaN;3.2;2.8;87.7;15 / 21;287821;2018-11-09 17:42:25:870
-0.038;4.941;9.385;12.0;1.0;45.55;48.1615;11.55723;506.4;NaN;3.2;2.8;87.7;15 / 21;287922;2018-11-09 17:42:25:971
0.881;4.836;7.297;11.0;1.0;49.0;48.1615;11.55723;506.4;NaN;3.2;2.8;87.7;15 / 21;288021;2018-11-09 17:42:26:070
1.637;5.64;6.962;16.0;1.0;49.0;48.1615;11.55723;506.4;NaN;3.2;2.8;87.7;15 / 21;288121;2018-11-09 17:42:26:170
0.067;5.535;10.4;21.0;1.0;49.0;48.1615;11.55723;506.6;NaN;2.8;2.8;91.2;15 / 21;288221;2018-11-09 17:42:26:270
-0.909;5.545;12.479;24.0;1.0;46.95;48.1615;11.55723;506.6;NaN;2.8;2.8;91.2;15 / 21;288322;2018-11-09 17:42:26:371
-1.982;1.79;9.222;11.0;1.0;46.95;48.1615;11.55723;506.6;NaN;2.8;2.8;91.2;15 / 21;288422;2018-11-09 17:42:26:471
-0.584;3.562;6.579;16.0;1.0;46.95;48.1615;11.55723;506.6;NaN;2.8;2.8;91.2;15 / 21;288522;2018-11-09 17:42:26:571
-2.566;2.834;9.701;11.0;1.0;46.21;48.1615;11.55723;506.6;NaN;2.8;2.8;91.2;15 / 21;288621;2018-11-09 17:42:26:670
-0.43;5.296;8.897;16.0;1.0;46.21;48.1615;11.55723;506.6;NaN;2.8;2.8;91.2;15 / 21;288722;2018-11-09 17:42:26:771
-0.641;5.296;8.878;14.0;1.0;46.21;48.1615;11.55723;506.6;NaN;2.8;2.8;91.2;15 / 21;288822;2018-11-09 17:42:26:871
-0.019;4.759;9.395;17.0;1.0;46.2;48.1615;11.55723;506.6;NaN;2.8;2.8;91.2;15 / 21;288922;2018-11-09 17:42:26:971
0.766;4.75;9.902;7.0;1.0;46.2;48.1615;11.55723;506.6;NaN;2.8;2.8;91.2;15 / 21;289022;2018-11-09 17:42:27:071
-0.996;2.997;10.841;12.0;1.0;46.2;48.16149;11.55724;506.7;NaN;2.8;2.8;99.7;15 / 21;289122;2018-11-09 17:42:27:171
2.26;2.71;5.937;12.0;1.0;46.57;48.16149;11.55724;506.7;NaN;2.8;2.8;99.7;15 / 21;289222;2018-11-09 17:42:27:271
-0.354;4.166;9.797;21.0;1.0;46.57;48.16149;11.55724;506.7;NaN;2.8;2.8;99.7;15 / 21;289321;2018-11-09 17:42:27:370
0.21;5.334;7.709;10.0;1.0;46.57;48.16149;11.55724;506.7;NaN;2.8;2.8;99.7;15 / 21;289421;2018-11-09 17:42:27:470
0.498;4.673;8.198;18.0;1.0;46.54;48.16149;11.55724;506.7;NaN;2.8;2.8;99.7;15 / 21;289522;2018-11-09 17:42:27:571
0.957;5.669;8.073;22.0;1.0;46.54;48.16149;11.55724;506.7;NaN;2.8;2.8;99.7;15 / 21;289622;2018-11-09 17:42:27:671
0.057;5.286;10.209;19.0;1.0;46.54;48.16149;11.55724;506.7;NaN;2.8;2.8;99.7;15 / 21;289722;2018-11-09 17:42:27:771
0.919;4.079;10.611;17.0;1.0;45.6;48.16149;11.55724;506.7;NaN;2.8;2.8;99.7;15 / 21;289821;2018-11-09 17:42:27:870
-0.919;3.064;6.416;10.0;1.0;45.6;48.16149;11.55724;506.7;NaN;2.8;2.8;99.7;15 / 21;289923;2018-11-09 17:42:27:972
-0.421;4.127;9.807;21.0;1.0;45.6;48.16149;11.55724;506.7;NaN;2.8;2.8;99.7;15 / 21;290022;2018-11-09 17:42:28:071
-2.202;3.514;10.237;7.0;1.0;46.54;48.16149;11.55726;506.9;NaN;2.9;2.8;99.7;15 / 21;290122;2018-11-09 17:42:28:171
-0.249;4.683;9.27;27.0;1.0;46.54;48.16149;11.55726;506.9;NaN;2.9;2.8;99.7;15 / 21;290221;2018-11-09 17:42:28:270
0.565;4.75;8.322;22.0;1.0;46.54;48.16149;11.55726;506.9;NaN;2.9;2.8;99.7;15 / 21;290321;2018-11-09 17:42:28:370
-0.718;4.951;9.807;20.0;1.0;44.39;48.16149;11.55726;506.9;NaN;2.9;2.8;99.7;15 / 21;290422;2018-11-09 17:42:28:471
1.063;5.564;9.471;13.0;1.0;44.39;48.16149;11.55726;506.9;NaN;2.9;2.8;99.7;15 / 21;290522;2018-11-09 17:42:28:571
0.105;2.662;8.657;10.0;1.0;44.39;48.16149;11.55726;506.9;NaN;2.9;2.8;99.7;15 / 21;290622;2018-11-09 17:42:28:671
2.212;3.62;6.253;8.0;1.0;44.56;48.16149;11.55726;506.9;NaN;2.9;2.8;99.7;15 / 21;290722;2018-11-09 17:42:28:771
0.114;5.123;8.178;18.0;1.0;44.56;48.16149;11.55726;506.9;NaN;2.9;2.8;99.7;15 / 21;290822;2018-11-09 17:42:28:871
0.344;5.171;7.297;17.0;1.0;44.56;48.16149;11.55726;506.9;NaN;2.9;2.8;99.7;15 / 21;290922;2018-11-09 17:42:28:971
1.187;5.707;8.351;24.0;1.0;45.43;48.16149;11.55726;506.9;NaN;2.9;2.8;99.7;15 / 21;291022;2018-11-09 17:42:29:071
0.785;5.669;8.581;13.0;1.0;45.43;48.16149;11.55727;507.1;NaN;2.7;2.7;101.1;15 / 21;291121;2018-11-09 17:42:29:170
-0.392;5.382;8.351;0.0;1.0;45.43;48.16149;11.55727;507.1;NaN;2.7;2.7;101.1;15 / 21;291221;2018-11-09 17:42:29:270
0.392;3.409;12.593;23.0;1.0;43.25;48.16149;11.55727;507.1;NaN;2.7;2.7;101.1;15 / 21;291321;2018-11-09 17:42:29:370
-0.086;3.237;5.219;13.0;1.0;43.25;48.16149;11.55727;507.1;NaN;2.7;2.7;101.1;15 / 21;291422;2018-11-09 17:42:29:471
-0.21;4.415;10.381;5.0;1.0;43.25;48.16149;11.55727;507.1;NaN;2.7;2.7;101.1;15 / 21;291522;2018-11-09 17:42:29:571
-1.762;4.395;8.916;40.0;1.0;42.87;48.16149;11.55727;507.1;NaN;2.7;2.7;101.1;15 / 21;291622;2018-11-09 17:42:29:671
-0.804;5.717;7.786;13.0;1.0;42.87;48.16149;11.55727;507.1;NaN;2.7;2.7;101.1;15 / 21;291722;2018-11-09 17:42:29:771
0.22;5.257;8.657;20.0;1.0;42.87;48.16149;11.55727;507.1;NaN;2.7;2.7;101.1;15 / 21;291822;2018-11-09 17:42:29:871
-0.335;5.593;9.682;11.0;1.0;41.56;48.16149;11.55727;507.1;NaN;2.7;2.7;101.1;15 / 21;291922;2018-11-09 17:42:29:971
2.336;5.65;9.213;12.0;1.0;41.56;48.16149;11.55727;507.1;NaN;2.7;2.7;101.1;15 / 21;292022;2018-11-09 17:42:30:071
-0.612;2.202;8.13;21.0;1.0;41.56;48.16148;11.55728;507.3;NaN;2.7;2.7;98.1;15 / 21;292122;2018-11-09 17:42:30:171
2.394;4.721;6.253;11.0;1.0;41.53;48.16148;11.55728;507.3;NaN;2.7;2.7;98.1;15 / 21;292222;2018-11-09 17:42:30:271
-0.134;4.597;9.347;28.0;1.0;41.53;48.16148;11.55728;507.3;NaN;2.7;2.7;98.1;15 / 21;292321;2018-11-09 17:42:30:370
2.308;5.391;7.202;16.0;1.0;41.53;48.16148;11.55728;507.3;NaN;2.7;2.7;98.1;15 / 21;292421;2018-11-09 17:42:30:470
1.781;5.506;9.768;16.0;1.0;42.82;48.16148;11.55728;507.3;NaN;2.7;2.7;98.1;15 / 21;292522;2018-11-09 17:42:30:571
0.277;4.405;9.749;16.0;1.0;42.82;48.16148;11.55728;507.3;NaN;2.7;2.7;98.1;15 / 21;292622;2018-11-09 17:42:30:671
0.105;3.371;8.925;31.0;1.0;42.82;48.16148;11.55728;507.3;NaN;2.7;2.7;98.1;15 / 21;292722;2018-11-09 17:42:30:771
1.177;3.735;7.0;19.0;1.0;43.88;48.16148;11.55728;507.3;NaN;2.7;2.7;98.1;15 / 21;292821;2018-11-09 17:42:30:870
-1.446;4.98;11.071;21.0;1.0;43.88;48.16148;11.55728;507.3;NaN;2.7;2.7;98.1;15 / 21;292921;2018-11-09 17:42:30:970
-0.545;5.372;7.297;26.0;1.0;43.88;48.16148;11.55728;507.3;NaN;2.7;2.7;98.1;15 / 21;293022;2018-11-09 17:42:31:071
-0.325;4.328;8.763;33.0;1.0;45.32;48.16148;11.55728;507.5;NaN;2.3;2.7;96.9;15 / 21;293122;2018-11-09 17:42:31:171
-0.871;5.037;7.853;25.0;1.0;45.32;48.16148;11.55728;507.5;NaN;2.3;2.7;96.9;15 / 21;293221;2018-11-09 17:42:31:270
-0.009;5.506;9.04;16.0;1.0;45.32;48.16148;11.55728;507.5;NaN;2.3;2.7;96.9;15 / 21;293321;2018-11-09 17:42:31:370
-0.469;4.185;9.318;23.0;1.0;46.31;48.16148;11.55728;507.5;NaN;2.3;2.7;96.9;15 / 21;293421;2018-11-09 17:42:31:470
0.785;4.424;8.198;28.0;1.0;46.31;48.16148;11.55728;507.5;NaN;2.3;2.7;96.9;15 / 21;293522;2018-11-09 17:42:31:571
0.325;4.309;9.969;17.0;1.0;46.31;48.16148;11.55728;507.5;NaN;2.3;2.7;96.9;15 / 21;293622;2018-11-09 17:42:31:671
0.584;3.926;8.648;20.0;1.0;48.04;48.16148;11.55728;507.5;NaN;2.3;2.7;96.9;15 / 21;293722;2018-11-09 17:42:31:771
0.766;3.735;9.395;30.0;1.0;48.04;48.16148;11.55728;507.5;NaN;2.3;2.7;96.9;15 / 21;293822;2018-11-09 17:42:31:871
0.814;3.955;9.404;22.0;1.0;48.04;48.16148;11.55728;507.5;NaN;2.3;2.7;96.9;15 / 21;293921;2018-11-09 17:42:31:970
1.015;3.897;9.088;16.0;1.0;48.46;48.16148;11.55728;507.5;NaN;2.3;2.7;96.9;15 / 21;294021;2018-11-09 17:42:32:070
0.986;4.156;8.312;26.0;1.0;48.46;48.16148;11.55729;507.7;NaN;1.7;2.7;94.9;15 / 21;294122;2018-11-09 17:42:32:171
0.335;4.376;8.925;29.0;1.0;48.46;48.16148;11.55729;507.7;NaN;1.7;2.7;94.9;15 / 21;294222;2018-11-09 17:42:32:271
0.363;4.089;9.165;18.0;1.0;47.88;48.16148;11.55729;507.7;NaN;1.7;2.7;94.9;15 / 21;294322;2018-11-09 17:42:32:371
0.555;4.166;8.456;46.0;1.0;47.88;48.16148;11.55729;507.7;NaN;1.7;2.7;94.9;15 / 21;294422;2018-11-09 17:42:32:471
0.287;4.606;8.466;12.0;1.0;47.88;48.16148;11.55729;507.7;NaN;1.7;2.7;94.9;15 / 21;294522;2018-11-09 17:42:32:571
-0.258;5.037;8.849;21.0;1.0;48.65;48.16148;11.55729;507.7;NaN;1.7;2.7;94.9;15 / 21;294622;2018-11-09 17:42:32:671
-0.047;4.453;8.734;22.0;1.0;48.65;48.16148;11.55729;507.7;NaN;1.7;2.7;94.9;15 / 21;294722;2018-11-09 17:42:32:771
0.086;4.405;9.184;24.0;1.0;48.65;48.16148;11.55729;507.7;NaN;1.7;2.7;94.9;15 / 21;294822;2018-11-09 17:42:32:871
-0.756;4.683;8.868;23.0;1.0;48.63;48.16148;11.55729;507.7;NaN;1.7;2.7;94.9;15 / 21;294922;2018-11-09 17:42:32:971
-0.316;4.673;9.165;38.0;1.0;48.63;48.16148;11.55729;507.7;NaN;1.7;2.7;94.9;15 / 21;295022;2018-11-09 17:42:33:071
0.325;4.223;8.705;23.0;1.0;48.63;48.16148;11.55728;507.9;NaN;0.0;2.8;96.3;15 / 21;295122;2018-11-09 17:42:33:171
0.469;4.395;8.782;12.0;1.0;48.63;48.16148;11.55728;507.9;NaN;0.0;2.8;96.3;15 / 21;295222;2018-11-09 17:42:33:271
-0.21;4.568;8.772;15.0;1.0;46.29;48.16148;11.55728;507.9;NaN;0.0;2.8;96.3;15 / 21;295321;2018-11-09 17:42:33:370
-0.498;4.405;9.069;15.0;1.0;46.29;48.16148;11.55728;507.9;NaN;0.0;2.8;96.3;15 / 21;295421;2018-11-09 17:42:33:470
-0.028;4.376;9.127;18.0;1.0;46.29;48.16148;11.55728;507.9;NaN;0.0;2.8;96.3;15 / 21;295521;2018-11-09 17:42:33:570
0.363;4.175;9.136;33.0;1.0;45.87;48.16148;11.55728;507.9;NaN;0.0;2.8;96.3;15 / 21;295621;2018-11-09 17:42:33:670
0.383;3.993;8.906;18.0;1.0;45.87;48.16148;11.55728;507.9;NaN;0.0;2.8;96.3;15 / 21;295721;2018-11-09 17:42:33:770
0.277;3.993;9.155;24.0;1.0;45.87;48.16148;11.55728;507.9;NaN;0.0;2.8;96.3;15 / 21;295822;2018-11-09 17:42:33:871
0.344;3.964;9.079;20.0;1.0;47.11;48.16148;11.55728;507.9;NaN;0.0;2.8;96.3;15 / 21;295922;2018-11-09 17:42:33:971
0.392;4.089;8.782;29.0;1.0;47.11;48.16148;11.55728;507.9;NaN;0.0;2.8;96.3;15 / 21;296022;2018-11-09 17:42:34:071
0.229;3.984;8.964;19.0;1.0;47.11;48.16147;11.55729;508.1;NaN;0.0;2.7;94.9;15 / 21;296122;2018-11-09 17:42:34:171
0.325;4.031;9.136;31.0;1.0;48.16;48.16147;11.55729;508.1;NaN;0.0;2.7;94.9;15 / 21;296222;2018-11-09 17:42:34:271
0.354;3.84;9.021;21.0;1.0;48.16;48.16147;11.55729;508.1;NaN;0.0;2.7;94.9;15 / 21;296322;2018-11-09 17:42:34:371
0.191;3.964;9.471;33.0;1.0;48.16;48.16147;11.55729;508.1;NaN;0.0;2.7;94.9;15 / 21;296423;2018-11-09 17:42:34:472
0.277;4.031;9.069;24.0;1.0;48.94;48.16147;11.55729;508.1;NaN;0.0;2.7;94.9;15 / 21;296521;2018-11-09 17:42:34:570
0.191;3.945;9.28;19.0;1.0;48.94;48.16147;11.55729;508.1;NaN;0.0;2.7;94.9;15 / 21;296621;2018-11-09 17:42:34:670
0.287;3.945;9.069;29.0;1.0;48.94;48.16147;11.55729;508.1;NaN;0.0;2.7;94.9;15 / 21;296722;2018-11-09 17:42:34:771
0.296;3.878;9.059;31.0;1.0;49.54;48.16147;11.55729;508.1;NaN;0.0;2.7;94.9;15 / 21;296822;2018-11-09 17:42:34:871
0.22;3.917;9.251;18.0;1.0;49.54;48.16147;11.55729;508.1;NaN;0.0;2.7;94.9;15 / 21;296922;2018-11-09 17:42:34:971
0.239;3.802;9.079;32.0;1.0;49.54;48.16147;11.55729;508.1;NaN;0.0;2.7;94.9;15 / 21;297022;2018-11-09 17:42:35:071
0.316;3.85;9.347;22.0;1.0;50.34;48.16147;11.55729;508.3;NaN;0.0;2.7;100.9;15 / 21;297122;2018-11-09 17:42:35:171
0.258;3.936;8.801;20.0;1.0;50.34;48.16147;11.55729;508.3;NaN;0.0;2.7;100.9;15 / 21;297222;2018-11-09 17:42:35:271
0.258;3.859;9.232;16.0;1.0;50.34;48.16147;11.55729;508.3;NaN;0.0;2.7;100.9;15 / 21;297322;2018-11-09 17:42:35:371
0.325;3.782;9.088;26.0;1.0;50.58;48.16147;11.55729;508.3;NaN;0.0;2.7;100.9;15 / 21;297422;2018-11-09 17:42:35:471
0.603;3.735;9.184;13.0;1.0;50.58;48.16147;11.55729;508.3;NaN;0.0;2.7;100.9;15 / 21;297521;2018-11-09 17:42:35:570
0.028;4.041;8.839;15.0;1.0;50.58;48.16147;11.55729;508.3;NaN;0.0;2.7;100.9;15 / 21;297621;2018-11-09 17:42:35:670
-0.143;4.166;9.289;26.0;1.0;52.02;48.16147;11.55729;508.3;NaN;0.0;2.7;100.9;15 / 21;297722;2018-11-09 17:42:35:771
0.028;4.127;9.04;21.0;1.0;52.02;48.16147;11.55729;508.3;NaN;0.0;2.7;100.9;15 / 21;297822;2018-11-09 17:42:35:871
0.363;4.003;9.194;17.0;1.0;52.02;48.16147;11.55729;508.3;NaN;0.0;2.7;100.9;15 / 21;297922;2018-11-09 17:42:35:971
0.105;4.156;9.174;21.0;1.0;52.71;48.16147;11.55729;508.3;NaN;0.0;2.7;100.9;15 / 21;298022;2018-11-09 17:42:36:071
0.249;4.108;8.878;18.0;1.0;52.71;48.16147;11.55729;508.3;NaN;0.0;2.7;100.9;15 / 21;298122;2018-11-09 17:42:36:171
-0.076;4.261;9.155;20.0;1.0;52.71;48.16147;11.55729;508.3;NaN;0.0;2.7;100.9;15 / 21;298222;2018-11-09 17:42:36:271
-0.057;4.252;9.098;18.0;1.0;53.4;48.16147;11.55729;508.3;NaN;0.0;2.7;100.9;15 / 21;298322;2018-11-09 17:42:36:371
-0.612;4.079;9.059;39.0;1.0;53.4;48.16147;11.55729;508.3;NaN;0.0;2.7;100.9;15 / 21;298422;2018-11-09 17:42:36:471
-0.45;4.577;9.031;9.0;1.0;53.4;48.16147;11.55729;508.3;NaN;0.0;2.7;100.9;15 / 21;298522;2018-11-09 17:42:36:571
0.067;4.319;8.973;28.0;1.0;51.55;48.16147;11.55729;508.3;NaN;0.0;2.7;100.9;15 / 21;298621;2018-11-09 17:42:36:670
-0.45;4.041;9.155;30.0;1.0;51.55;48.16147;11.55729;508.3;NaN;0.0;2.7;100.9;15 / 21;298721;2018-11-09 17:42:36:770
-0.22;4.156;9.452;41.0;1.0;51.55;48.16147;11.55729;508.3;NaN;0.0;2.7;100.9;15 / 21;298821;2018-11-09 17:42:36:870
-0.057;4.175;9.021;38.0;1.0;49.59;48.16147;11.55729;508.3;NaN;0.0;2.7;100.9;15 / 21;298921;2018-11-09 17:42:36:970
-0.699;3.964;8.686;29.0;1.0;49.59;48.16147;11.55729;508.3;NaN;0.0;2.7;100.9;15 / 21;299022;2018-11-09 17:42:37:071
-1.398;5.142;8.111;30.0;1.0;49.59;48.16147;11.55729;508.3;NaN;0.0;2.7;100.9;15 / 21;299122;2018-11-09 17:42:37:171
-2.394;5.401;8.226;8.0;1.0;49.95;48.16147;11.55729;508.3;NaN;0.0;2.7;100.9;15 / 21;299222;2018-11-09 17:42:37:271
-3.955;4.692;7.039;22.0;1.0;49.95;48.16147;11.55729;508.3;NaN;0.0;2.7;100.9;15 / 21;299322;2018-11-09 17:42:37:371
-2.777;5.353;9.069;43.0;1.0;49.95;48.16147;11.55729;508.3;NaN;0.0;2.7;100.9;15 / 21;299422;2018-11-09 17:42:37:471
-2.059;5.209;7.757;29.0;1.0;48.5;48.16147;11.55729;508.3;NaN;0.0;2.7;100.9;15 / 21;299522;2018-11-09 17:42:37:571
-2.288;5.717;8.063;49.0;1.0;48.5;48.16147;11.55729;508.3;NaN;0.0;2.7;100.9;15 / 21;299622;2018-11-09 17:42:37:671
-2.767;5.391;7.604;33.0;1.0;48.5;48.16147;11.55729;508.3;NaN;0.0;2.7;100.9;15 / 21;299722;2018-11-09 17:42:37:771
-3.122;4.664;8.715;36.0;1.0;48.77;48.16147;11.55729;508.3;NaN;0.0;2.7;100.9;15 / 21;299822;2018-11-09 17:42:37:871
-2.25;5.66;8.37;14.0;1.0;48.77;48.16147;11.55729;508.3;NaN;0.0;2.7;100.9;15 / 21;299922;2018-11-09 17:42:37:971
-2.48;5.171;7.412;9.0;1.0;48.77;48.16147;11.55729;508.3;NaN;0.0;2.7;100.9;15 / 21;300022;2018-11-09 17:42:38:071
-2.02;5.114;8.418;21.0;1.0;49.33;48.16147;11.55729;508.3;NaN;0.0;2.7;100.9;15 / 21;300122;2018-11-09 17:42:38:171
-1.149;5.497;8.217;23.0;1.0;49.33;48.16147;11.55729;508.3;NaN;0.0;2.7;100.9;15 / 21;300222;2018-11-09 17:42:38:271
-0.708;4.922;8.763;17.0;1.0;49.33;48.16147;11.55729;508.3;NaN;0.0;2.7;100.9;15 / 21;300322;2018-11-09 17:42:38:371
-1.714;5.037;7.364;23.0;1.0;50.47;48.16147;11.55729;508.3;NaN;0.0;2.7;100.9;15 / 21;300422;2018-11-09 17:42:38:471
-2.059;4.75;7.144;20.0;1.0;50.47;48.16147;11.55729;508.3;NaN;0.0;2.7;100.9;15 / 21;300522;2018-11-09 17:42:38:571
-1.091;5.353;7.996;13.0;1.0;50.47;48.16147;11.55729;508.3;NaN;0.0;2.7;100.9;15 / 21;300622;2018-11-09 17:42:38:671
-0.756;4.654;8.657;9.0;1.0;52.14;48.16147;11.55729;508.3;NaN;0.0;2.7;100.9;15 / 21;300722;2018-11-09 17:42:38:771
-0.277;4.415;8.878;16.0;1.0;52.14;48.16147;11.55729;508.3;NaN;0.0;2.7;100.9;15 / 21;300821;2018-11-09 17:42:38:870
-0.21;4.692;9.088;17.0;1.0;52.14;48.16147;11.55729;508.3;NaN;0.0;2.7;100.9;15 / 21;300921;2018-11-09 17:42:38:970
0.191;4.692;9.28;24.0;1.0;53.86;48.16147;11.55729;508.3;NaN;0.0;2.7;100.9;15 / 21;301022;2018-11-09 17:42:39:071
0.067;4.711;8.312;40.0;1.0;53.86;48.16147;11.55729;508.3;NaN;0.0;2.7;100.9;15 / 21;301122;2018-11-09 17:42:39:171
-0.469;4.989;8.427;21.0;1.0;53.86;48.16147;11.55729;508.3;NaN;0.0;2.7;100.9;15 / 21;301222;2018-11-09 17:42:39:271
-1.082;4.788;9.213;16.0;1.0;54.19;48.16147;11.55729;508.3;NaN;0.0;2.7;100.9;15 / 21;301321;2018-11-09 17:42:39:370
0.296;4.175;9.49;25.0;1.0;54.19;48.16147;11.55729;508.3;NaN;0.0;2.7;100.9;15 / 21;301421;2018-11-09 17:42:39:470
0.612;3.294;8.849;21.0;1.0;54.19;48.16147;11.55729;508.3;NaN;0.0;2.7;100.9;15 / 21;301522;2018-11-09 17:42:39:571
-0.306;3.85;9.328;0.0;1.0;55.4;48.16147;11.55729;508.3;NaN;0.0;2.7;100.9;15 / 21;301622;2018-11-09 17:42:39:671
-0.804;4.261;8.849;20.0;1.0;55.4;48.16147;11.55729;508.3;NaN;0.0;2.7;100.9;15 / 21;301721;2018-11-09 17:42:39:770
-1.484;3.591;8.705;27.0;1.0;55.4;48.16147;11.55729;508.3;NaN;0.0;2.7;100.9;15 / 21;301821;2018-11-09 17:42:39:870
-1.781;4.194;8.791;15.0;1.0;56.42;48.16147;11.55729;508.3;NaN;0.0;2.7;100.9;15 / 21;301921;2018-11-09 17:42:39:970
-1.666;4.051;9.739;23.0;1.0;56.42;48.16147;11.55729;508.3;NaN;0.0;2.7;100.9;15 / 21;302022;2018-11-09 17:42:40:071
-2.116;5.142;8.705;30.0;1.0;56.42;48.16147;11.55729;508.3;NaN;0.0;2.7;100.9;15 / 21;302122;2018-11-09 17:42:40:171
-1.321;4.051;10.563;13.0;1.0;50.87;48.16147;11.55729;508.3;NaN;0.0;2.7;100.9;15 / 21;302222;2018-11-09 17:42:40:271
-0.402;3.332;7.565;11.0;1.0;50.87;48.16147;11.55729;508.3;NaN;0.0;2.7;100.9;15 / 21;302321;2018-11-09 17:42:40:370
-1.063;3.85;10.017;17.0;1.0;50.87;48.16147;11.55729;508.3;NaN;0.0;2.7;100.9;15 / 21;302422;2018-11-09 17:42:40:471
0.105;4.482;8.408;12.0;1.0;49.0;48.16147;11.55729;508.3;NaN;0.0;2.7;100.9;15 / 21;302522;2018-11-09 17:42:40:571
-0.086;4.089;8.791;25.0;1.0;49.0;48.16147;11.55729;508.3;NaN;0.0;2.7;100.9;15 / 21;302621;2018-11-09 17:42:40:670
-0.201;4.539;7.613;21.0;1.0;49.0;48.16147;11.55729;508.3;NaN;0.0;2.7;100.9;15 / 21;302721;2018-11-09 17:42:40:770
-1.532;3.869;10.688;23.0;1.0;49.88;48.16147;11.55729;508.3;NaN;0.0;2.7;100.9;15 / 21;302822;2018-11-09 17:42:40:871
-1.063;4.731;9.807;10.0;1.0;49.88;48.16147;11.55729;508.3;NaN;0.0;2.7;100.9;15 / 21;302922;2018-11-09 17:42:40:971
-1.436;4.462;10.113;19.0;1.0;49.88;48.16147;11.55729;508.3;NaN;0.0;2.7;100.9;15 / 21;303022;2018-11-09 17:42:41:071
-0.287;3.591;11.052;24.0;1.0;49.56;48.16147;11.55729;508.3;NaN;0.0;2.7;100.9;15 / 21;303122;2018-11-09 17:42:41:171
-0.249;2.518;7.901;18.0;1.0;49.56;48.16147;11.55729;508.3;NaN;0.0;2.7;100.9;15 / 21;303221;2018-11-09 17:42:41:270
-0.545;2.25;8.858;12.0;1.0;49.56;48.16147;11.55729;508.3;NaN;0.0;2.7;100.9;15 / 21;303322;2018-11-09 17:42:41:371
-0.976;3.447;9.567;14.0;1.0;50.42;48.16147;11.55729;508.3;NaN;0.0;2.7;100.9;15 / 21;303422;2018-11-09 17:42:41:471
-0.852;3.696;8.724;27.0;1.0;50.42;48.16147;11.55729;508.3;NaN;0.0;2.7;100.9;15 / 21;303522;2018-11-09 17:42:41:571
-2.059;3.17;9.241;24.0;1.0;50.42;48.16147;11.55729;508.3;NaN;0.0;2.7;100.9;15 / 21;303621;2018-11-09 17:42:41:670
-1.695;3.495;10.036;36.0;1.0;50.54;48.16147;11.55729;508.3;NaN;0.0;2.7;100.9;15 / 21;303722;2018-11-09 17:42:41:771
-1.206;3.907;9.462;24.0;1.0;50.54;48.16147;11.55729;508.3;NaN;0.0;2.7;100.9;15 / 21;303822;2018-11-09 17:42:41:871
-1.685;3.15;8.906;17.0;1.0;50.54;48.16147;11.55729;508.3;NaN;0.0;2.7;100.9;15 / 21;303922;2018-11-09 17:42:41:971
-1.005;3.189;8.13;20.0;1.0;52.39;48.16147;11.55729;508.3;NaN;0.0;2.7;100.9;15 / 21;304022;2018-11-09 17:42:42:071
-1.091;3.725;9.519;10.0;1.0;52.39;48.16149;11.5573;508.9;NaN;2.7;2.7;339.2;15 / 21;304123;2018-11-09 17:42:42:172
-0.986;3.773;9.96;16.0;1.0;52.39;48.16149;11.5573;508.9;NaN;2.7;2.7;339.2;15 / 21;304222;2018-11-09 17:42:42:271
-0.967;3.936;9.395;25.0;1.0;52.69;48.16149;11.5573;508.9;NaN;2.7;2.7;339.2;15 / 21;304322;2018-11-09 17:42:42:371
-1.197;3.811;9.596;22.0;1.0;52.69;48.16149;11.5573;508.9;NaN;2.7;2.7;339.2;15 / 21;304421;2018-11-09 17:42:42:470
-1.704;3.313;8.887;12.0;1.0;52.69;48.16149;11.5573;508.9;NaN;2.7;2.7;339.2;15 / 21;304522;2018-11-09 17:42:42:571
-1.321;3.466;8.906;32.0;1.0;52.69;48.16149;11.5573;508.9;NaN;2.7;2.7;339.2;15 / 21;304622;2018-11-09 17:42:42:671
-1.11;3.399;10.18;27.0;1.0;53.78;48.16149;11.5573;508.9;NaN;2.7;2.7;339.2;15 / 21;304722;2018-11-09 17:42:42:771
-0.478;3.744;8.83;26.0;1.0;53.78;48.16149;11.5573;508.9;NaN;2.7;2.7;339.2;15 / 21;304821;2018-11-09 17:42:42:870
-1.197;3.677;10.132;26.0;1.0;53.78;48.16149;11.5573;508.9;NaN;2.7;2.7;339.2;15 / 21;304921;2018-11-09 17:42:42:970
-1.091;3.275;9.27;23.0;1.0;53.45;48.16149;11.5573;508.9;NaN;2.7;2.7;339.2;15 / 21;305021;2018-11-09 17:42:43:070
-1.12;3.237;9.203;35.0;1.0;53.45;48.16149;11.55729;507.5;NaN;2.2;2.7;347.0;15 / 21;305121;2018-11-09 17:42:43:170
-1.091;3.352;9.452;20.0;1.0;53.45;48.16149;11.55729;507.5;NaN;2.2;2.7;347.0;15 / 21;305221;2018-11-09 17:42:43:270
-0.89;3.648;9.471;25.0;1.0;53.36;48.16149;11.55729;507.5;NaN;2.2;2.7;347.0;15 / 21;305321;2018-11-09 17:42:43:370
-1.005;3.39;9.519;23.0;1.0;53.36;48.16149;11.55729;507.5;NaN;2.2;2.7;347.0;15 / 21;305422;2018-11-09 17:42:43:471
-1.005;3.533;9.462;31.0;1.0;53.36;48.16149;11.55729;507.5;NaN;2.2;2.7;347.0;15 / 21;305522;2018-11-09 17:42:43:571
-0.938;3.629;9.548;35.0;1.0;55.85;48.16149;11.55729;507.5;NaN;2.2;2.7;347.0;15 / 21;305622;2018-11-09 17:42:43:671
-0.785;3.725;9.356;25.0;1.0;55.85;48.16149;11.55729;507.5;NaN;2.2;2.7;347.0;15 / 21;305722;2018-11-09 17:42:43:771
-0.861;3.725;9.251;12.0;1.0;55.85;48.16149;11.55729;507.5;NaN;2.2;2.7;347.0;15 / 21;305821;2018-11-09 17:42:43:870
-0.861;3.782;9.605;11.0;1.0;53.6;48.16149;11.55729;507.5;NaN;2.2;2.7;347.0;15 / 21;305922;2018-11-09 17:42:43:971
-0.766;3.677;9.337;24.0;1.0;53.6;48.16149;11.55729;507.5;NaN;2.2;2.7;347.0;15 / 21;306022;2018-11-09 17:42:44:071
-0.747;3.639;9.682;30.0;1.0;53.6;48.1615;11.55729;506.4;NaN;0.0;2.7;39.2;15 / 21;306123;2018-11-09 17:42:44:172
-0.574;3.744;9.308;32.0;1.0;54.42;48.1615;11.55729;506.4;NaN;0.0;2.7;39.2;15 / 21;306222;2018-11-09 17:42:44:271
-0.507;3.648;9.548;28.0;1.0;54.42;48.1615;11.55729;506.4;NaN;0.0;2.7;39.2;15 / 21;306322;2018-11-09 17:42:44:371
-0.459;3.706;9.366;25.0;1.0;54.42;48.1615;11.55729;506.4;NaN;0.0;2.7;39.2;15 / 21;306422;2018-11-09 17:42:44:471
-0.373;3.629;9.433;23.0;1.0;53.26;48.1615;11.55729;506.4;NaN;0.0;2.7;39.2;15 / 21;306522;2018-11-09 17:42:44:571
-0.095;3.725;8.763;13.0;1.0;53.26;48.1615;11.55729;506.4;NaN;0.0;2.7;39.2;15 / 21;306622;2018-11-09 17:42:44:671
-0.354;4.022;8.839;25.0;1.0;53.26;48.1615;11.55729;506.4;NaN;0.0;2.7;39.2;15 / 21;306723;2018-11-09 17:42:44:772
-0.737;3.907;10.103;24.0;1.0;52.57;48.1615;11.55729;506.4;NaN;0.0;2.7;39.2;15 / 21;306821;2018-11-09 17:42:44:870
-0.632;2.758;8.686;32.0;1.0;52.57;48.1615;11.55729;506.4;NaN;0.0;2.7;39.2;15 / 21;306922;2018-11-09 17:42:44:971
-0.239;3.246;10.668;36.0;1.0;52.57;48.1615;11.55729;506.4;NaN;0.0;2.7;39.2;15 / 21;307022;2018-11-09 17:42:45:071
1.608;4.022;10.295;22.0;1.0;52.41;48.16149;11.55729;506.4;NaN;0.0;2.7;121.7;15 / 21;307121;2018-11-09 17:42:45:170
1.302;3.256;7.154;37.0;1.0;52.41;48.16149;11.55729;506.4;NaN;0.0;2.7;121.7;15 / 21;307221;2018-11-09 17:42:45:270
-0.689;3.821;10.065;22.0;1.0;52.41;48.16149;11.55729;506.4;NaN;0.0;2.7;121.7;15 / 21;307322;2018-11-09 17:42:45:371
-1.503;3.83;10.496;26.0;1.0;51.78;48.16149;11.55729;506.4;NaN;0.0;2.7;121.7;15 / 21;307422;2018-11-09 17:42:45:471
-2.001;4.692;7.767;12.0;1.0;51.78;48.16149;11.55729;506.4;NaN;0.0;2.7;121.7;15 / 21;307522;2018-11-09 17:42:45:571
-1.34;4.3;10.841;26.0;1.0;51.78;48.16149;11.55729;506.4;NaN;0.0;2.7;121.7;15 / 21;307622;2018-11-09 17:42:45:671
-0.603;4.577;8.332;27.0;1.0;52.69;48.16149;11.55729;506.4;NaN;0.0;2.7;121.7;15 / 21;307722;2018-11-09 17:42:45:771
0.009;4.261;9.95;14.0;1.0;52.69;48.16149;11.55729;506.4;NaN;0.0;2.7;121.7;15 / 21;307822;2018-11-09 17:42:45:871
0.153;5.008;9.701;39.0;1.0;52.69;48.16149;11.55729;506.4;NaN;0.0;2.7;121.7;15 / 21;307922;2018-11-09 17:42:45:971
-0.124;4.778;9.816;35.0;1.0;52.76;48.16149;11.55729;506.4;NaN;0.0;2.7;121.7;15 / 21;308024;2018-11-09 17:42:46:073
-1.043;4.099;8.657;19.0;1.0;52.76;48.16149;11.55729;506.1;NaN;0.0;2.7;181.7;15 / 21;308122;2018-11-09 17:42:46:171
-0.373;3.85;8.054;41.0;1.0;52.76;48.16149;11.55729;506.1;NaN;0.0;2.7;181.7;15 / 21;308222;2018-11-09 17:42:46:271
-0.134;4.501;8.964;44.0;1.0;53.13;48.16149;11.55729;506.1;NaN;0.0;2.7;181.7;15 / 21;308322;2018-11-09 17:42:46:371
-0.517;3.859;8.629;34.0;1.0;53.13;48.16149;11.55729;506.1;NaN;0.0;2.7;181.7;15 / 21;308422;2018-11-09 17:42:46:471
0.277;4.692;8.59;35.0;1.0;53.13;48.16149;11.55729;506.1;NaN;0.0;2.7;181.7;15 / 21;308522;2018-11-09 17:42:46:571
-0.392;3.974;9.194;37.0;1.0;52.32;48.16149;11.55729;506.1;NaN;0.0;2.7;181.7;15 / 21;308622;2018-11-09 17:42:46:671
0.632;3.342;9.49;37.0;1.0;52.32;48.16149;11.55729;506.1;NaN;0.0;2.7;181.7;15 / 21;308722;2018-11-09 17:42:46:771
1.522;4.424;8.533;19.0;1.0;52.32;48.16149;11.55729;506.1;NaN;0.0;2.7;181.7;15 / 21;308822;2018-11-09 17:42:46:871
1.398;5.047;8.255;35.0;1.0;52.63;48.16149;11.55729;506.1;NaN;0.0;2.7;181.7;15 / 21;308922;2018-11-09 17:42:46:971
1.57;6.474;7.891;26.0;1.0;52.63;48.16149;11.55729;506.1;NaN;0.0;2.7;181.7;15 / 21;309022;2018-11-09 17:42:47:071
0.498;4.846;7.91;5.0;1.0;52.63;48.16149;11.55729;506.1;NaN;0.0;2.7;181.7;15 / 21;309121;2018-11-09 17:42:47:170
0.478;4.022;8.035;11.0;1.0;51.54;48.16149;11.55729;506.1;NaN;0.0;2.7;181.7;15 / 21;309222;2018-11-09 17:42:47:271
0.201;4.386;9.462;29.0;1.0;51.54;48.16149;11.55729;506.1;NaN;0.0;2.7;181.7;15 / 21;309322;2018-11-09 17:42:47:371
0.258;4.874;8.878;27.0;1.0;51.54;48.16149;11.55729;506.1;NaN;0.0;2.7;181.7;15 / 21;309422;2018-11-09 17:42:47:471
0.047;4.817;9.471;35.0;1.0;51.69;48.16149;11.55729;506.1;NaN;0.0;2.7;181.7;15 / 21;309522;2018-11-09 17:42:47:571
0.43;4.3;8.322;33.0;1.0;51.69;48.16149;11.55729;506.1;NaN;0.0;2.7;181.7;15 / 21;309623;2018-11-09 17:42:47:672
0.009;4.683;8.13;37.0;1.0;51.69;48.16149;11.55729;506.1;NaN;0.0;2.7;181.7;15 / 21;309722;2018-11-09 17:42:47:771
0.737;4.932;9.069;19.0;1.0;51.78;48.16149;11.55729;506.1;NaN;0.0;2.7;181.7;15 / 21;309821;2018-11-09 17:42:47:870
-0.766;5.956;7.795;27.0;1.0;51.78;48.16149;11.55729;506.1;NaN;0.0;2.7;181.7;15 / 21;309921;2018-11-09 17:42:47:970
-0.498;5.861;8.782;20.0;1.0;51.78;48.16149;11.55729;506.1;NaN;0.0;2.7;181.7;15 / 21;310022;2018-11-09 17:42:48:071
-0.976;5.047;7.307;9.0;1.0;51.78;48.16149;11.55729;506.1;NaN;0.0;2.7;181.7;15 / 21;310122;2018-11-09 17:42:48:171
-0.478;5.171;8.581;22.0;1.0;50.14;48.16149;11.55729;506.1;NaN;0.0;2.7;181.7;15 / 21;310222;2018-11-09 17:42:48:271
-0.249;6.205;8.37;4.0;1.0;50.14;48.16149;11.55729;506.1;NaN;0.0;2.7;181.7;15 / 21;310322;2018-11-09 17:42:48:371
0.287;5.114;8.245;20.0;1.0;50.14;48.16149;11.55729;506.1;NaN;0.0;2.7;181.7;15 / 21;310422;2018-11-09 17:42:48:471
-0.517;5.391;7.374;21.0;1.0;48.82;48.16149;11.55729;506.1;NaN;0.0;2.7;181.7;15 / 21;310521;2018-11-09 17:42:48:570
-0.526;5.602;8.514;20.0;1.0;48.82;48.16149;11.55729;506.1;NaN;0.0;2.7;181.7;15 / 21;310621;2018-11-09 17:42:48:670
-0.737;5.966;8.581;20.0;1.0;48.82;48.16149;11.55729;506.1;NaN;0.0;2.7;181.7;15 / 21;310724;2018-11-09 17:42:48:773
0.593;5.056;8.83;7.0;1.0;48.1;48.16149;11.55729;506.1;NaN;0.0;2.7;181.7;15 / 21;310822;2018-11-09 17:42:48:871
0.488;5.133;6.608;27.0;1.0;48.1;48.16149;11.55729;506.1;NaN;0.0;2.7;181.7;15 / 21;310922;2018-11-09 17:42:48:971
-0.842;5.918;8.312;16.0;1.0;48.1;48.16149;11.55729;506.1;NaN;0.0;2.7;181.7;15 / 21;311022;2018-11-09 17:42:49:071
-0.689;5.353;8.236;15.0;1.0;49.43;48.16149;11.55729;506.1;NaN;0.0;2.7;181.7;15 / 21;311122;2018-11-09 17:42:49:171
-0.708;4.664;8.657;22.0;1.0;49.43;48.16149;11.55729;506.1;NaN;0.0;2.7;181.7;15 / 21;311221;2018-11-09 17:42:49:270
-0.325;4.702;9.701;13.0;1.0;49.43;48.16149;11.55729;506.1;NaN;0.0;2.7;181.7;15 / 21;311321;2018-11-09 17:42:49:370
0.086;5.181;8.341;27.0;1.0;49.71;48.16149;11.55729;506.1;NaN;0.0;2.7;181.7;15 / 21;311421;2018-11-09 17:42:49:470
-0.498;4.606;10.295;17.0;1.0;49.71;48.16149;11.55729;506.1;NaN;0.0;2.7;181.7;15 / 21;311522;2018-11-09 17:42:49:571
-0.191;5.075;6.866;19.0;1.0;49.71;48.16149;11.55729;506.1;NaN;0.0;2.7;181.7;15 / 21;311622;2018-11-09 17:42:49:671
-0.488;4.434;8.447;22.0;1.0;48.43;48.16149;11.55729;506.1;NaN;0.0;2.7;181.7;15 / 21;311721;2018-11-09 17:42:49:770
0.0;3.888;9.902;29.0;1.0;48.43;48.16149;11.55729;506.1;NaN;0.0;2.7;181.7;15 / 21;311821;2018-11-09 17:42:49:870
0.191;3.869;10.419;12.0;1.0;48.43;48.16149;11.55729;506.1;NaN;0.0;2.7;181.7;15 / 21;311921;2018-11-09 17:42:49:970
-0.191;4.051;9.069;15.0;1.0;48.91;48.16149;11.55729;506.1;NaN;0.0;2.7;181.7;15 / 21;312021;2018-11-09 17:42:50:070
-0.335;3.917;9.462;21.0;1.0;48.91;48.16149;11.55729;506.1;NaN;0.0;2.7;181.7;15 / 21;312122;2018-11-09 17:42:50:171
-0.335;3.811;9.672;14.0;1.0;48.91;48.16149;11.55729;506.1;NaN;0.0;2.7;181.7;15 / 21;312222;2018-11-09 17:42:50:271
-0.277;3.562;9.529;9.0;1.0;48.1;48.16149;11.55729;506.1;NaN;0.0;2.7;181.7;15 / 21;312322;2018-11-09 17:42:50:371
-0.612;3.476;9.098;15.0;1.0;48.1;48.16149;11.55729;506.1;NaN;0.0;2.7;181.7;15 / 21;312421;2018-11-09 17:42:50:470
-0.392;3.457;9.826;27.0;1.0;48.1;48.16149;11.55729;506.1;NaN;0.0;2.7;181.7;15 / 21;312521;2018-11-09 17:42:50:570
-0.162;3.246;10.314;23.0;1.0;48.16;48.16149;11.55729;506.1;NaN;0.0;2.7;181.7;15 / 21;312621;2018-11-09 17:42:50:670
-0.478;3.466;9.567;16.0;1.0;48.16;48.16149;11.55729;506.1;NaN;0.0;2.7;181.7;15 / 21;312722;2018-11-09 17:42:50:771
-0.459;3.735;9.433;19.0;1.0;48.16;48.16149;11.55729;506.1;NaN;0.0;2.7;181.7;15 / 21;312822;2018-11-09 17:42:50:871
-0.421;3.907;9.921;16.0;1.0;49.15;48.16149;11.55729;506.1;NaN;0.0;2.7;181.7;15 / 21;312922;2018-11-09 17:42:50:971
-0.402;4.003;8.858;31.0;1.0;49.15;48.16149;11.55729;506.1;NaN;0.0;2.7;181.7;15 / 21;313021;2018-11-09 17:42:51:070
-0.296;3.993;9.27;23.0;1.0;49.15;48.16149;11.55729;506.1;NaN;0.0;2.7;181.7;15 / 21;313121;2018-11-09 17:42:51:170
-0.105;3.917;9.194;8.0;1.0;49.88;48.16149;11.55729;506.1;NaN;0.0;2.7;181.7;15 / 21;313222;2018-11-09 17:42:51:271
-0.363;4.242;8.724;22.0;1.0;49.88;48.16149;11.55729;506.1;NaN;0.0;2.7;181.7;15 / 21;313322;2018-11-09 17:42:51:371
0.268;3.601;9.222;39.0;1.0;49.88;48.16149;11.55729;506.1;NaN;0.0;2.7;181.7;15 / 21;313422;2018-11-09 17:42:51:471
-0.229;4.07;8.533;28.0;1.0;48.67;48.16149;11.55729;506.1;NaN;0.0;2.7;181.7;15 / 21;313522;2018-11-09 17:42:51:571
-0.507;4.146;8.638;12.0;1.0;48.67;48.16149;11.55729;506.1;NaN;0.0;2.7;181.7;15 / 21;313621;2018-11-09 17:42:51:670
-0.517;4.328;9.174;19.0;1.0;48.67;48.16149;11.55729;506.1;NaN;0.0;2.7;181.7;15 / 21;313721;2018-11-09 17:42:51:770
-0.421;4.204;9.356;29.0;1.0;51.21;48.16149;11.55729;506.1;NaN;0.0;2.7;181.7;15 / 21;313822;2018-11-09 17:42:51:871
-0.775;4.099;9.5;14.0;1.0;51.21;48.16149;11.55729;506.1;NaN;0.0;2.7;181.7;15 / 21;313922;2018-11-09 17:42:51:971
-0.545;3.811;9.04;24.0;1.0;51.21;48.16149;11.55729;506.1;NaN;0.0;2.7;181.7;15 / 21;314022;2018-11-09 17:42:52:071
-0.411;4.127;9.184;17.0;1.0;49.6;48.16149;11.55729;506.1;NaN;0.0;2.7;181.7;15 / 21;314122;2018-11-09 17:42:52:171
-0.296;4.079;9.337;24.0;1.0;49.6;48.16149;11.55729;506.1;NaN;0.0;2.7;181.7;15 / 21;314222;2018-11-09 17:42:52:271
-0.22;4.022;9.117;31.0;1.0;49.6;48.16149;11.55729;506.1;NaN;0.0;2.7;181.7;15 / 21;314321;2018-11-09 17:42:52:370
-0.201;3.945;9.28;0.0;1.0;53.34;48.16149;11.55729;506.1;NaN;0.0;2.7;181.7;15 / 21;314422;2018-11-09 17:42:52:471
-0.191;4.079;9.184;19.0;1.0;53.34;48.16149;11.55729;506.1;NaN;0.0;2.7;181.7;15 / 21;314522;2018-11-09 17:42:52:571
0.181;4.137;8.437;17.0;1.0;53.34;48.16149;11.55729;506.1;NaN;0.0;2.7;181.7;15 / 21;314622;2018-11-09 17:42:52:671
-0.143;3.917;9.596;26.0;1.0;46.07;48.16149;11.55729;506.1;NaN;0.0;2.7;181.7;15 / 21;314722;2018-11-09 17:42:52:771
-0.143;3.945;9.433;15.0;1.0;46.07;48.16149;11.55729;506.1;NaN;0.0;2.7;181.7;15 / 21;314821;2018-11-09 17:42:52:870
0.363;3.773;9.433;21.0;1.0;46.07;48.16149;11.55729;506.1;NaN;0.0;2.7;181.7;15 / 21;314921;2018-11-09 17:42:52:970
0.076;3.859;8.284;20.0;1.0;49.04;48.16149;11.55729;506.1;NaN;0.0;2.7;181.7;15 / 21;315021;2018-11-09 17:42:53:070
-0.689;4.846;7.527;31.0;1.0;49.04;48.16149;11.55729;506.1;NaN;0.0;2.7;181.7;15 / 21;315122;2018-11-09 17:42:53:171
-0.392;3.811;10.276;17.0;1.0;49.04;48.16149;11.55729;506.1;NaN;0.0;2.7;181.7;15 / 21;315222;2018-11-09 17:42:53:271
-0.392;4.118;9.883;22.0;1.0;50.2;48.16149;11.55729;506.1;NaN;0.0;2.7;181.7;15 / 21;315322;2018-11-09 17:42:53:371
-0.316;4.099;9.443;10.0;1.0;50.2;48.16149;11.55729;506.1;NaN;0.0;2.7;181.7;15 / 21;315422;2018-11-09 17:42:53:471
-0.114;4.012;9.366;6.0;1.0;50.2;48.16149;11.55729;506.1;NaN;0.0;2.7;181.7;15 / 21;315522;2018-11-09 17:42:53:571
-0.498;4.539;10.142;29.0;1.0;50.91;48.16149;11.55729;506.1;NaN;0.0;2.7;181.7;15 / 21;315622;2018-11-09 17:42:53:671
-0.344;4.29;8.858;23.0;1.0;50.91;48.16149;11.55729;506.1;NaN;0.0;2.7;181.7;15 / 21;315722;2018-11-09 17:42:53:771
-0.363;4.357;8.878;25.0;1.0;50.91;48.16149;11.55729;506.1;NaN;0.0;2.7;181.7;15 / 21;315822;2018-11-09 17:42:53:871
-0.565;4.395;9.404;25.0;1.0;48.66;48.16149;11.55729;506.1;NaN;0.0;2.7;181.7;15 / 21;315922;2018-11-09 17:42:53:971
-0.373;4.453;9.174;15.0;1.0;48.66;48.16149;11.55729;506.1;NaN;0.0;2.7;181.7;15 / 21;316022;2018-11-09 17:42:54:071
-0.191;4.549;8.561;14.0;1.0;48.66;48.16151;11.55729;506.7;NaN;0.0;2.9;299.1;15 / 21;316122;2018-11-09 17:42:54:171
-0.679;4.635;8.514;21.0;1.0;45.43;48.16151;11.55729;506.7;NaN;0.0;2.9;299.1;14 / 21;316222;2018-11-09 17:42:54:271
-0.249;4.951;9.232;21.0;1.0;45.43;48.16151;11.55729;506.7;NaN;0.0;2.9;299.1;14 / 21;316322;2018-11-09 17:42:54:371
-1.091;4.587;8.399;31.0;1.0;45.43;48.16151;11.55729;506.7;NaN;0.0;2.9;299.1;14 / 21;316422;2018-11-09 17:42:54:471
-0.316;4.252;9.414;26.0;1.0;50.69;48.16151;11.55729;506.7;NaN;0.0;2.9;299.1;14 / 21;316522;2018-11-09 17:42:54:571
-0.565;4.443;9.557;13.0;1.0;50.69;48.16151;11.55729;506.7;NaN;0.0;2.9;299.1;14 / 21;316622;2018-11-09 17:42:54:671
-0.22;4.146;9.385;26.0;1.0;50.69;48.16151;11.55729;506.7;NaN;0.0;2.9;299.1;14 / 21;316721;2018-11-09 17:42:54:770
-0.268;4.319;9.107;25.0;1.0;51.31;48.16151;11.55729;506.7;NaN;0.0;2.9;299.1;14 / 21;316822;2018-11-09 17:42:54:871
-0.392;4.367;9.04;24.0;1.0;51.31;48.16151;11.55729;506.7;NaN;0.0;2.9;299.1;14 / 21;316922;2018-11-09 17:42:54:971
-0.105;4.166;7.92;10.0;1.0;51.31;48.16151;11.55729;506.7;NaN;0.0;2.9;299.1;14 / 21;317022;2018-11-09 17:42:55:071
-0.172;4.137;9.05;12.0;1.0;44.5;48.16151;11.5573;506.9;NaN;0.0;3.0;299.1;14 / 21;317121;2018-11-09 17:42:55:170
-0.268;4.012;8.858;19.0;1.0;44.5;48.16151;11.5573;506.9;NaN;0.0;3.0;299.1;14 / 21;317221;2018-11-09 17:42:55:270
0.249;4.424;7.853;34.0;1.0;44.5;48.16151;11.5573;506.9;NaN;0.0;3.0;299.1;14 / 21;317321;2018-11-09 17:42:55:370
-0.296;3.888;9.136;28.0;1.0;47.85;48.16151;11.5573;506.9;NaN;0.0;3.0;299.1;14 / 21;317421;2018-11-09 17:42:55:470
-0.009;3.897;8.341;20.0;1.0;47.85;48.16151;11.5573;506.9;NaN;0.0;3.0;299.1;14 / 21;317521;2018-11-09 17:42:55:570
0.679;3.782;10.324;35.0;1.0;47.85;48.16151;11.5573;506.9;NaN;0.0;3.0;299.1;14 / 21;317621;2018-11-09 17:42:55:670
-0.603;4.367;10.889;21.0;1.0;48.89;48.16151;11.5573;506.9;NaN;0.0;3.0;299.1;14 / 21;317721;2018-11-09 17:42:55:770
-0.019;3.83;9.251;24.0;1.0;48.89;48.16151;11.5573;506.9;NaN;0.0;3.0;299.1;14 / 21;317821;2018-11-09 17:42:55:870
-0.325;4.204;9.059;16.0;1.0;48.89;48.16151;11.5573;506.9;NaN;0.0;3.0;299.1;14 / 21;317921;2018-11-09 17:42:55:970
0.124;4.3;9.433;25.0;1.0;53.31;48.16151;11.5573;506.9;NaN;0.0;3.0;299.1;14 / 21;318021;2018-11-09 17:42:56:070
-0.22;4.52;9.49;27.0;1.0;53.31;48.16151;11.5573;507.1;NaN;0.0;3.1;299.1;14 / 21;318122;2018-11-09 17:42:56:171
-0.086;4.338;8.743;23.0;1.0;53.31;48.16151;11.5573;507.1;NaN;0.0;3.1;299.1;14 / 21;318222;2018-11-09 17:42:56:271
-0.622;4.673;8.897;19.0;1.0;48.82;48.16151;11.5573;507.1;NaN;0.0;3.1;299.1;14 / 21;318322;2018-11-09 17:42:56:371
-0.44;4.549;10.515;31.0;1.0;48.82;48.16151;11.5573;507.1;NaN;0.0;3.1;299.1;14 / 21;318422;2018-11-09 17:42:56:471
-0.316;4.328;9.04;24.0;1.0;48.82;48.16151;11.5573;507.1;NaN;0.0;3.1;299.1;14 / 21;318522;2018-11-09 17:42:56:571
-0.287;4.443;9.165;8.0;1.0;44.55;48.16151;11.5573;507.1;NaN;0.0;3.1;299.1;14 / 21;318622;2018-11-09 17:42:56:671
-0.057;4.52;9.04;30.0;1.0;44.55;48.16151;11.5573;507.1;NaN;0.0;3.1;299.1;14 / 21;318722;2018-11-09 17:42:56:771
0.392;4.166;9.299;28.0;1.0;44.55;48.16151;11.5573;507.1;NaN;0.0;3.1;299.1;14 / 21;318822;2018-11-09 17:42:56:871
0.191;3.955;8.782;29.0;1.0;44.27;48.16151;11.5573;507.1;NaN;0.0;3.1;299.1;14 / 21;318922;2018-11-09 17:42:56:971
0.344;3.428;8.504;28.0;1.0;44.27;48.16151;11.5573;507.1;NaN;0.0;3.1;299.1;14 / 21;319022;2018-11-09 17:42:57:071
0.526;3.457;9.069;9.0;1.0;44.27;48.16151;11.5573;507.5;NaN;0.0;3.1;299.1;14 / 21;319121;2018-11-09 17:42:57:170
-1.695;4.175;7.91;24.0;1.0;44.33;48.16151;11.5573;507.5;NaN;0.0;3.1;299.1;14 / 21;319222;2018-11-09 17:42:57:271
-0.823;4.434;8.504;20.0;1.0;44.33;48.16151;11.5573;507.5;NaN;0.0;3.1;299.1;14 / 21;319322;2018-11-09 17:42:57:371
-1.57;4.079;9.031;24.0;1.0;44.33;48.16151;11.5573;507.5;NaN;0.0;3.1;299.1;14 / 21;319422;2018-11-09 17:42:57:471
-1.8;4.194;8.083;23.0;1.0;43.06;48.16151;11.5573;507.5;NaN;0.0;3.1;299.1;14 / 21;319522;2018-11-09 17:42:57:571
-2.039;4.348;8.906;5.0;1.0;43.06;48.16151;11.5573;507.5;NaN;0.0;3.1;299.1;14 / 21;319622;2018-11-09 17:42:57:671
-2.221;4.271;9.117;22.0;1.0;43.06;48.16151;11.5573;507.5;NaN;0.0;3.1;299.1;14 / 21;319721;2018-11-09 17:42:57:770
-0.909;4.539;9.261;23.0;1.0;42.61;48.16151;11.5573;507.5;NaN;0.0;3.1;299.1;14 / 21;319821;2018-11-09 17:42:57:870
-1.245;4.031;9.079;17.0;1.0;42.61;48.16151;11.5573;507.5;NaN;0.0;3.1;299.1;14 / 21;319921;2018-11-09 17:42:57:970
-0.919;4.798;9.854;24.0;1.0;42.61;48.16151;11.5573;507.5;NaN;0.0;3.1;299.1;14 / 21;320022;2018-11-09 17:42:58:071
-0.833;5.085;8.925;24.0;1.0;42.16;48.16151;11.55729;506.2;NaN;0.0;3.0;37.4;14 / 21;320121;2018-11-09 17:42:58:170
-1.455;4.156;8.83;22.0;1.0;42.16;48.16151;11.55729;506.2;NaN;0.0;3.0;37.4;14 / 21;320222;2018-11-09 17:42:58:271
-2.298;3.936;9.031;31.0;1.0;42.16;48.16151;11.55729;506.2;NaN;0.0;3.0;37.4;14 / 21;320322;2018-11-09 17:42:58:371
-1.082;4.625;9.174;13.0;1.0;41.64;48.16151;11.55729;506.2;NaN;0.0;3.0;37.4;14 / 21;320421;2018-11-09 17:42:58:470
-1.723;3.936;8.648;27.0;1.0;41.64;48.16151;11.55729;506.2;NaN;0.0;3.0;37.4;14 / 21;320522;2018-11-09 17:42:58:571
-3.332;3.189;7.719;40.0;1.0;41.64;48.16151;11.55729;506.2;NaN;0.0;3.0;37.4;14 / 21;320621;2018-11-09 17:42:58:670
-3.486;3.313;8.676;20.0;1.0;41.06;48.16151;11.55729;506.2;NaN;0.0;3.0;37.4;14 / 21;320722;2018-11-09 17:42:58:771
-2.288;3.926;8.763;4.0;1.0;41.06;48.16151;11.55729;506.2;NaN;0.0;3.0;37.4;14 / 21;320822;2018-11-09 17:42:58:871
-1.187;5.621;7.297;16.0;1.0;41.06;48.16151;11.55729;506.2;NaN;0.0;3.0;37.4;14 / 21;320922;2018-11-09 17:42:58:971
-2.7;4.376;10.027;20.0;1.0;41.81;48.16151;11.55729;506.2;NaN;0.0;3.0;37.4;14 / 21;321022;2018-11-09 17:42:59:071
-2.126;4.3;9.481;0.0;1.0;41.81;48.16151;11.55728;506.1;NaN;0.0;3.0;284.2;14 / 21;321123;2018-11-09 17:42:59:172
-1.474;4.108;8.514;8.0;1.0;41.81;48.16151;11.55728;506.1;NaN;0.0;3.0;284.2;14 / 21;321222;2018-11-09 17:42:59:271
-1.685;4.242;10.036;24.0;1.0;45.08;48.16151;11.55728;506.1;NaN;0.0;3.0;284.2;14 / 21;321321;2018-11-09 17:42:59:370
-2.47;4.28;9.73;1.0;1.0;45.08;48.16151;11.55728;506.1;NaN;0.0;3.0;284.2;14 / 21;321422;2018-11-09 17:42:59:471
-2.614;3.62;10.027;11.0;1.0;45.08;48.16151;11.55728;506.1;NaN;0.0;3.0;284.2;14 / 21;321521;2018-11-09 17:42:59:570
-1.13;3.457;8.533;12.0;1.0;63.66;48.16151;11.55728;506.1;NaN;0.0;3.0;284.2;14 / 21;321622;2018-11-09 17:42:59:671
-1.053;3.744;7.565;13.0;1.0;63.66;48.16151;11.55728;506.1;NaN;0.0;3.0;284.2;14 / 21;321722;2018-11-09 17:42:59:771
-2.001;4.932;9.366;19.0;1.0;63.66;48.16151;11.55728;506.1;NaN;0.0;3.0;284.2;14 / 21;321821;2018-11-09 17:42:59:870
-1.321;4.558;7.537;21.0;1.0;42.3;48.16151;11.55728;506.1;NaN;0.0;3.0;284.2;14 / 21;321922;2018-11-09 17:42:59:971
-1.053;4.51;8.906;14.0;1.0;42.3;48.16151;11.55728;506.1;NaN;0.0;3.0;284.2;14 / 21;322022;2018-11-09 17:43:00:071
-0.794;4.472;9.079;28.0;1.0;42.3;48.16151;11.55728;506.1;NaN;0.0;3.0;284.2;14 / 21;322122;2018-11-09 17:43:00:171
-0.43;4.692;9.596;6.0;1.0;41.68;48.16151;11.55728;506.1;NaN;0.0;3.0;284.2;14 / 21;322222;2018-11-09 17:43:00:271
-0.086;5.133;9.845;20.0;1.0;41.68;48.16151;11.55728;506.1;NaN;0.0;3.0;284.2;14 / 21;322322;2018-11-09 17:43:00:371
-0.402;4.434;9.998;12.0;1.0;41.68;48.16151;11.55728;506.1;NaN;0.0;3.0;284.2;14 / 21;322422;2018-11-09 17:43:00:471
-0.938;3.945;8.408;22.0;1.0;42.57;48.16151;11.55728;506.1;NaN;0.0;3.0;284.2;14 / 21;322522;2018-11-09 17:43:00:571
-1.886;3.313;8.178;17.0;1.0;42.57;48.16151;11.55728;506.1;NaN;0.0;3.0;284.2;14 / 21;322622;2018-11-09 17:43:00:671
-3.438;3.275;7.757;28.0;1.0;42.57;48.16151;11.55728;506.1;NaN;0.0;3.0;284.2;14 / 21;322722;2018-11-09 17:43:00:771
-3.83;2.949;8.954;21.0;1.0;42.37;48.16151;11.55728;506.1;NaN;0.0;3.0;284.2;14 / 21;322821;2018-11-09 17:43:00:870
-2.528;3.179;9.529;26.0;1.0;42.37;48.16151;11.55728;506.1;NaN;0.0;3.0;284.2;14 / 21;322921;2018-11-09 17:43:00:970
-1.819;3.773;10.247;0.0;1.0;42.37;48.16151;11.55728;506.1;NaN;0.0;3.0;284.2;14 / 21;323021;2018-11-09 17:43:01:070
-1.829;4.539;10.324;26.0;1.0;42.37;48.16151;11.55728;506.1;NaN;0.0;3.0;284.2;14 / 21;323121;2018-11-09 17:43:01:170
-1.848;3.256;8.83;6.0;1.0;40.63;48.16151;11.55728;506.1;NaN;0.0;3.0;284.2;14 / 21;323221;2018-11-09 17:43:01:270
-1.053;3.888;7.661;12.0;1.0;40.63;48.16151;11.55728;506.1;NaN;0.0;3.0;284.2;14 / 21;323321;2018-11-09 17:43:01:370
-2.279;3.696;9.318;10.0;1.0;40.63;48.16151;11.55728;506.1;NaN;0.0;3.0;284.2;14 / 21;323421;2018-11-09 17:43:01:470
-0.545;4.846;8.878;22.0;1.0;41.48;48.16151;11.55728;506.1;NaN;0.0;3.0;284.2;14 / 21;323521;2018-11-09 17:43:01:570
-1.771;4.252;9.337;25.0;1.0;41.48;48.16151;11.55728;506.1;NaN;0.0;3.0;284.2;14 / 21;323621;2018-11-09 17:43:01:670
-0.756;4.242;8.399;35.0;1.0;41.48;48.16151;11.55728;506.1;NaN;0.0;3.0;284.2;14 / 21;323722;2018-11-09 17:43:01:771
0.411;3.859;9.634;27.0;1.0;41.21;48.16151;11.55728;506.1;NaN;0.0;3.0;284.2;14 / 21;323822;2018-11-09 17:43:01:871
-0.162;4.51;8.992;30.0;1.0;41.21;48.16151;11.55728;506.1;NaN;0.0;3.0;284.2;14 / 21;323922;2018-11-09 17:43:01:971
0.545;4.319;9.299;14.0;1.0;41.21;48.16151;11.55728;506.1;NaN;0.0;3.0;284.2;14 / 21;324022;2018-11-09 17:43:02:071
-0.373;4.97;8.121;24.0;1.0;40.93;48.16151;11.55728;506.1;NaN;0.0;3.0;284.2;14 / 21;324122;2018-11-09 17:43:02:171
-1.005;4.166;9.529;12.0;1.0;40.93;48.16151;11.55728;506.1;NaN;0.0;3.0;284.2;14 / 21;324221;2018-11-09 17:43:02:270
-0.651;4.367;8.935;26.0;1.0;40.93;48.16151;11.55728;506.1;NaN;0.0;3.0;284.2;14 / 21;324322;2018-11-09 17:43:02:371
-0.814;4.769;9.261;18.0;1.0;40.13;48.16151;11.55728;506.1;NaN;0.0;3.0;284.2;14 / 21;324422;2018-11-09 17:43:02:471
-0.632;4.903;8.791;15.0;1.0;40.13;48.16151;11.55728;506.1;NaN;0.0;3.0;284.2;14 / 21;324522;2018-11-09 17:43:02:571
-1.551;4.07;8.341;23.0;1.0;40.13;48.16151;11.55728;506.1;NaN;0.0;3.0;284.2;14 / 21;324622;2018-11-09 17:43:02:671
-2.652;3.744;8.581;13.0;1.0;40.51;48.16151;11.55728;506.1;NaN;0.0;3.0;284.2;14 / 21;324722;2018-11-09 17:43:02:771
-2.624;4.137;9.883;16.0;1.0;40.51;48.16151;11.55728;506.1;NaN;0.0;3.0;284.2;14 / 21;324822;2018-11-09 17:43:02:871
-2.308;4.127;9.557;10.0;1.0;40.51;48.16151;11.55728;506.1;NaN;0.0;3.0;284.2;14 / 21;324922;2018-11-09 17:43:02:971
-1.8;4.3;9.529;14.0;1.0;40.94;48.16151;11.55728;506.1;NaN;0.0;3.0;284.2;14 / 21;325022;2018-11-09 17:43:03:071
-1.666;4.539;8.552;20.0;1.0;40.94;48.16151;11.55728;506.1;NaN;0.0;3.0;284.2;14 / 21;325122;2018-11-09 17:43:03:171
-2.355;4.089;8.983;14.0;1.0;40.94;48.16151;11.55728;506.1;NaN;0.0;3.0;284.2;14 / 21;325221;2018-11-09 17:43:03:270
-2.212;4.06;9.653;33.0;1.0;40.12;48.16151;11.55728;506.1;NaN;0.0;3.0;284.2;14 / 21;325322;2018-11-09 17:43:03:371
-1.676;4.472;8.657;33.0;1.0;40.12;48.16151;11.55728;506.1;NaN;0.0;3.0;284.2;14 / 21;325422;2018-11-09 17:43:03:471
-1.676;5.056;9.069;24.0;1.0;40.12;48.16151;11.55728;506.1;NaN;0.0;3.0;284.2;14 / 21;325522;2018-11-09 17:43:03:571
-2.03;4.29;9.5;19.0;1.0;39.26;48.16151;11.55728;506.1;NaN;0.0;3.0;284.2;14 / 21;325622;2018-11-09 17:43:03:671
-2.001;4.664;8.102;25.0;1.0;39.26;48.16151;11.55728;506.1;NaN;0.0;3.0;284.2;14 / 21;325722;2018-11-09 17:43:03:771
-2.078;4.012;9.538;6.0;1.0;39.26;48.16151;11.55728;506.1;NaN;0.0;3.0;284.2;14 / 21;325822;2018-11-09 17:43:03:871
-1.446;3.763;8.332;22.0;1.0;38.48;48.16151;11.55728;506.1;NaN;0.0;3.0;284.2;14 / 21;325922;2018-11-09 17:43:03:971
-0.612;5.2;9.433;20.0;1.0;38.48;48.16151;11.55728;506.1;NaN;0.0;3.0;284.2;14 / 21;326022;2018-11-09 17:43:04:071
-1.254;4.932;8.533;14.0;1.0;38.48;48.16151;11.55728;506.1;NaN;0.0;3.0;284.2;15 / 21;326123;2018-11-09 17:43:04:172
-0.794;4.395;8.552;13.0;1.0;38.91;48.16151;11.55728;506.1;NaN;0.0;3.0;284.2;15 / 21;326222;2018-11-09 17:43:04:271
-0.967;4.06;8.657;12.0;1.0;38.91;48.16151;11.55728;506.1;NaN;0.0;3.0;284.2;15 / 21;326321;2018-11-09 17:43:04:370
-0.162;5.554;9.05;10.0;1.0;38.91;48.16151;11.55728;506.1;NaN;0.0;3.0;284.2;15 / 21;326422;2018-11-09 17:43:04:471
-0.373;5.593;8.629;7.0;1.0;38.71;48.16151;11.55728;506.1;NaN;0.0;3.0;284.2;15 / 21;326521;2018-11-09 17:43:04:570
-1.388;5.42;8.648;11.0;1.0;38.71;48.16151;11.55728;506.1;NaN;0.0;3.0;284.2;15 / 21;326622;2018-11-09 17:43:04:671
-1.877;4.597;8.839;11.0;1.0;38.71;48.16151;11.55728;506.1;NaN;0.0;3.0;284.2;15 / 21;326722;2018-11-09 17:43:04:771
-1.053;4.319;10.199;30.0;1.0;40.35;48.16151;11.55728;506.1;NaN;0.0;3.0;284.2;15 / 21;326822;2018-11-09 17:43:04:871
-0.545;4.52;7.929;24.0;1.0;40.35;48.16151;11.55728;506.1;NaN;0.0;3.0;284.2;15 / 21;326922;2018-11-09 17:43:04:971
-1.695;4.166;7.709;16.0;1.0;40.35;48.16151;11.55728;506.1;NaN;0.0;3.0;284.2;15 / 21;327022;2018-11-09 17:43:05:071
-2.844;3.945;10.305;14.0;1.0;44.41;48.1615;11.55726;503.9;NaN;1.7;1.5;351.6;15 / 21;327130;2018-11-09 17:43:05:179
-3.533;3.447;10.036;21.0;1.0;44.41;48.1615;11.55726;503.9;NaN;1.7;1.5;351.6;15 / 21;327222;2018-11-09 17:43:05:271
-1.58;4.702;8.753;25.0;1.0;44.41;48.1615;11.55726;503.9;NaN;1.7;1.5;351.6;15 / 21;327321;2018-11-09 17:43:05:370
-2.02;4.424;9.27;18.0;1.0;52.93;48.1615;11.55726;503.9;NaN;1.7;1.5;351.6;15 / 21;327421;2018-11-09 17:43:05:470
-1.513;4.922;8.581;24.0;1.0;52.93;48.1615;11.55726;503.9;NaN;1.7;1.5;351.6;15 / 21;327521;2018-11-09 17:43:05:570
-1.58;4.491;9.174;18.0;1.0;52.93;48.1615;11.55726;503.9;NaN;1.7;1.5;351.6;15 / 21;327621;2018-11-09 17:43:05:670
-1.139;5.2;9.059;27.0;1.0;36.45;48.1615;11.55726;503.9;NaN;1.7;1.5;351.6;15 / 21;327721;2018-11-09 17:43:05:770
-1.829;3.658;10.659;33.0;1.0;36.45;48.1615;11.55726;503.9;NaN;1.7;1.5;351.6;15 / 21;327821;2018-11-09 17:43:05:870
0.22;2.691;7.795;29.0;1.0;36.45;48.1615;11.55726;503.9;NaN;1.7;1.5;351.6;15 / 21;327921;2018-11-09 17:43:05:970
-0.038;3.227;9.481;40.0;1.0;36.26;48.1615;11.55726;503.9;NaN;1.7;1.5;351.6;15 / 21;328021;2018-11-09 17:43:06:070
0.067;4.194;8.696;14.0;1.0;36.26;48.16151;11.55726;501.6;NaN;0.0;1.7;318.6;15 / 21;328122;2018-11-09 17:43:06:171
0.268;4.156;8.427;25.0;1.0;36.26;48.16151;11.55726;501.6;NaN;0.0;1.7;318.6;15 / 21;328222;2018-11-09 17:43:06:271
-0.21;4.051;10.314;16.0;1.0;35.94;48.16151;11.55726;501.6;NaN;0.0;1.7;318.6;15 / 21;328322;2018-11-09 17:43:06:371
-0.067;4.328;9.51;32.0;1.0;35.94;48.16151;11.55726;501.6;NaN;0.0;1.7;318.6;15 / 21;328421;2018-11-09 17:43:06:470
0.22;4.683;9.174;22.0;1.0;35.94;48.16151;11.55726;501.6;NaN;0.0;1.7;318.6;15 / 21;328521;2018-11-09 17:43:06:570
-0.363;2.988;9.979;17.0;1.0;35.88;48.16151;11.55726;501.6;NaN;0.0;1.7;318.6;15 / 21;328621;2018-11-09 17:43:06:670
0.517;2.461;8.494;21.0;1.0;35.88;48.16151;11.55726;501.6;NaN;0.0;1.7;318.6;15 / 21;328721;2018-11-09 17:43:06:770
-0.718;4.577;9.347;12.0;1.0;35.88;48.16151;11.55726;501.6;NaN;0.0;1.7;318.6;15 / 21;328821;2018-11-09 17:43:06:870
-2.298;3.591;10.017;22.0;1.0;35.86;48.16151;11.55726;501.6;NaN;0.0;1.7;318.6;15 / 21;328921;2018-11-09 17:43:06:970
-1.35;4.3;8.686;17.0;1.0;35.86;48.16151;11.55726;501.6;NaN;0.0;1.7;318.6;15 / 21;329021;2018-11-09 17:43:07:070
-0.823;4.319;9.529;17.0;1.0;35.86;48.16152;11.55727;500.2;NaN;0.0;2.0;37.3;15 / 21;329122;2018-11-09 17:43:07:171
-1.58;3.993;9.002;5.0;1.0;35.97;48.16152;11.55727;500.2;NaN;0.0;2.0;37.3;15 / 22;329222;2018-11-09 17:43:07:271
-0.881;4.597;8.964;33.0;1.0;35.97;48.16152;11.55727;500.2;NaN;0.0;2.0;37.3;15 / 22;329322;2018-11-09 17:43:07:371
-0.861;4.204;8.609;10.0;1.0;35.97;48.16152;11.55727;500.2;NaN;0.0;2.0;37.3;15 / 22;329422;2018-11-09 17:43:07:471
-0.9;4.28;9.692;24.0;1.0;37.03;48.16152;11.55727;500.2;NaN;0.0;2.0;37.3;15 / 22;329522;2018-11-09 17:43:07:571
-1.254;4.252;9.807;13.0;1.0;37.03;48.16152;11.55727;500.2;NaN;0.0;2.0;37.3;15 / 22;329621;2018-11-09 17:43:07:670
-0.66;4.386;9.414;19.0;1.0;37.03;48.16152;11.55727;500.2;NaN;0.0;2.0;37.3;15 / 22;329722;2018-11-09 17:43:07:771
-0.737;4.348;9.299;27.0;1.0;36.27;48.16152;11.55727;500.2;NaN;0.0;2.0;37.3;15 / 22;329821;2018-11-09 17:43:07:870
-1.091;3.85;9.213;22.0;1.0;36.27;48.16152;11.55727;500.2;NaN;0.0;2.0;37.3;15 / 22;329922;2018-11-09 17:43:07:971
-0.478;4.242;9.088;32.0;1.0;36.27;48.16152;11.55727;500.2;NaN;0.0;2.0;37.3;15 / 22;330022;2018-11-09 17:43:08:071
-0.737;4.213;9.385;18.0;1.0;36.91;48.16152;11.55727;499.0;NaN;3.5;2.1;43.3;14 / 22;330122;2018-11-09 17:43:08:171
-0.689;4.099;9.49;7.0;1.0;36.91;48.16152;11.55727;499.0;NaN;3.5;2.1;43.3;14 / 22;330221;2018-11-09 17:43:08:270
-0.545;4.118;9.088;10.0;1.0;36.91;48.16152;11.55727;499.0;NaN;3.5;2.1;43.3;14 / 22;330322;2018-11-09 17:43:08:371
-0.651;4.242;9.567;7.0;1.0;36.04;48.16152;11.55727;499.0;NaN;3.5;2.1;43.3;14 / 22;330422;2018-11-09 17:43:08:471
-0.727;4.185;9.481;22.0;1.0;36.04;48.16152;11.55727;499.0;NaN;3.5;2.1;43.3;14 / 22;330522;2018-11-09 17:43:08:571
-0.794;4.185;9.376;22.0;1.0;36.04;48.16152;11.55727;499.0;NaN;3.5;2.1;43.3;14 / 22;330621;2018-11-09 17:43:08:670
-0.392;4.137;9.127;21.0;1.0;38.3;48.16152;11.55727;499.0;NaN;3.5;2.1;43.3;14 / 22;330722;2018-11-09 17:43:08:771
-0.804;4.079;9.471;16.0;1.0;38.3;48.16152;11.55727;499.0;NaN;3.5;2.1;43.3;14 / 22;330821;2018-11-09 17:43:08:870
-1.072;3.869;9.174;4.0;1.0;38.3;48.16152;11.55727;499.0;NaN;3.5;2.1;43.3;14 / 22;330922;2018-11-09 17:43:08:971
-0.9;4.041;9.232;22.0;1.0;36.2;48.16152;11.55727;499.0;NaN;3.5;2.1;43.3;14 / 22;331022;2018-11-09 17:43:09:071
-0.737;4.022;9.337;27.0;1.0;36.2;48.16152;11.55727;497.5;NaN;1.9;2.2;1.8;13 / 22;331122;2018-11-09 17:43:09:171
-0.603;4.051;9.452;37.0;1.0;36.2;48.16152;11.55727;497.5;NaN;1.9;2.2;1.8;13 / 22;331222;2018-11-09 17:43:09:271
-0.622;3.897;9.088;27.0;1.0;36.07;48.16152;11.55727;497.5;NaN;1.9;2.2;1.8;13 / 22;331322;2018-11-09 17:43:09:371
-0.833;4.089;10.228;25.0;1.0;36.07;48.16152;11.55727;497.5;NaN;1.9;2.2;1.8;13 / 22;331422;2018-11-09 17:43:09:471
-0.545;3.984;9.385;19.0;1.0;36.07;48.16152;11.55727;497.5;NaN;1.9;2.2;1.8;13 / 22;331522;2018-11-09 17:43:09:571
-0.45;4.012;9.356;0.0;1.0;38.12;48.16152;11.55727;497.5;NaN;1.9;2.2;1.8;13 / 22;331622;2018-11-09 17:43:09:671
-0.574;4.108;9.519;10.0;1.0;38.12;48.16152;11.55727;497.5;NaN;1.9;2.2;1.8;13 / 22;331722;2018-11-09 17:43:09:771
-0.411;3.984;9.213;15.0;1.0;38.12;48.16152;11.55727;497.5;NaN;1.9;2.2;1.8;13 / 22;331822;2018-11-09 17:43:09:871
-0.756;4.127;9.701;27.0;1.0;37.82;48.16152;11.55727;497.5;NaN;1.9;2.2;1.8;13 / 22;331922;2018-11-09 17:43:09:971
-0.689;4.108;9.519;26.0;1.0;37.82;48.16152;11.55727;497.5;NaN;1.9;2.2;1.8;13 / 22;332024;2018-11-09 17:43:10:073
-0.354;4.118;9.778;10.0;1.0;37.82;48.16153;11.55727;496.7;NaN;1.9;2.3;7.8;13 / 22;332122;2018-11-09 17:43:10:171
-0.478;3.869;8.657;28.0;1.0;36.7;48.16153;11.55727;496.7;NaN;1.9;2.3;7.8;13 / 22;332222;2018-11-09 17:43:10:271
-0.651;4.012;9.663;20.0;1.0;36.7;48.16153;11.55727;496.7;NaN;1.9;2.3;7.8;13 / 22;332323;2018-11-09 17:43:10:372
-0.201;4.089;9.069;9.0;1.0;36.7;48.16153;11.55727;496.7;NaN;1.9;2.3;7.8;13 / 22;332422;2018-11-09 17:43:10:471
-0.881;4.319;8.456;27.0;1.0;49.72;48.16153;11.55727;496.7;NaN;1.9;2.3;7.8;13 / 22;332522;2018-11-09 17:43:10:571
-0.641;4.395;8.772;26.0;1.0;49.72;48.16153;11.55727;496.7;NaN;1.9;2.3;7.8;13 / 22;332622;2018-11-09 17:43:10:671
-0.411;4.395;9.146;25.0;1.0;49.72;48.16153;11.55727;496.7;NaN;1.9;2.3;7.8;13 / 22;332725;2018-11-09 17:43:10:774
-0.651;4.223;9.184;22.0;1.0;38.86;48.16153;11.55727;496.7;NaN;1.9;2.3;7.8;13 / 22;332822;2018-11-09 17:43:10:871
-0.622;4.156;9.366;18.0;1.0;38.86;48.16153;11.55727;496.7;NaN;1.9;2.3;7.8;13 / 22;332922;2018-11-09 17:43:10:971
-0.536;4.099;9.136;17.0;1.0;38.86;48.16153;11.55727;496.7;NaN;1.9;2.3;7.8;13 / 22;333021;2018-11-09 17:43:11:070
-0.507;4.146;9.28;13.0;1.0;35.71;48.16153;11.55727;495.6;NaN;0.0;2.4;7.8;13 / 22;333122;2018-11-09 17:43:11:171
-0.804;4.185;8.801;21.0;1.0;35.71;48.16153;11.55727;495.6;NaN;0.0;2.4;7.8;13 / 22;333222;2018-11-09 17:43:11:271
-0.708;4.482;10.4;21.0;1.0;35.71;48.16153;11.55727;495.6;NaN;0.0;2.4;7.8;13 / 22;333322;2018-11-09 17:43:11:371
-0.478;3.715;8.839;7.0;1.0;34.87;48.16153;11.55727;495.6;NaN;0.0;2.4;7.8;13 / 22;333421;2018-11-09 17:43:11:470
-1.139;3.198;9.04;0.0;1.0;34.87;48.16153;11.55727;495.6;NaN;0.0;2.4;7.8;13 / 22;333521;2018-11-09 17:43:11:570
-0.622;3.668;9.845;19.0;1.0;34.87;48.16153;11.55727;495.6;NaN;0.0;2.4;7.8;13 / 22;333621;2018-11-09 17:43:11:670
-0.162;3.668;9.778;11.0;1.0;35.65;48.16153;11.55727;495.6;NaN;0.0;2.4;7.8;13 / 22;333721;2018-11-09 17:43:11:770
0.047;3.61;8.724;19.0;1.0;35.65;48.16153;11.55727;495.6;NaN;0.0;2.4;7.8;13 / 22;333821;2018-11-09 17:43:11:870
-0.9;3.399;9.921;11.0;1.0;35.65;48.16153;11.55727;495.6;NaN;0.0;2.4;7.8;13 / 22;333921;2018-11-09 17:43:11:970
-0.584;3.457;9.232;17.0;1.0;36.17;48.16153;11.55727;495.6;NaN;0.0;2.4;7.8;13 / 22;334021;2018-11-09 17:43:12:070
-0.076;3.514;9.797;19.0;1.0;36.17;48.16153;11.55727;495.7;NaN;0.0;2.5;8.4;12 / 22;334122;2018-11-09 17:43:12:171
-0.153;3.457;9.376;16.0;1.0;36.17;48.16153;11.55727;495.7;NaN;0.0;2.5;8.4;12 / 22;334222;2018-11-09 17:43:12:271
-0.689;3.668;9.481;2.0;1.0;36.26;48.16153;11.55727;495.7;NaN;0.0;2.5;8.4;12 / 22;334322;2018-11-09 17:43:12:371
-0.737;3.668;9.433;6.0;1.0;36.26;48.16153;11.55727;495.7;NaN;0.0;2.5;8.4;12 / 22;334421;2018-11-09 17:43:12:470
-0.143;3.668;9.443;22.0;1.0;36.26;48.16153;11.55727;495.7;NaN;0.0;2.5;8.4;12 / 22;334521;2018-11-09 17:43:12:570
0.21;3.553;8.858;9.0;1.0;36.26;48.16153;11.55727;495.7;NaN;0.0;2.5;8.4;12 / 22;334622;2018-11-09 17:43:12:671
-0.057;3.284;9.337;0.0;1.0;35.49;48.16153;11.55727;495.7;NaN;0.0;2.5;8.4;12 / 22;334722;2018-11-09 17:43:12:771
0.9;3.246;8.782;14.0;1.0;35.49;48.16153;11.55727;495.7;NaN;0.0;2.5;8.4;12 / 22;334822;2018-11-09 17:43:12:871
1.398;4.357;9.596;29.0;1.0;35.49;48.16153;11.55727;495.7;NaN;0.0;2.5;8.4;12 / 22;334921;2018-11-09 17:43:12:970
0.909;3.198;9.059;18.0;1.0;34.95;48.16153;11.55727;495.7;NaN;0.0;2.5;8.4;12 / 22;335022;2018-11-09 17:43:13:071
1.426;2.853;9.778;34.0;1.0;34.95;48.16153;11.55727;495.6;NaN;0.0;2.6;326.5;12 / 22;335122;2018-11-09 17:43:13:171
0.316;2.633;9.174;11.0;1.0;34.95;48.16153;11.55727;495.6;NaN;0.0;2.6;326.5;12 / 22;335222;2018-11-09 17:43:13:271
-0.44;2.863;8.6;14.0;1.0;35.66;48.16153;11.55727;495.6;NaN;0.0;2.6;326.5;12 / 22;335322;2018-11-09 17:43:13:371
-1.494;2.825;9.979;9.0;1.0;35.66;48.16153;11.55727;495.6;NaN;0.0;2.6;326.5;12 / 22;335421;2018-11-09 17:43:13:470
-2.011;2.892;10.314;21.0;1.0;35.66;48.16153;11.55727;495.6;NaN;0.0;2.6;326.5;12 / 22;335521;2018-11-09 17:43:13:570
-0.948;3.361;8.475;12.0;1.0;36.03;48.16153;11.55727;495.6;NaN;0.0;2.6;326.5;12 / 22;335621;2018-11-09 17:43:13:670
-1.752;3.102;9.874;27.0;1.0;36.03;48.16153;11.55727;495.6;NaN;0.0;2.6;326.5;12 / 22;335721;2018-11-09 17:43:13:770
-1.877;3.284;9.768;11.0;1.0;36.03;48.16153;11.55727;495.6;NaN;0.0;2.6;326.5;12 / 22;335822;2018-11-09 17:43:13:871
-1.992;3.198;8.878;34.0;1.0;35.41;48.16153;11.55727;495.6;NaN;0.0;2.6;326.5;12 / 22;335921;2018-11-09 17:43:13:970
-1.79;3.074;8.858;2.0;1.0;35.41;48.16153;11.55727;495.6;NaN;0.0;2.6;326.5;12 / 22;336022;2018-11-09 17:43:14:071
-1.225;4.271;9.222;13.0;1.0;35.41;48.16153;11.55727;495.6;NaN;0.0;2.6;326.5;12 / 22;336122;2018-11-09 17:43:14:171
-1.513;4.242;9.423;30.0;1.0;35.42;48.16153;11.55727;495.6;NaN;0.0;2.6;326.5;12 / 22;336222;2018-11-09 17:43:14:271
-1.474;3.993;8.954;17.0;1.0;35.42;48.16153;11.55727;495.6;NaN;0.0;2.6;326.5;12 / 22;336322;2018-11-09 17:43:14:371
-1.35;4.118;8.992;3.0;1.0;35.42;48.16153;11.55727;495.6;NaN;0.0;2.6;326.5;12 / 22;336422;2018-11-09 17:43:14:471
-1.187;4.213;9.194;15.0;1.0;36.49;48.16153;11.55727;495.6;NaN;0.0;2.6;326.5;12 / 22;336522;2018-11-09 17:43:14:571
-0.919;4.472;9.174;23.0;1.0;36.49;48.16153;11.55727;495.6;NaN;0.0;2.6;326.5;12 / 22;336622;2018-11-09 17:43:14:671
-0.708;4.558;9.088;15.0;1.0;36.49;48.16153;11.55727;495.6;NaN;0.0;2.6;326.5;12 / 22;336721;2018-11-09 17:43:14:770
-0.689;4.597;9.079;4.0;1.0;36.06;48.16153;11.55727;495.6;NaN;0.0;2.6;326.5;12 / 22;336822;2018-11-09 17:43:14:871
-0.833;4.51;9.385;10.0;1.0;36.06;48.16153;11.55727;495.6;NaN;0.0;2.6;326.5;12 / 22;336922;2018-11-09 17:43:14:971
-1.13;4.233;7.872;14.0;1.0;36.06;48.16153;11.55727;495.6;NaN;0.0;2.6;326.5;12 / 22;337022;2018-11-09 17:43:15:071
-1.599;4.376;9.04;14.0;1.0;36.99;48.16153;11.55727;496.6;NaN;1.6;2.6;278.4;12 / 22;337122;2018-11-09 17:43:15:171
-1.551;4.415;8.992;19.0;1.0;36.99;48.16153;11.55727;496.6;NaN;1.6;2.6;278.4;12 / 22;337221;2018-11-09 17:43:15:270
1.407;3.677;9.596;19.0;1.0;36.99;48.16153;11.55727;496.6;NaN;1.6;2.6;278.4;12 / 22;337321;2018-11-09 17:43:15:370
-0.21;3.964;7.297;35.0;1.0;37.11;48.16153;11.55727;496.6;NaN;1.6;2.6;278.4;12 / 22;337421;2018-11-09 17:43:15:470
0.766;3.122;10.544;22.0;1.0;37.11;48.16153;11.55727;496.6;NaN;1.6;2.6;278.4;12 / 22;337521;2018-11-09 17:43:15:570
-2.576;2.001;10.142;18.0;1.0;37.11;48.16153;11.55727;496.6;NaN;1.6;2.6;278.4;12 / 22;337622;2018-11-09 17:43:15:671
-1.934;3.055;9.28;13.0;1.0;36.24;48.16153;11.55727;496.6;NaN;1.6;2.6;278.4;12 / 22;337722;2018-11-09 17:43:15:771
-0.373;3.821;8.073;35.0;1.0;36.24;48.16153;11.55727;496.6;NaN;1.6;2.6;278.4;12 / 22;337822;2018-11-09 17:43:15:871
0.114;3.141;10.429;16.0;1.0;36.24;48.16153;11.55727;496.6;NaN;1.6;2.6;278.4;12 / 22;337922;2018-11-09 17:43:15:971
0.0;3.131;9.155;13.0;1.0;36.56;48.16153;11.55727;496.6;NaN;1.6;2.6;278.4;12 / 22;338021;2018-11-09 17:43:16:070
-0.162;3.284;9.644;14.0;1.0;36.56;48.16153;11.55727;496.5;NaN;0.0;2.6;301.7;12 / 22;338122;2018-11-09 17:43:16:171
0.134;2.978;9.826;21.0;1.0;36.56;48.16153;11.55727;496.5;NaN;0.0;2.6;301.7;12 / 22;338222;2018-11-09 17:43:16:271
0.21;2.796;10.343;30.0;1.0;36.82;48.16153;11.55727;496.5;NaN;0.0;2.6;301.7;12 / 22;338321;2018-11-09 17:43:16:370
-0.306;3.342;10.228;21.0;1.0;36.82;48.16153;11.55727;496.5;NaN;0.0;2.6;301.7;12 / 22;338421;2018-11-09 17:43:16:470
-0.22;3.265;9.519;28.0;1.0;36.82;48.16153;11.55727;496.5;NaN;0.0;2.6;301.7;12 / 22;338521;2018-11-09 17:43:16:570
-0.478;3.237;10.276;30.0;1.0;45.24;48.16153;11.55727;496.5;NaN;0.0;2.6;301.7;12 / 22;338621;2018-11-09 17:43:16:670
-0.335;3.275;9.414;26.0;1.0;45.24;48.16153;11.55727;496.5;NaN;0.0;2.6;301.7;12 / 22;338721;2018-11-09 17:43:16:770
-0.363;3.447;10.218;31.0;1.0;45.24;48.16153;11.55727;496.5;NaN;0.0;2.6;301.7;12 / 22;338822;2018-11-09 17:43:16:871
0.057;2.853;8.801;45.0;1.0;45.68;48.16153;11.55727;496.5;NaN;0.0;2.6;301.7;12 / 22;338922;2018-11-09 17:43:16:971
0.459;2.786;9.174;18.0;1.0;45.68;48.16153;11.55727;496.5;NaN;0.0;2.6;301.7;12 / 22;339022;2018-11-09 17:43:17:071
-0.727;3.668;9.117;16.0;1.0;45.68;48.16153;11.55727;496.9;NaN;0.0;2.6;308.1;12 / 22;339122;2018-11-09 17:43:17:171
-0.881;3.581;8.878;13.0;1.0;36.12;48.16153;11.55727;496.9;NaN;0.0;2.6;308.1;12 / 22;339222;2018-11-09 17:43:17:271
-0.89;3.447;9.759;33.0;1.0;36.12;48.16153;11.55727;496.9;NaN;0.0;2.6;308.1;12 / 22;339322;2018-11-09 17:43:17:371
-0.737;3.371;9.625;11.0;1.0;36.12;48.16153;11.55727;496.9;NaN;0.0;2.6;308.1;12 / 22;339422;2018-11-09 17:43:17:471
-0.737;3.275;9.577;29.0;1.0;36.53;48.16153;11.55727;496.9;NaN;0.0;2.6;308.1;12 / 22;339522;2018-11-09 17:43:17:571
-0.651;3.246;9.414;23.0;1.0;36.53;48.16153;11.55727;496.9;NaN;0.0;2.6;308.1;12 / 22;339622;2018-11-09 17:43:17:671
-0.478;3.083;9.615;21.0;1.0;36.53;48.16153;11.55727;496.9;NaN;0.0;2.6;308.1;12 / 22;339722;2018-11-09 17:43:17:771
-0.411;3.112;9.423;20.0;1.0;36.41;48.16153;11.55727;496.9;NaN;0.0;2.6;308.1;12 / 22;339822;2018-11-09 17:43:17:871
-0.402;2.988;9.452;22.0;1.0;36.41;48.16153;11.55727;496.9;NaN;0.0;2.6;308.1;12 / 22;339922;2018-11-09 17:43:17:971
-0.775;2.806;9.5;20.0;1.0;36.41;48.16153;11.55727;496.9;NaN;0.0;2.6;308.1;12 / 22;340022;2018-11-09 17:43:18:071
-1.426;2.739;9.385;23.0;1.0;37.81;48.16153;11.55728;497.1;NaN;0.0;2.6;290.0;12 / 22;340122;2018-11-09 17:43:18:171
-1.072;3.141;10.084;10.0;1.0;37.81;48.16153;11.55728;497.1;NaN;0.0;2.6;290.0;12 / 22;340222;2018-11-09 17:43:18:271
-1.81;2.949;9.586;10.0;1.0;37.81;48.16153;11.55728;497.1;NaN;0.0;2.6;290.0;12 / 22;340322;2018-11-09 17:43:18:371
-0.9;3.083;9.902;11.0;1.0;38.0;48.16153;11.55728;497.1;NaN;0.0;2.6;290.0;12 / 22;340422;2018-11-09 17:43:18:471
-0.67;2.739;8.973;13.0;1.0;38.0;48.16153;11.55728;497.1;NaN;0.0;2.6;290.0;12 / 22;340521;2018-11-09 17:43:18:570
0.316;2.451;9.069;18.0;1.0;38.0;48.16153;11.55728;497.1;NaN;0.0;2.6;290.0;12 / 22;340622;2018-11-09 17:43:18:671
0.536;2.959;11.425;22.0;1.0;48.2;48.16153;11.55728;497.1;NaN;0.0;2.6;290.0;12 / 22;340722;2018-11-09 17:43:18:771
0.44;2.978;10.515;25.0;1.0;48.2;48.16153;11.55728;497.1;NaN;0.0;2.6;290.0;12 / 22;340821;2018-11-09 17:43:18:870
0.737;3.064;8.849;18.0;1.0;48.2;48.16153;11.55728;497.1;NaN;0.0;2.6;290.0;12 / 22;340921;2018-11-09 17:43:18:970
0.996;2.978;7.814;23.0;1.0;44.52;48.16153;11.55728;497.1;NaN;0.0;2.6;290.0;12 / 22;341022;2018-11-09 17:43:19:071
1.149;3.217;9.299;21.0;1.0;44.52;48.16153;11.55728;497.1;NaN;0.0;2.6;290.0;12 / 22;341122;2018-11-09 17:43:19:171
-0.057;3.581;7.862;30.0;1.0;44.52;48.16153;11.55728;497.1;NaN;0.0;2.6;290.0;12 / 22;341222;2018-11-09 17:43:19:271
0.047;3.265;7.977;10.0;1.0;37.11;48.16153;11.55728;497.1;NaN;0.0;2.6;290.0;12 / 22;341323;2018-11-09 17:43:19:372
0.134;3.696;8.782;21.0;1.0;37.11;48.16153;11.55728;497.1;NaN;0.0;2.6;290.0;12 / 22;341423;2018-11-09 17:43:19:472
0.105;3.399;8.59;6.0;1.0;37.11;48.16153;11.55728;497.1;NaN;0.0;2.6;290.0;12 / 22;341522;2018-11-09 17:43:19:571
-0.134;3.715;9.184;26.0;1.0;47.49;48.16153;11.55728;497.1;NaN;0.0;2.6;290.0;12 / 22;341622;2018-11-09 17:43:19:671
0.191;3.304;9.299;37.0;1.0;47.49;48.16153;11.55728;497.1;NaN;0.0;2.6;290.0;12 / 22;341722;2018-11-09 17:43:19:771
0.124;3.802;10.008;21.0;1.0;47.49;48.16153;11.55728;497.1;NaN;0.0;2.6;290.0;12 / 22;341822;2018-11-09 17:43:19:871
-0.162;3.917;10.094;18.0;1.0;47.92;48.16153;11.55728;497.1;NaN;0.0;2.6;290.0;12 / 22;341922;2018-11-09 17:43:19:971
-0.909;3.514;10.592;13.0;1.0;47.92;48.16153;11.55728;497.1;NaN;0.0;2.6;290.0;12 / 22;342021;2018-11-09 17:43:20:070
-0.517;3.763;9.481;9.0;1.0;47.92;48.16153;11.55728;497.1;NaN;0.0;2.6;290.0;12 / 22;342122;2018-11-09 17:43:20:171
-0.536;4.242;9.385;17.0;1.0;50.51;48.16153;11.55728;497.1;NaN;0.0;2.6;290.0;12 / 22;342222;2018-11-09 17:43:20:271
-0.344;3.725;8.619;28.0;1.0;50.51;48.16153;11.55728;497.1;NaN;0.0;2.6;290.0;12 / 22;342322;2018-11-09 17:43:20:371
-0.689;4.443;8.916;36.0;1.0;50.51;48.16153;11.55728;497.1;NaN;0.0;2.6;290.0;12 / 22;342422;2018-11-09 17:43:20:471
-0.517;3.993;9.28;16.0;1.0;49.5;48.16153;11.55728;497.1;NaN;0.0;2.6;290.0;12 / 22;342522;2018-11-09 17:43:20:571
-0.411;3.945;9.672;2.0;1.0;49.5;48.16153;11.55728;497.1;NaN;0.0;2.6;290.0;12 / 22;342622;2018-11-09 17:43:20:671
-0.498;3.878;9.701;22.0;1.0;49.5;48.16153;11.55728;497.1;NaN;0.0;2.6;290.0;12 / 22;342722;2018-11-09 17:43:20:771
-0.536;3.945;9.308;24.0;1.0;47.46;48.16153;11.55728;497.1;NaN;0.0;2.6;290.0;12 / 22;342822;2018-11-09 17:43:20:871
-0.574;3.869;9.644;26.0;1.0;47.46;48.16153;11.55728;497.1;NaN;0.0;2.6;290.0;12 / 22;342922;2018-11-09 17:43:20:971
-0.545;3.993;10.036;27.0;1.0;47.46;48.16153;11.55728;497.1;NaN;0.0;2.6;290.0;12 / 22;343023;2018-11-09 17:43:21:072
-0.421;3.735;9.864;31.0;1.0;35.41;48.16153;11.55728;497.1;NaN;0.0;2.6;290.0;11 / 22;343122;2018-11-09 17:43:21:171
-0.881;4.223;8.063;21.0;1.0;35.41;48.16153;11.55728;497.1;NaN;0.0;2.6;290.0;11 / 22;343222;2018-11-09 17:43:21:271
-0.421;3.945;8.437;22.0;1.0;35.41;48.16153;11.55728;497.1;NaN;0.0;2.6;290.0;11 / 22;343321;2018-11-09 17:43:21:370
-0.43;4.146;9.289;15.0;1.0;46.05;48.16153;11.55728;497.1;NaN;0.0;2.6;290.0;11 / 22;343422;2018-11-09 17:43:21:471
-0.469;3.926;9.28;22.0;1.0;46.05;48.16153;11.55728;497.1;NaN;0.0;2.6;290.0;11 / 22;343522;2018-11-09 17:43:21:571
-0.354;4.031;9.768;30.0;1.0;46.05;48.16153;11.55728;497.1;NaN;0.0;2.6;290.0;11 / 22;343622;2018-11-09 17:43:21:671
-0.823;3.696;9.27;14.0;1.0;47.11;48.16153;11.55728;497.1;NaN;0.0;2.6;290.0;11 / 22;343722;2018-11-09 17:43:21:771
-0.296;3.802;9.184;25.0;1.0;47.11;48.16153;11.55728;497.1;NaN;0.0;2.6;290.0;11 / 22;343822;2018-11-09 17:43:21:871
-0.632;3.802;9.366;26.0;1.0;47.11;48.16153;11.55728;497.1;NaN;0.0;2.6;290.0;11 / 22;343922;2018-11-09 17:43:21:971
-0.555;3.629;7.92;4.0;1.0;47.59;48.16153;11.55728;497.1;NaN;0.0;2.6;290.0;11 / 22;344022;2018-11-09 17:43:22:071
-0.852;4.079;9.069;5.0;1.0;47.59;48.16153;11.55728;497.1;NaN;0.0;2.6;290.0;11 / 22;344122;2018-11-09 17:43:22:171
-0.287;3.955;9.27;9.0;1.0;47.59;48.16153;11.55728;497.1;NaN;0.0;2.6;290.0;11 / 22;344222;2018-11-09 17:43:22:271
-0.325;3.974;9.807;13.0;1.0;51.6;48.16153;11.55728;497.1;NaN;0.0;2.6;290.0;11 / 22;344322;2018-11-09 17:43:22:371
-0.239;4.031;9.902;14.0;1.0;51.6;48.16153;11.55728;497.1;NaN;0.0;2.6;290.0;11 / 22;344422;2018-11-09 17:43:22:471
-0.823;4.233;8.858;29.0;1.0;51.6;48.16153;11.55728;497.1;NaN;0.0;2.6;290.0;11 / 22;344522;2018-11-09 17:43:22:571
-0.172;3.955;9.557;30.0;1.0;37.66;48.16153;11.55728;497.1;NaN;0.0;2.6;290.0;11 / 22;344622;2018-11-09 17:43:22:671
-0.316;4.175;9.615;28.0;1.0;37.66;48.16153;11.55728;497.1;NaN;0.0;2.6;290.0;11 / 22;344722;2018-11-09 17:43:22:771
-0.881;4.558;9.481;8.0;1.0;37.66;48.16153;11.55728;497.1;NaN;0.0;2.6;290.0;11 / 22;344822;2018-11-09 17:43:22:871
-0.517;4.367;9.941;34.0;1.0;44.41;48.16153;11.55728;497.1;NaN;0.0;2.6;290.0;11 / 22;344922;2018-11-09 17:43:22:971
-0.45;4.261;9.069;13.0;1.0;44.41;48.16153;11.55728;497.1;NaN;0.0;2.6;290.0;11 / 22;345022;2018-11-09 17:43:23:071
-0.143;4.319;10.305;19.0;1.0;44.41;48.16153;11.55728;497.1;NaN;0.0;2.6;290.0;11 / 22;345122;2018-11-09 17:43:23:171
-0.181;3.782;9.213;9.0;1.0;50.63;48.16153;11.55728;497.1;NaN;0.0;2.6;290.0;11 / 22;345222;2018-11-09 17:43:23:271
-0.344;4.118;9.49;12.0;1.0;50.63;48.16153;11.55728;497.1;NaN;0.0;2.6;290.0;11 / 22;345321;2018-11-09 17:43:23:370
-0.21;4.012;9.596;19.0;1.0;50.63;48.16153;11.55728;497.1;NaN;0.0;2.6;290.0;11 / 22;345422;2018-11-09 17:43:23:471
-0.373;4.405;8.657;10.0;1.0;50.63;48.16153;11.55728;497.1;NaN;0.0;2.6;290.0;11 / 22;345522;2018-11-09 17:43:23:571
-0.469;4.204;9.165;24.0;1.0;46.19;48.16153;11.55728;497.1;NaN;0.0;2.6;290.0;11 / 22;345622;2018-11-09 17:43:23:671
-0.718;4.242;9.27;22.0;1.0;46.19;48.16153;11.55728;497.1;NaN;0.0;2.6;290.0;11 / 22;345722;2018-11-09 17:43:23:771
-0.545;4.146;9.299;30.0;1.0;46.19;48.16153;11.55728;497.1;NaN;0.0;2.6;290.0;11 / 22;345822;2018-11-09 17:43:23:871
-1.264;3.964;9.117;33.0;1.0;46.41;48.16153;11.55728;497.1;NaN;0.0;2.6;290.0;11 / 22;345922;2018-11-09 17:43:23:971
-0.191;4.108;9.96;17.0;1.0;46.41;48.16153;11.55728;497.1;NaN;0.0;2.6;290.0;11 / 22;346021;2018-11-09 17:43:24:070
-0.057;4.07;9.318;3.0;1.0;46.41;48.16153;11.55728;497.1;NaN;0.0;2.6;290.0;11 / 22;346124;2018-11-09 17:43:24:173
-0.229;4.079;8.265;21.0;1.0;49.39;48.16153;11.55728;497.1;NaN;0.0;2.6;290.0;11 / 22;346222;2018-11-09 17:43:24:271
-0.488;4.233;8.83;27.0;1.0;49.39;48.16153;11.55728;497.1;NaN;0.0;2.6;290.0;11 / 22;346321;2018-11-09 17:43:24:370
-0.325;4.099;8.81;20.0;1.0;49.39;48.16153;11.55728;497.1;NaN;0.0;2.6;290.0;11 / 22;346422;2018-11-09 17:43:24:471
-0.44;4.166;8.983;35.0;1.0;47.31;48.16153;11.55728;497.1;NaN;0.0;2.6;290.0;11 / 22;346522;2018-11-09 17:43:24:571
-0.976;4.175;10.908;21.0;1.0;47.31;48.16153;11.55728;497.1;NaN;0.0;2.6;290.0;11 / 22;346622;2018-11-09 17:43:24:671
-0.498;4.166;9.165;24.0;1.0;47.31;48.16153;11.55728;497.1;NaN;0.0;2.6;290.0;11 / 22;346721;2018-11-09 17:43:24:770
-0.277;4.127;9.692;11.0;1.0;47.29;48.16153;11.55728;497.1;NaN;0.0;2.6;290.0;11 / 22;346822;2018-11-09 17:43:24:871
-0.277;4.271;9.059;13.0;1.0;47.29;48.16153;11.55728;497.1;NaN;0.0;2.6;290.0;11 / 22;346922;2018-11-09 17:43:24:971
0.459;3.83;9.519;4.0;1.0;47.29;48.16153;11.55728;497.1;NaN;0.0;2.6;290.0;11 / 22;347022;2018-11-09 17:43:25:071
-0.316;4.453;9.644;34.0;1.0;45.95;48.16153;11.55728;497.1;NaN;0.0;2.6;290.0;11 / 22;347123;2018-11-09 17:43:25:172
-0.421;4.395;8.494;18.0;1.0;45.95;48.16153;11.55728;497.1;NaN;0.0;2.6;290.0;11 / 22;347222;2018-11-09 17:43:25:271
-0.411;4.558;9.069;23.0;1.0;45.95;48.16153;11.55728;497.1;NaN;0.0;2.6;290.0;11 / 22;347321;2018-11-09 17:43:25:370
-0.268;4.233;9.107;31.0;1.0;45.07;48.16153;11.55728;497.1;NaN;0.0;2.6;290.0;11 / 22;347421;2018-11-09 17:43:25:470
-0.507;4.443;9.251;25.0;1.0;45.07;48.16153;11.55728;497.1;NaN;0.0;2.6;290.0;11 / 22;347521;2018-11-09 17:43:25:570
-0.114;4.003;9.347;15.0;1.0;45.07;48.16153;11.55728;497.1;NaN;0.0;2.6;290.0;11 / 22;347622;2018-11-09 17:43:25:671
-0.335;4.118;9.701;28.0;1.0;36.23;48.16153;11.55728;497.1;NaN;0.0;2.6;290.0;11 / 22;347721;2018-11-09 17:43:25:770
-0.172;3.782;9.452;21.0;1.0;36.23;48.16153;11.55728;497.1;NaN;0.0;2.6;290.0;11 / 22;347821;2018-11-09 17:43:25:870
-0.086;3.955;9.347;19.0;1.0;36.23;48.16153;11.55728;497.1;NaN;0.0;2.6;290.0;11 / 22;347922;2018-11-09 17:43:25:971
-0.21;4.003;9.232;19.0;1.0;35.9;48.16153;11.55728;497.1;NaN;0.0;2.6;290.0;11 / 22;348022;2018-11-09 17:43:26:071
-0.296;4.127;9.519;18.0;1.0;35.9;48.16153;11.55728;497.1;NaN;0.0;2.6;290.0;11 / 22;348121;2018-11-09 17:43:26:170
-0.229;4.07;9.557;21.0;1.0;35.9;48.16153;11.55728;497.1;NaN;0.0;2.6;290.0;11 / 22;348221;2018-11-09 17:43:26:270
-0.45;3.907;10.477;31.0;1.0;37.63;48.16153;11.55728;497.1;NaN;0.0;2.6;290.0;11 / 22;348322;2018-11-09 17:43:26:371
-0.22;4.118;10.803;22.0;1.0;37.63;48.16153;11.55728;497.1;NaN;0.0;2.6;290.0;11 / 22;348422;2018-11-09 17:43:26:471
-0.172;3.792;9.28;25.0;1.0;37.63;48.16153;11.55728;497.1;NaN;0.0;2.6;290.0;11 / 22;348522;2018-11-09 17:43:26:571
-0.373;4.261;8.705;2.0;1.0;44.17;48.16153;11.55728;497.1;NaN;0.0;2.6;290.0;11 / 22;348621;2018-11-09 17:43:26:670
-0.229;3.964;9.308;19.0;1.0;44.17;48.16153;11.55728;497.1;NaN;0.0;2.6;290.0;11 / 22;348721;2018-11-09 17:43:26:770
-0.316;4.127;9.385;28.0;1.0;44.17;48.16153;11.55728;497.1;NaN;0.0;2.6;290.0;11 / 22;348822;2018-11-09 17:43:26:871
-0.316;4.127;9.366;15.0;1.0;47.05;48.16153;11.55728;497.1;NaN;0.0;2.6;290.0;11 / 22;348922;2018-11-09 17:43:26:971
0.095;3.888;9.921;28.0;1.0;47.05;48.16153;11.55728;497.1;NaN;0.0;2.6;290.0;11 / 22;349022;2018-11-09 17:43:27:071
-0.421;4.223;9.807;33.0;1.0;47.05;48.16153;11.55728;497.1;NaN;0.0;2.6;290.0;11 / 22;349122;2018-11-09 17:43:27:171
-0.785;4.328;9.759;15.0;1.0;35.43;48.16153;11.55728;497.1;NaN;0.0;2.6;290.0;11 / 22;349221;2018-11-09 17:43:27:270
0.047;3.754;9.577;24.0;1.0;35.43;48.16153;11.55728;497.1;NaN;0.0;2.6;290.0;11 / 22;349321;2018-11-09 17:43:27:370
-0.22;4.051;9.433;10.0;1.0;35.43;48.16153;11.55728;497.1;NaN;0.0;2.6;290.0;11 / 22;349422;2018-11-09 17:43:27:471
-0.306;4.06;9.404;37.0;1.0;45.5;48.16153;11.55728;497.1;NaN;0.0;2.6;290.0;11 / 22;349522;2018-11-09 17:43:27:571
-0.268;3.955;9.098;19.0;1.0;45.5;48.16153;11.55728;497.1;NaN;0.0;2.6;290.0;11 / 22;349621;2018-11-09 17:43:27:670
-0.258;4.041;9.356;26.0;1.0;45.5;48.16153;11.55728;497.1;NaN;0.0;2.6;290.0;11 / 22;349721;2018-11-09 17:43:27:770
-0.363;4.204;9.308;14.0;1.0;49.23;48.16153;11.55728;497.1;NaN;0.0;2.6;290.0;11 / 22;349821;2018-11-09 17:43:27:870
-0.392;4.223;9.012;6.0;1.0;49.23;48.16153;11.55728;497.1;NaN;0.0;2.6;290.0;11 / 22;349921;2018-11-09 17:43:27:970
-0.421;4.319;9.308;27.0;1.0;49.23;48.16153;11.55728;497.1;NaN;0.0;2.6;290.0;11 / 22;350021;2018-11-09 17:43:28:070
-0.249;4.328;8.973;18.0;1.0;39.43;48.16153;11.55728;497.1;NaN;0.0;2.6;290.0;11 / 21;350121;2018-11-09 17:43:28:170
-0.21;4.146;9.155;36.0;1.0;39.43;48.16153;11.55728;497.1;NaN;0.0;2.6;290.0;11 / 21;350222;2018-11-09 17:43:28:271
-0.21;4.271;8.265;26.0;1.0;39.43;48.16153;11.55728;497.1;NaN;0.0;2.6;290.0;11 / 21;350322;2018-11-09 17:43:28:371
-0.172;4.127;9.232;31.0;1.0;36.38;48.16153;11.55728;497.1;NaN;0.0;2.6;290.0;11 / 21;350422;2018-11-09 17:43:28:471
-0.153;4.185;9.155;27.0;1.0;36.38;48.16153;11.55728;497.1;NaN;0.0;2.6;290.0;11 / 21;350521;2018-11-09 17:43:28:570
-0.316;4.29;9.155;29.0;1.0;36.38;48.16153;11.55728;497.1;NaN;0.0;2.6;290.0;11 / 21;350622;2018-11-09 17:43:28:671
-0.296;3.964;9.874;27.0;1.0;44.79;48.16153;11.55728;497.1;NaN;0.0;2.6;290.0;11 / 21;350722;2018-11-09 17:43:28:771
0.047;4.137;8.906;11.0;1.0;44.79;48.16153;11.55728;497.1;NaN;0.0;2.6;290.0;11 / 21;350822;2018-11-09 17:43:28:871
-0.402;4.415;8.427;22.0;1.0;44.79;48.16153;11.55728;497.1;NaN;0.0;2.6;290.0;11 / 21;350922;2018-11-09 17:43:28:971
-0.249;4.348;9.04;19.0;1.0;37.03;48.16153;11.55728;497.1;NaN;0.0;2.6;290.0;11 / 21;351022;2018-11-09 17:43:29:071
-0.191;4.127;9.299;32.0;1.0;37.03;48.16153;11.55728;497.1;NaN;0.0;2.6;290.0;11 / 21;351122;2018-11-09 17:43:29:171
-0.727;4.051;10.218;17.0;1.0;37.03;48.16153;11.55728;497.1;NaN;0.0;2.6;290.0;11 / 21;351222;2018-11-09 17:43:29:271
-0.459;4.166;9.328;33.0;1.0;44.51;48.16153;11.55728;497.1;NaN;0.0;2.6;290.0;11 / 21;351321;2018-11-09 17:43:29:370
-0.373;4.003;9.96;23.0;1.0;44.51;48.16153;11.55728;497.1;NaN;0.0;2.6;290.0;11 / 21;351421;2018-11-09 17:43:29:470
-0.258;4.079;9.241;30.0;1.0;44.51;48.16153;11.55728;497.1;NaN;0.0;2.6;290.0;11 / 21;351522;2018-11-09 17:43:29:571
-0.162;4.213;9.194;22.0;1.0;45.18;48.16153;11.55728;497.1;NaN;0.0;2.6;290.0;11 / 21;351622;2018-11-09 17:43:29:671
-0.249;4.089;8.954;7.0;1.0;45.18;48.16153;11.55728;497.1;NaN;0.0;2.6;290.0;11 / 21;351722;2018-11-09 17:43:29:771
-0.44;4.453;9.366;18.0;1.0;45.18;48.16153;11.55728;497.1;NaN;0.0;2.6;290.0;11 / 21;351822;2018-11-09 17:43:29:871
-0.296;4.175;9.222;26.0;1.0;38.54;48.16153;11.55728;497.1;NaN;0.0;2.6;290.0;11 / 21;351922;2018-11-09 17:43:29:971
-0.296;4.252;9.452;23.0;1.0;38.54;48.16153;11.55728;497.1;NaN;0.0;2.6;290.0;11 / 21;352022;2018-11-09 17:43:30:071
-0.249;4.089;9.136;15.0;1.0;38.54;48.16153;11.55728;497.1;NaN;0.0;2.6;290.0;11 / 21;352122;2018-11-09 17:43:30:171
-0.124;3.974;9.194;18.0;1.0;37.69;48.16153;11.55728;497.1;NaN;0.0;2.6;290.0;11 / 21;352222;2018-11-09 17:43:30:271
-0.239;4.175;9.337;19.0;1.0;37.69;48.16153;11.55728;497.1;NaN;0.0;2.6;290.0;11 / 21;352322;2018-11-09 17:43:30:371
-0.057;4.118;10.63;26.0;1.0;37.69;48.16153;11.55728;497.1;NaN;0.0;2.6;290.0;11 / 21;352422;2018-11-09 17:43:30:471
1.13;3.131;8.542;13.0;1.0;37.66;48.16153;11.55728;497.1;NaN;0.0;2.6;290.0;11 / 21;352522;2018-11-09 17:43:30:571
-0.411;3.045;9.318;16.0;1.0;37.66;48.16153;11.55728;497.1;NaN;0.0;2.6;290.0;11 / 21;352622;2018-11-09 17:43:30:671
-0.287;2.604;8.945;18.0;1.0;37.66;48.16153;11.55728;497.1;NaN;0.0;2.6;290.0;11 / 21;352722;2018-11-09 17:43:30:771
0.469;2.03;10.582;17.0;1.0;37.91;48.16153;11.55728;497.1;NaN;0.0;2.6;290.0;11 / 21;352822;2018-11-09 17:43:30:871
-0.574;3.275;9.567;10.0;1.0;37.91;48.16153;11.55728;497.1;NaN;0.0;2.6;290.0;11 / 21;352921;2018-11-09 17:43:30:970
-0.842;3.61;9.481;24.0;1.0;37.91;48.16153;11.55728;497.1;NaN;0.0;2.6;290.0;11 / 21;353022;2018-11-09 17:43:31:071
-0.584;4.223;11.243;10.0;1.0;37.23;48.16153;11.55728;497.1;NaN;0.0;2.6;290.0;11 / 21;353122;2018-11-09 17:43:31:171
0.0;4.367;10.649;21.0;1.0;37.23;48.16153;11.55728;497.1;NaN;0.0;2.6;290.0;11 / 21;353222;2018-11-09 17:43:31:271
-2.624;3.141;6.359;0.0;1.0;37.23;48.16153;11.55728;497.1;NaN;0.0;2.6;290.0;11 / 21;353322;2018-11-09 17:43:31:371
-2.432;3.131;11.119;0.0;1.0;38.5;48.16153;11.55728;497.1;NaN;0.0;2.6;290.0;11 / 21;353422;2018-11-09 17:43:31:471
-0.909;2.853;9.232;16.0;1.0;38.5;48.16153;11.55728;497.1;NaN;0.0;2.6;290.0;11 / 21;353521;2018-11-09 17:43:31:570
-0.823;3.265;7.585;19.0;1.0;38.5;48.16153;11.55728;497.1;NaN;0.0;2.6;290.0;11 / 21;353622;2018-11-09 17:43:31:671
-0.584;3.984;10.113;17.0;1.0;40.42;48.16153;11.55728;497.1;NaN;0.0;2.6;290.0;11 / 21;353722;2018-11-09 17:43:31:771
-0.287;3.361;10.046;0.0;1.0;40.42;48.16153;11.55728;497.1;NaN;0.0;2.6;290.0;11 / 21;353822;2018-11-09 17:43:31:871
0.086;3.198;9.979;17.0;1.0;40.42;48.16153;11.55728;497.1;NaN;0.0;2.6;290.0;11 / 21;353922;2018-11-09 17:43:31:971
0.747;3.466;9.261;8.0;1.0;38.87;48.16153;11.55728;497.1;NaN;0.0;2.6;290.0;11 / 21;354022;2018-11-09 17:43:32:071
1.254;4.07;9.5;16.0;1.0;38.87;48.16153;11.55728;497.1;NaN;0.0;2.6;290.0;11 / 21;354122;2018-11-09 17:43:32:171
-1.455;3.524;7.728;6.0;1.0;38.87;48.16153;11.55728;497.1;NaN;0.0;2.6;290.0;11 / 21;354222;2018-11-09 17:43:32:271
-1.494;2.595;9.615;21.0;1.0;39.03;48.16153;11.55728;497.1;NaN;0.0;2.6;290.0;11 / 21;354321;2018-11-09 17:43:32:370
-1.187;3.792;11.186;8.0;1.0;39.03;48.16153;11.55728;497.1;NaN;0.0;2.6;290.0;11 / 21;354421;2018-11-09 17:43:32:470
-0.938;4.348;10.994;19.0;1.0;39.03;48.16153;11.55728;497.1;NaN;0.0;2.6;290.0;11 / 21;354521;2018-11-09 17:43:32:570
-1.043;4.98;7.92;21.0;1.0;37.82;48.16153;11.55728;497.1;NaN;0.0;2.6;290.0;11 / 21;354622;2018-11-09 17:43:32:671
1.829;6.387;6.445;25.0;1.0;37.82;48.16153;11.55728;497.1;NaN;0.0;2.6;290.0;11 / 21;354722;2018-11-09 17:43:32:771
-0.641;6.186;9.605;12.0;1.0;37.82;48.16153;11.55728;497.1;NaN;0.0;2.6;290.0;11 / 21;354822;2018-11-09 17:43:32:871
0.737;4.491;7.776;20.0;1.0;38.26;48.16153;11.55728;497.1;NaN;0.0;2.6;290.0;11 / 21;354923;2018-11-09 17:43:32:972
0.153;3.342;7.326;26.0;1.0;38.26;48.16153;11.55728;497.1;NaN;0.0;2.6;290.0;11 / 21;355021;2018-11-09 17:43:33:070
-1.283;4.721;6.253;19.0;1.0;38.26;48.16153;11.55728;497.1;NaN;0.0;2.6;290.0;11 / 21;355122;2018-11-09 17:43:33:171
-2.595;5.334;10.266;14.0;1.0;38.48;48.16153;11.55728;497.1;NaN;0.0;2.6;290.0;11 / 21;355222;2018-11-09 17:43:33:271
-0.823;5.238;8.207;24.0;1.0;38.48;48.16153;11.55728;497.1;NaN;0.0;2.6;290.0;11 / 21;355322;2018-11-09 17:43:33:371
-0.249;4.989;8.945;19.0;1.0;38.48;48.16153;11.55728;497.1;NaN;0.0;2.6;290.0;11 / 21;355421;2018-11-09 17:43:33:470
-1.513;4.501;8.945;14.0;1.0;38.18;48.16153;11.55728;497.1;NaN;0.0;2.6;290.0;11 / 21;355521;2018-11-09 17:43:33:570
-1.618;4.568;9.385;16.0;1.0;38.18;48.16153;11.55728;497.1;NaN;0.0;2.6;290.0;11 / 21;355621;2018-11-09 17:43:33:670
-0.718;4.75;8.312;12.0;1.0;38.18;48.16153;11.55728;497.1;NaN;0.0;2.6;290.0;11 / 21;355721;2018-11-09 17:43:33:770
-0.948;5.411;7.757;19.0;1.0;38.41;48.16153;11.55728;497.1;NaN;0.0;2.6;290.0;11 / 21;355822;2018-11-09 17:43:33:871
-0.344;5.449;9.596;26.0;1.0;38.41;48.16153;11.55728;497.1;NaN;0.0;2.6;290.0;11 / 21;355922;2018-11-09 17:43:33:971
-0.689;4.654;8.102;18.0;1.0;38.41;48.16153;11.55728;497.1;NaN;0.0;2.6;290.0;11 / 21;356022;2018-11-09 17:43:34:071
-1.149;5.468;7.996;19.0;1.0;38.23;48.16153;11.55728;497.1;NaN;0.0;2.6;290.0;11 / 21;356122;2018-11-09 17:43:34:171
-1.484;4.51;9.538;24.0;1.0;38.23;48.16153;11.55728;497.1;NaN;0.0;2.6;290.0;11 / 21;356222;2018-11-09 17:43:34:271
-1.417;4.683;8.255;25.0;1.0;38.23;48.16153;11.55728;497.1;NaN;0.0;2.6;290.0;11 / 21;356322;2018-11-09 17:43:34:371
-0.823;5.181;8.322;17.0;1.0;38.6;48.16153;11.55728;497.1;NaN;0.0;2.6;290.0;11 / 21;356422;2018-11-09 17:43:34:471
-1.608;4.635;9.136;28.0;1.0;38.6;48.16153;11.55728;497.1;NaN;0.0;2.6;290.0;11 / 21;356522;2018-11-09 17:43:34:571
-1.206;4.922;8.552;2.0;1.0;38.6;48.16153;11.55728;497.1;NaN;0.0;2.6;290.0;11 / 21;356622;2018-11-09 17:43:34:671
-0.814;5.382;8.188;21.0;1.0;39.8;48.16153;11.55728;497.1;NaN;0.0;2.6;290.0;11 / 21;356722;2018-11-09 17:43:34:771
-1.225;4.462;9.232;17.0;1.0;39.8;48.16153;11.55728;497.1;NaN;0.0;2.6;290.0;11 / 21;356821;2018-11-09 17:43:34:870
-0.766;5.286;8.447;22.0;1.0;39.8;48.16153;11.55728;497.1;NaN;0.0;2.6;290.0;11 / 21;356922;2018-11-09 17:43:34:971
-0.842;4.836;8.475;3.0;1.0;40.15;48.16153;11.55728;497.1;NaN;0.0;2.6;290.0;11 / 21;357022;2018-11-09 17:43:35:071
-0.996;4.855;8.906;16.0;1.0;40.15;48.16153;11.55728;497.1;NaN;0.0;2.6;290.0;11 / 21;357122;2018-11-09 17:43:35:171
-0.66;5.133;8.494;44.0;1.0;40.15;48.16153;11.55728;497.1;NaN;0.0;2.6;290.0;12 / 21;357221;2018-11-09 17:43:35:270
-0.976;4.721;8.638;13.0;1.0;39.36;48.16153;11.55728;497.1;NaN;0.0;2.6;290.0;12 / 21;357321;2018-11-09 17:43:35:370
-0.737;5.104;8.59;15.0;1.0;39.36;48.16153;11.55728;497.1;NaN;0.0;2.6;290.0;12 / 21;357422;2018-11-09 17:43:35:471
-0.852;5.028;9.174;12.0;1.0;39.36;48.16153;11.55728;497.1;NaN;0.0;2.6;290.0;12 / 21;357521;2018-11-09 17:43:35:570
-1.216;4.568;8.447;19.0;1.0;39.84;48.16153;11.55728;497.1;NaN;0.0;2.6;290.0;12 / 21;357621;2018-11-09 17:43:35:670
-0.996;4.807;8.178;19.0;1.0;39.84;48.16153;11.55728;497.1;NaN;0.0;2.6;290.0;12 / 21;357722;2018-11-09 17:43:35:771
-1.436;4.932;9.002;11.0;1.0;39.84;48.16153;11.55728;497.1;NaN;0.0;2.6;290.0;12 / 21;357822;2018-11-09 17:43:35:871
-1.494;4.721;8.782;34.0;1.0;43.93;48.16153;11.55728;497.1;NaN;0.0;2.6;290.0;12 / 21;357922;2018-11-09 17:43:35:971
-1.484;4.989;8.447;20.0;1.0;43.93;48.16153;11.55728;497.1;NaN;0.0;2.6;290.0;12 / 21;358021;2018-11-09 17:43:36:070
-1.369;4.721;8.542;31.0;1.0;43.93;48.16153;11.55728;497.1;NaN;0.0;2.6;290.0;12 / 21;358122;2018-11-09 17:43:36:171
-1.704;4.625;9.069;31.0;1.0;46.44;48.16153;11.55728;497.1;NaN;0.0;2.6;290.0;12 / 21;358222;2018-11-09 17:43:36:271
-0.833;5.315;8.36;3.0;1.0;46.44;48.16153;11.55728;497.1;NaN;0.0;2.6;290.0;12 / 21;358322;2018-11-09 17:43:36:371
-1.905;4.146;9.031;19.0;1.0;46.44;48.16153;11.55728;497.1;NaN;0.0;2.6;290.0;12 / 21;358422;2018-11-09 17:43:36:471
-1.139;4.664;8.456;32.0;1.0;45.21;48.16153;11.55728;497.1;NaN;0.0;2.6;290.0;12 / 21;358522;2018-11-09 17:43:36:571
-1.072;4.692;8.973;34.0;1.0;45.21;48.16153;11.55728;497.1;NaN;0.0;2.6;290.0;12 / 21;358622;2018-11-09 17:43:36:671
-1.302;3.926;9.596;24.0;1.0;45.21;48.16153;11.55728;497.1;NaN;0.0;2.6;290.0;12 / 21;358722;2018-11-09 17:43:36:771
-0.555;4.003;9.04;28.0;1.0;47.05;48.16153;11.55728;497.1;NaN;0.0;2.6;290.0;12 / 21;358822;2018-11-09 17:43:36:871
0.009;3.964;9.5;14.0;1.0;47.05;48.16153;11.55728;497.1;NaN;0.0;2.6;290.0;12 / 21;358922;2018-11-09 17:43:36:971
0.153;3.773;8.964;11.0;1.0;47.05;48.16153;11.55728;497.1;NaN;0.0;2.6;290.0;12 / 21;359022;2018-11-09 17:43:37:071
0.191;3.438;10.103;16.0;1.0;46.65;48.16153;11.55728;497.1;NaN;0.0;2.6;290.0;12 / 21;359122;2018-11-09 17:43:37:171
-0.421;4.089;9.098;13.0;1.0;46.65;48.16153;11.55728;497.1;NaN;0.0;2.6;290.0;12 / 21;359222;2018-11-09 17:43:37:271
-0.076;3.419;9.127;18.0;1.0;46.65;48.16153;11.55728;497.1;NaN;0.0;2.6;290.0;12 / 21;359322;2018-11-09 17:43:37:371
0.095;3.361;9.299;24.0;1.0;46.91;48.16153;11.55728;497.1;NaN;0.0;2.6;290.0;12 / 21;359422;2018-11-09 17:43:37:471
-0.45;3.888;8.992;29.0;1.0;46.91;48.16153;11.55728;497.1;NaN;0.0;2.6;290.0;12 / 21;359522;2018-11-09 17:43:37:571
0.009;3.39;9.385;14.0;1.0;46.91;48.16153;11.55728;497.1;NaN;0.0;2.6;290.0;12 / 21;359622;2018-11-09 17:43:37:671
-0.21;3.639;9.596;31.0;1.0;46.91;48.16153;11.55728;497.1;NaN;0.0;2.6;290.0;12 / 21;359722;2018-11-09 17:43:37:771
-0.354;3.744;9.529;29.0;1.0;48.26;48.16153;11.55728;497.1;NaN;0.0;2.6;290.0;12 / 21;359821;2018-11-09 17:43:37:870
-0.143;3.62;9.232;20.0;1.0;48.26;48.16153;11.55728;497.1;NaN;0.0;2.6;290.0;12 / 21;359922;2018-11-09 17:43:37:971
-0.201;3.763;9.557;5.0;1.0;48.26;48.16153;11.55728;497.1;NaN;0.0;2.6;290.0;12 / 21;360022;2018-11-09 17:43:38:071
-0.162;3.639;9.251;12.0;1.0;49.84;48.16153;11.55728;497.1;NaN;0.0;2.6;290.0;12 / 21;360121;2018-11-09 17:43:38:170
0.067;3.438;9.251;20.0;1.0;49.84;48.16153;11.55728;497.1;NaN;0.0;2.6;290.0;12 / 21;360221;2018-11-09 17:43:38:270
-0.076;3.352;9.5;22.0;1.0;49.84;48.16153;11.55728;497.1;NaN;0.0;2.6;290.0;12 / 21;360321;2018-11-09 17:43:38:370
0.296;3.208;10.103;3.0;1.0;49.91;48.16153;11.55728;497.1;NaN;0.0;2.6;290.0;12 / 21;360422;2018-11-09 17:43:38:471
0.0;3.284;9.596;26.0;1.0;49.91;48.16153;11.55728;497.1;NaN;0.0;2.6;290.0;12 / 21;360522;2018-11-09 17:43:38:571
-0.517;4.06;9.328;20.0;1.0;49.91;48.16153;11.55728;497.1;NaN;0.0;2.6;290.0;12 / 21;360622;2018-11-09 17:43:38:671
-0.526;4.261;8.954;24.0;1.0;51.33;48.16153;11.55728;497.1;NaN;0.0;2.6;290.0;12 / 21;360722;2018-11-09 17:43:38:771
-0.249;4.079;8.657;38.0;1.0;51.33;48.16153;11.55728;497.1;NaN;0.0;2.6;290.0;12 / 21;360821;2018-11-09 17:43:38:870
-0.373;4.108;8.916;40.0;1.0;51.33;48.16153;11.55728;497.1;NaN;0.0;2.6;290.0;12 / 21;360921;2018-11-09 17:43:38:970
-0.402;4.204;9.107;32.0;1.0;50.74;48.16153;11.55728;497.1;NaN;0.0;2.6;290.0;12 / 21;361022;2018-11-09 17:43:39:071
0.191;3.342;10.209;25.0;1.0;50.74;48.16153;11.55728;497.1;NaN;0.0;2.6;290.0;12 / 21;361122;2018-11-09 17:43:39:171
-0.143;4.07;8.878;22.0;1.0;50.74;48.16153;11.55728;497.1;NaN;0.0;2.6;290.0;12 / 21;361222;2018-11-09 17:43:39:271
-0.086;3.782;9.826;17.0;1.0;53.48;48.16153;11.55728;497.1;NaN;0.0;2.6;290.0;12 / 21;361322;2018-11-09 17:43:39:371
-0.258;3.792;9.299;19.0;1.0;53.48;48.16153;11.55728;497.1;NaN;0.0;2.6;290.0;12 / 21;361421;2018-11-09 17:43:39:470
0.067;3.706;8.992;23.0;1.0;53.48;48.16153;11.55728;497.1;NaN;0.0;2.6;290.0;12 / 21;361521;2018-11-09 17:43:39:570
-0.057;3.687;9.807;17.0;1.0;53.03;48.16153;11.55728;497.1;NaN;0.0;2.6;290.0;12 / 21;361622;2018-11-09 17:43:39:671
0.019;3.581;9.289;20.0;1.0;53.03;48.16153;11.55728;497.1;NaN;0.0;2.6;290.0;12 / 21;361722;2018-11-09 17:43:39:771
-0.095;3.629;9.749;4.0;1.0;53.03;48.16153;11.55728;497.1;NaN;0.0;2.6;290.0;12 / 21;361822;2018-11-09 17:43:39:871
-0.114;3.61;9.222;23.0;1.0;55.02;48.16153;11.55728;497.1;NaN;0.0;2.6;290.0;12 / 21;361922;2018-11-09 17:43:39:971
-0.229;3.792;9.356;13.0;1.0;55.02;48.16153;11.55728;497.1;NaN;0.0;2.6;290.0;12 / 21;362021;2018-11-09 17:43:40:070
-0.105;3.601;9.366;19.0;1.0;55.02;48.16153;11.55728;497.1;NaN;0.0;2.6;290.0;12 / 21;362122;2018-11-09 17:43:40:171
-0.239;3.668;9.404;26.0;1.0;59.43;48.16153;11.55728;497.1;NaN;0.0;2.6;290.0;12 / 21;362222;2018-11-09 17:43:40:271
-0.21;3.811;9.194;11.0;1.0;59.43;48.16153;11.55728;497.1;NaN;0.0;2.6;290.0;12 / 21;362321;2018-11-09 17:43:40:370
-0.134;3.744;9.605;10.0;1.0;59.43;48.16153;11.55728;497.1;NaN;0.0;2.6;290.0;12 / 21;362422;2018-11-09 17:43:40:471
-0.105;3.706;9.299;18.0;1.0;58.47;48.16153;11.55728;497.1;NaN;0.0;2.6;290.0;12 / 21;362522;2018-11-09 17:43:40:571
-0.067;3.792;9.385;14.0;1.0;58.47;48.16153;11.55728;497.1;NaN;0.0;2.6;290.0;12 / 21;362622;2018-11-09 17:43:40:671
0.143;3.897;8.782;30.0;1.0;58.47;48.16153;11.55728;497.1;NaN;0.0;2.6;290.0;12 / 21;362722;2018-11-09 17:43:40:771
0.105;4.003;9.318;24.0;1.0;58.15;48.16153;11.55728;497.1;NaN;0.0;2.6;290.0;12 / 21;362822;2018-11-09 17:43:40:871
0.411;4.242;9.366;22.0;1.0;58.15;48.16153;11.55728;497.1;NaN;0.0;2.6;290.0;12 / 21;362922;2018-11-09 17:43:40:971
1.398;4.711;8.121;10.0;1.0;58.15;48.16153;11.55728;497.1;NaN;0.0;2.6;290.0;12 / 21;363022;2018-11-09 17:43:41:071
0.833;4.539;6.665;17.0;1.0;57.06;48.16153;11.55728;497.1;NaN;0.0;2.6;290.0;12 / 21;363122;2018-11-09 17:43:41:171
0.363;3.687;8.983;33.0;1.0;57.06;48.16153;11.55728;497.1;NaN;0.0;2.6;290.0;12 / 21;363222;2018-11-09 17:43:41:271
-0.057;3.581;9.969;22.0;1.0;57.06;48.16153;11.55728;497.1;NaN;0.0;2.6;290.0;12 / 21;363322;2018-11-09 17:43:41:371
-0.22;3.533;9.414;18.0;1.0;58.02;48.16153;11.55728;497.1;NaN;0.0;2.6;290.0;12 / 21;363422;2018-11-09 17:43:41:471
-0.296;3.572;9.797;14.0;1.0;58.02;48.16153;11.55728;497.1;NaN;0.0;2.6;290.0;12 / 21;363522;2018-11-09 17:43:41:571
-0.105;3.275;9.807;33.0;1.0;58.02;48.16153;11.55728;497.1;NaN;0.0;2.6;290.0;12 / 21;363621;2018-11-09 17:43:41:670
-0.21;3.246;9.653;22.0;1.0;58.26;48.16153;11.55728;497.1;NaN;0.0;2.6;290.0;12 / 21;363721;2018-11-09 17:43:41:770
-0.153;3.265;9.251;12.0;1.0;58.26;48.16153;11.55728;497.1;NaN;0.0;2.6;290.0;12 / 21;363822;2018-11-09 17:43:41:871
-0.21;3.352;9.51;6.0;1.0;58.26;48.16153;11.55728;497.1;NaN;0.0;2.6;290.0;12 / 21;363922;2018-11-09 17:43:41:971
-0.229;3.256;9.155;31.0;1.0;58.97;48.16153;11.55728;497.1;NaN;0.0;2.6;290.0;12 / 21;364022;2018-11-09 17:43:42:071
0.009;3.026;9.423;8.0;1.0;58.97;48.16153;11.55728;497.1;NaN;0.0;2.6;290.0;12 / 21;364122;2018-11-09 17:43:42:171
-0.21;3.15;9.127;10.0;1.0;58.97;48.16153;11.55728;497.1;NaN;0.0;2.6;290.0;12 / 21;364221;2018-11-09 17:43:42:270
-0.249;3.304;9.356;23.0;1.0;57.69;48.16153;11.55728;497.1;NaN;0.0;2.6;290.0;12 / 21;364322;2018-11-09 17:43:42:371
-0.153;3.237;9.27;5.0;1.0;57.69;48.16153;11.55728;497.1;NaN;0.0;2.6;290.0;12 / 21;364422;2018-11-09 17:43:42:471
-0.153;3.246;9.289;30.0;1.0;57.69;48.16153;11.55728;497.1;NaN;0.0;2.6;290.0;12 / 21;364521;2018-11-09 17:43:42:570
-0.402;3.131;9.586;16.0;1.0;57.59;48.16153;11.55728;497.1;NaN;0.0;2.6;290.0;12 / 21;364621;2018-11-09 17:43:42:670
-0.134;3.112;9.452;25.0;1.0;57.59;48.16153;11.55728;497.1;NaN;0.0;2.6;290.0;12 / 21;364722;2018-11-09 17:43:42:771
-0.095;3.102;9.414;26.0;1.0;57.59;48.16153;11.55728;497.1;NaN;0.0;2.6;290.0;12 / 21;364822;2018-11-09 17:43:42:871
-0.134;3.179;9.385;14.0;1.0;57.0;48.16153;11.55728;497.1;NaN;0.0;2.6;290.0;12 / 21;364922;2018-11-09 17:43:42:971
-0.153;3.112;9.51;35.0;1.0;57.0;48.16153;11.55728;497.1;NaN;0.0;2.6;290.0;12 / 21;365022;2018-11-09 17:43:43:071
-0.191;3.074;9.672;21.0;1.0;57.0;48.16153;11.55728;497.1;NaN;0.0;2.6;290.0;12 / 21;365122;2018-11-09 17:43:43:171
0.095;3.284;8.696;11.0;1.0;55.45;48.16153;11.55728;497.1;NaN;0.0;2.6;290.0;12 / 21;365221;2018-11-09 17:43:43:270
-0.181;3.15;9.615;21.0;1.0;55.45;48.16153;11.55728;497.1;NaN;0.0;2.6;290.0;12 / 21;365321;2018-11-09 17:43:43:370
-0.21;3.15;9.184;19.0;1.0;55.45;48.16153;11.55728;497.1;NaN;0.0;2.6;290.0;12 / 21;365422;2018-11-09 17:43:43:471
-0.153;3.074;9.376;17.0;1.0;55.15;48.16153;11.55728;497.1;NaN;0.0;2.6;290.0;12 / 21;365522;2018-11-09 17:43:43:571
-0.181;3.055;9.586;13.0;1.0;55.15;48.16153;11.55728;497.1;NaN;0.0;2.6;290.0;12 / 21;365622;2018-11-09 17:43:43:671
-0.095;3.074;9.538;34.0;1.0;55.15;48.16153;11.55728;497.1;NaN;0.0;2.6;290.0;12 / 21;365722;2018-11-09 17:43:43:771
0.191;2.853;9.49;25.0;1.0;54.22;48.16153;11.55728;497.1;NaN;0.0;2.6;290.0;12 / 21;365821;2018-11-09 17:43:43:870
-0.306;3.284;9.289;13.0;1.0;54.22;48.16153;11.55728;497.1;NaN;0.0;2.6;290.0;12 / 21;365921;2018-11-09 17:43:43:970
-0.239;3.323;8.81;26.0;1.0;54.22;48.16153;11.55728;497.1;NaN;0.0;2.6;290.0;12 / 21;366022;2018-11-09 17:43:44:071
-0.22;3.112;10.142;20.0;1.0;53.12;48.16153;11.55728;497.1;NaN;0.0;2.6;290.0;12 / 21;366121;2018-11-09 17:43:44:170
0.009;2.959;8.945;0.0;1.0;53.12;48.16153;11.55728;497.1;NaN;0.0;2.6;290.0;12 / 21;366221;2018-11-09 17:43:44:270
-0.316;3.227;9.787;18.0;1.0;53.12;48.16153;11.55728;497.1;NaN;0.0;2.6;290.0;12 / 21;366322;2018-11-09 17:43:44:371
-0.153;2.949;9.155;2.0;1.0;52.9;48.16153;11.55728;497.1;NaN;0.0;2.6;290.0;12 / 21;366422;2018-11-09 17:43:44:471
0.009;2.825;9.203;17.0;1.0;52.9;48.16153;11.55728;497.1;NaN;0.0;2.6;290.0;12 / 21;366522;2018-11-09 17:43:44:571
-0.172;3.16;9.596;10.0;1.0;52.9;48.16153;11.55728;497.1;NaN;0.0;2.6;290.0;12 / 21;366622;2018-11-09 17:43:44:671
-0.124;3.17;9.816;27.0;1.0;52.08;48.16153;11.55728;497.1;NaN;0.0;2.6;290.0;12 / 21;366722;2018-11-09 17:43:44:771
-0.268;3.189;9.807;18.0;1.0;52.08;48.16153;11.55728;497.1;NaN;0.0;2.6;290.0;12 / 21;366822;2018-11-09 17:43:44:871
0.268;2.892;9.462;19.0;1.0;52.08;48.16153;11.55728;497.1;NaN;0.0;2.6;290.0;12 / 21;366922;2018-11-09 17:43:44:971
-0.229;3.17;9.27;25.0;1.0;51.08;48.16153;11.55728;497.1;NaN;0.0;2.6;290.0;12 / 21;367022;2018-11-09 17:43:45:071
-0.105;3.294;9.577;18.0;1.0;51.08;48.16153;11.55728;497.1;NaN;0.0;2.6;290.0;12 / 21;367122;2018-11-09 17:43:45:171
-0.172;3.284;9.529;29.0;1.0;51.08;48.16153;11.55728;497.1;NaN;0.0;2.6;290.0;12 / 21;367222;2018-11-09 17:43:45:271
-0.114;3.332;8.954;22.0;1.0;52.45;48.16153;11.55728;497.1;NaN;0.0;2.6;290.0;12 / 21;367322;2018-11-09 17:43:45:371
0.028;3.332;8.332;28.0;1.0;52.45;48.16153;11.55728;497.1;NaN;0.0;2.6;290.0;12 / 21;367422;2018-11-09 17:43:45:471
-0.316;3.505;9.596;15.0;1.0;52.45;48.16153;11.55728;497.1;NaN;0.0;2.6;290.0;12 / 21;367522;2018-11-09 17:43:45:571
-0.335;3.428;9.778;18.0;1.0;51.07;48.16153;11.55728;497.1;NaN;0.0;2.6;290.0;12 / 21;367622;2018-11-09 17:43:45:671
-0.526;3.275;9.893;29.0;1.0;51.07;48.16153;11.55728;497.1;NaN;0.0;2.6;290.0;12 / 21;367722;2018-11-09 17:43:45:771
-0.699;3.074;9.385;25.0;1.0;51.07;48.16153;11.55728;497.1;NaN;0.0;2.6;290.0;12 / 21;367822;2018-11-09 17:43:45:871
0.325;3.198;10.008;33.0;1.0;51.32;48.16153;11.55728;497.1;NaN;0.0;2.6;290.0;12 / 21;367921;2018-11-09 17:43:45:970
-0.047;3.237;9.031;14.0;1.0;51.32;48.16153;11.55728;497.1;NaN;0.0;2.6;290.0;12 / 21;368022;2018-11-09 17:43:46:071
0.067;3.313;8.676;14.0;1.0;51.32;48.16153;11.55728;497.1;NaN;0.0;2.6;290.0;12 / 21;368122;2018-11-09 17:43:46:171
-0.009;3.725;9.088;7.0;1.0;52.98;48.16153;11.55728;497.1;NaN;0.0;2.6;290.0;12 / 21;368222;2018-11-09 17:43:46:271
-0.191;3.601;9.299;18.0;1.0;52.98;48.16153;11.55728;497.1;NaN;0.0;2.6;290.0;12 / 21;368321;2018-11-09 17:43:46:370
-0.067;3.658;8.035;25.0;1.0;52.98;48.16153;11.55728;497.1;NaN;0.0;2.6;290.0;12 / 21;368422;2018-11-09 17:43:46:471
-0.038;3.304;9.701;16.0;1.0;50.31;48.16153;11.55728;497.1;NaN;0.0;2.6;290.0;12 / 21;368522;2018-11-09 17:43:46:571
-1.034;3.754;9.27;16.0;1.0;50.31;48.16153;11.55728;497.1;NaN;0.0;2.6;290.0;12 / 21;368622;2018-11-09 17:43:46:671
-0.699;3.888;8.59;34.0;1.0;50.31;48.16153;11.55728;497.1;NaN;0.0;2.6;290.0;12 / 21;368722;2018-11-09 17:43:46:771
-0.22;3.639;8.188;30.0;1.0;51.95;48.16153;11.55728;497.1;NaN;0.0;2.6;290.0;12 / 21;368822;2018-11-09 17:43:46:871
-0.067;3.677;9.184;6.0;1.0;51.95;48.16153;11.55728;497.1;NaN;0.0;2.6;290.0;12 / 21;368922;2018-11-09 17:43:46:971
-0.268;3.495;9.404;19.0;1.0;51.95;48.16153;11.55728;497.1;NaN;0.0;2.6;290.0;12 / 21;369022;2018-11-09 17:43:47:071
-0.22;3.572;10.678;28.0;1.0;51.85;48.16153;11.55728;497.1;NaN;0.0;2.6;290.0;11 / 21;369122;2018-11-09 17:43:47:171
-0.019;3.294;9.557;22.0;1.0;51.85;48.16153;11.55728;497.1;NaN;0.0;2.6;290.0;11 / 21;369222;2018-11-09 17:43:47:271
-0.268;3.562;9.347;17.0;1.0;51.85;48.16153;11.55728;497.1;NaN;0.0;2.6;290.0;11 / 21;369322;2018-11-09 17:43:47:371
-0.373;3.562;9.385;15.0;1.0;50.42;48.16153;11.55728;497.1;NaN;0.0;2.6;290.0;11 / 21;369422;2018-11-09 17:43:47:471
-0.268;3.495;9.596;31.0;1.0;50.42;48.16153;11.55728;497.1;NaN;0.0;2.6;290.0;11 / 21;369522;2018-11-09 17:43:47:571
-0.383;3.562;9.557;22.0;1.0;50.42;48.16153;11.55728;497.1;NaN;0.0;2.6;290.0;11 / 21;369621;2018-11-09 17:43:47:670
-0.306;3.553;9.577;12.0;1.0;51.84;48.16153;11.55728;497.1;NaN;0.0;2.6;290.0;11 / 21;369721;2018-11-09 17:43:47:770
-0.43;3.601;9.768;11.0;1.0;51.84;48.16153;11.55728;497.1;NaN;0.0;2.6;290.0;11 / 21;369821;2018-11-09 17:43:47:870
-0.258;3.275;9.672;19.0;1.0;51.84;48.16153;11.55728;497.1;NaN;0.0;2.6;290.0;11 / 21;369921;2018-11-09 17:43:47:970
-0.277;3.447;9.519;18.0;1.0;52.5;48.16153;11.55728;497.1;NaN;0.0;2.6;290.0;11 / 21;370022;2018-11-09 17:43:48:071
-0.22;3.304;9.49;12.0;1.0;52.5;48.16153;11.55728;497.1;NaN;0.0;2.6;290.0;11 / 21;370122;2018-11-09 17:43:48:171
-0.287;3.399;9.433;18.0;1.0;52.5;48.16153;11.55728;497.1;NaN;0.0;2.6;290.0;11 / 21;370222;2018-11-09 17:43:48:271
-0.229;3.409;9.586;34.0;1.0;53.62;48.16153;11.55728;497.1;NaN;0.0;2.6;290.0;11 / 21;370322;2018-11-09 17:43:48:371
-0.383;3.495;9.605;28.0;1.0;53.62;48.16153;11.55728;497.1;NaN;0.0;2.6;290.0;11 / 21;370422;2018-11-09 17:43:48:471
-0.354;3.447;9.51;8.0;1.0;53.62;48.16153;11.55728;497.1;NaN;0.0;2.6;290.0;11 / 21;370522;2018-11-09 17:43:48:571
-0.469;3.533;9.385;21.0;1.0;54.35;48.16153;11.55728;497.1;NaN;0.0;2.6;290.0;11 / 21;370622;2018-11-09 17:43:48:671
-0.335;3.476;9.49;26.0;1.0;54.35;48.16153;11.55728;497.1;NaN;0.0;2.6;290.0;11 / 21;370723;2018-11-09 17:43:48:772
-0.383;3.533;9.615;23.0;1.0;54.35;48.16153;11.55728;497.1;NaN;0.0;2.6;290.0;11 / 21;370821;2018-11-09 17:43:48:870
-0.354;3.409;9.826;30.0;1.0;52.51;48.16153;11.55728;497.1;NaN;0.0;2.6;290.0;11 / 21;370922;2018-11-09 17:43:48:971
-0.392;3.352;9.644;19.0;1.0;52.51;48.16153;11.55728;497.1;NaN;0.0;2.6;290.0;11 / 21;371021;2018-11-09 17:43:49:070
-0.316;3.323;9.414;21.0;1.0;52.51;48.16153;11.55728;497.1;NaN;0.0;2.6;290.0;11 / 21;371122;2018-11-09 17:43:49:171
-0.363;3.409;9.653;19.0;1.0;54.77;48.16153;11.55728;497.1;NaN;0.0;2.6;290.0;11 / 21;371222;2018-11-09 17:43:49:271
-0.296;3.457;9.385;28.0;1.0;54.77;48.16153;11.55728;497.1;NaN;0.0;2.6;290.0;11 / 21;371321;2018-11-09 17:43:49:370
-0.411;3.466;9.826;13.0;1.0;54.77;48.16153;11.55728;497.1;NaN;0.0;2.6;290.0;11 / 21;371421;2018-11-09 17:43:49:470
-0.239;3.294;9.155;22.0;1.0;54.44;48.16153;11.55728;497.1;NaN;0.0;2.6;290.0;11 / 21;371522;2018-11-09 17:43:49:571
-0.335;3.466;9.615;11.0;1.0;54.44;48.16153;11.55728;497.1;NaN;0.0;2.6;290.0;11 / 21;371622;2018-11-09 17:43:49:671
-0.383;3.466;9.596;17.0;1.0;54.44;48.16153;11.55728;497.1;NaN;0.0;2.6;290.0;11 / 21;371722;2018-11-09 17:43:49:771
-0.258;3.419;9.5;16.0;1.0;54.44;48.16153;11.55728;497.1;NaN;0.0;2.6;290.0;11 / 21;371822;2018-11-09 17:43:49:871
-0.201;3.342;9.395;33.0;1.0;53.41;48.16153;11.55728;497.1;NaN;0.0;2.6;290.0;11 / 21;371921;2018-11-09 17:43:49:970
-0.354;3.505;9.356;17.0;1.0;53.41;48.16153;11.55728;497.1;NaN;0.0;2.6;290.0;11 / 21;372022;2018-11-09 17:43:50:071
-0.316;3.533;9.462;18.0;1.0;53.41;48.16153;11.55728;497.1;NaN;0.0;2.6;290.0;11 / 21;372122;2018-11-09 17:43:50:171
-0.287;3.591;9.51;15.0;1.0;53.27;48.16153;11.55728;497.1;NaN;0.0;2.6;290.0;11 / 21;372222;2018-11-09 17:43:50:271
-0.287;3.457;9.471;19.0;1.0;53.27;48.16153;11.55728;497.1;NaN;0.0;2.6;290.0;11 / 21;372322;2018-11-09 17:43:50:371
-0.296;3.572;9.452;24.0;1.0;53.27;48.16153;11.55728;497.1;NaN;0.0;2.6;290.0;11 / 21;372421;2018-11-09 17:43:50:470
-0.21;3.428;9.356;15.0;1.0;57.25;48.16153;11.55728;497.1;NaN;0.0;2.6;290.0;11 / 21;372521;2018-11-09 17:43:50:570
-0.277;3.514;9.385;17.0;1.0;57.25;48.16153;11.55728;497.1;NaN;0.0;2.6;290.0;11 / 21;372621;2018-11-09 17:43:50:670
-0.363;3.562;9.443;16.0;1.0;57.25;48.16153;11.55728;497.1;NaN;0.0;2.6;290.0;11 / 21;372721;2018-11-09 17:43:50:770
-0.363;3.61;9.625;21.0;1.0;61.32;48.16153;11.55728;497.1;NaN;0.0;2.6;290.0;11 / 21;372822;2018-11-09 17:43:50:871
-0.21;3.419;9.404;20.0;1.0;61.32;48.16153;11.55728;497.1;NaN;0.0;2.6;290.0;11 / 21;372922;2018-11-09 17:43:50:971
-0.325;3.505;9.538;10.0;1.0;61.32;48.16153;11.55728;497.1;NaN;0.0;2.6;290.0;11 / 21;373022;2018-11-09 17:43:51:071
-0.354;3.505;9.328;8.0;1.0;60.78;48.16153;11.55728;497.1;NaN;0.0;2.6;290.0;11 / 21;373122;2018-11-09 17:43:51:171
-0.277;3.505;9.644;18.0;1.0;60.78;48.16153;11.55728;497.1;NaN;0.0;2.6;290.0;12 / 21;373221;2018-11-09 17:43:51:270
-0.296;3.438;9.768;16.0;1.0;60.78;48.16153;11.55728;497.1;NaN;0.0;2.6;290.0;12 / 21;373321;2018-11-09 17:43:51:370
-0.22;3.409;9.443;19.0;1.0;55.35;48.16153;11.55728;497.1;NaN;0.0;2.6;290.0;12 / 21;373422;2018-11-09 17:43:51:471
-0.325;3.591;9.615;20.0;1.0;55.35;48.16153;11.55728;497.1;NaN;0.0;2.6;290.0;12 / 21;373522;2018-11-09 17:43:51:571
-0.239;3.399;9.385;16.0;1.0;55.35;48.16153;11.55728;497.1;NaN;0.0;2.6;290.0;12 / 21;373622;2018-11-09 17:43:51:671
-0.277;3.514;9.557;12.0;1.0;53.41;48.16153;11.55728;497.1;NaN;0.0;2.6;290.0;12 / 21;373722;2018-11-09 17:43:51:771
-0.249;3.466;9.519;25.0;1.0;53.41;48.16153;11.55728;497.1;NaN;0.0;2.6;290.0;12 / 21;373822;2018-11-09 17:43:51:871
-0.268;3.495;9.51;16.0;1.0;53.41;48.16153;11.55728;497.1;NaN;0.0;2.6;290.0;12 / 21;373921;2018-11-09 17:43:51:970
-0.306;3.505;9.481;31.0;1.0;50.74;48.16153;11.55728;497.1;NaN;0.0;2.6;290.0;12 / 21;374021;2018-11-09 17:43:52:070
-0.316;3.514;9.452;17.0;1.0;50.74;48.16153;11.55728;497.1;NaN;0.0;2.6;290.0;12 / 21;374121;2018-11-09 17:43:52:170
-0.363;3.591;9.615;10.0;1.0;50.74;48.16153;11.55728;497.1;NaN;0.0;2.6;290.0;12 / 21;374222;2018-11-09 17:43:52:271
-0.258;3.553;9.49;25.0;1.0;50.39;48.16153;11.55728;497.1;NaN;0.0;2.6;290.0;12 / 21;374322;2018-11-09 17:43:52:371
-0.249;3.553;9.28;16.0;1.0;50.39;48.16153;11.55728;497.1;NaN;0.0;2.6;290.0;12 / 21;374422;2018-11-09 17:43:52:471
-0.316;3.486;9.318;12.0;1.0;50.39;48.16153;11.55728;497.1;NaN;0.0;2.6;290.0;12 / 21;374522;2018-11-09 17:43:52:571
-0.258;3.514;9.548;28.0;1.0;48.97;48.16153;11.55728;497.1;NaN;0.0;2.6;290.0;12 / 21;374622;2018-11-09 17:43:52:671
-0.268;3.572;9.577;22.0;1.0;48.97;48.16153;11.55728;497.1;NaN;0.0;2.6;290.0;12 / 21;374722;2018-11-09 17:43:52:771
-0.363;3.629;9.49;19.0;1.0;48.97;48.16153;11.55728;497.1;NaN;0.0;2.6;290.0;12 / 21;374822;2018-11-09 17:43:52:871
-0.335;3.543;9.672;14.0;1.0;49.31;48.16153;11.55728;497.1;NaN;0.0;2.6;290.0;12 / 21;374922;2018-11-09 17:43:52:971
-0.287;3.524;9.567;30.0;1.0;49.31;48.16153;11.55728;497.1;NaN;0.0;2.6;290.0;12 / 21;375021;2018-11-09 17:43:53:070
-0.325;3.677;9.443;31.0;1.0;49.31;48.16153;11.55728;497.1;NaN;0.0;2.6;290.0;12 / 21;375125;2018-11-09 17:43:53:174
-0.296;3.62;9.366;17.0;1.0;50.16;48.16153;11.55728;497.1;NaN;0.0;2.6;290.0;12 / 21;375222;2018-11-09 17:43:53:271
-0.249;3.495;9.471;27.0;1.0;50.16;48.16153;11.55728;497.1;NaN;0.0;2.6;290.0;12 / 21;375321;2018-11-09 17:43:53:370
-0.287;3.591;9.538;19.0;1.0;50.16;48.16153;11.55728;497.1;NaN;0.0;2.6;290.0;12 / 21;375422;2018-11-09 17:43:53:471
-0.249;3.524;9.213;14.0;1.0;52.67;48.16153;11.55728;497.1;NaN;0.0;2.6;290.0;12 / 21;375522;2018-11-09 17:43:53:571
-0.277;3.553;9.222;28.0;1.0;52.67;48.16153;11.55728;497.1;NaN;0.0;2.6;290.0;12 / 21;375622;2018-11-09 17:43:53:671
-0.21;3.457;9.433;45.0;1.0;52.67;48.16153;11.55728;497.1;NaN;0.0;2.6;290.0;12 / 21;375722;2018-11-09 17:43:53:771
-0.229;3.438;9.519;9.0;1.0;53.81;48.16153;11.55728;497.1;NaN;0.0;2.6;290.0;12 / 21;375822;2018-11-09 17:43:53:871
-0.277;3.457;9.644;26.0;1.0;53.81;48.16153;11.55728;497.1;NaN;0.0;2.6;290.0;12 / 21;375921;2018-11-09 17:43:53:970
-0.21;3.428;9.385;24.0;1.0;53.81;48.16153;11.55728;497.1;NaN;0.0;2.6;290.0;12 / 21;376021;2018-11-09 17:43:54:070
-0.249;3.486;9.538;14.0;1.0;56.01;48.16153;11.55728;497.1;NaN;0.0;2.6;290.0;12 / 21;376121;2018-11-09 17:43:54:170
-0.249;3.495;9.49;28.0;1.0;56.01;48.16153;11.55728;497.1;NaN;0.0;2.6;290.0;12 / 21;376221;2018-11-09 17:43:54:270
-0.325;3.399;9.682;14.0;1.0;56.01;48.16153;11.55728;497.1;NaN;0.0;2.6;290.0;12 / 21;376321;2018-11-09 17:43:54:370
-0.344;3.495;9.5;27.0;1.0;57.57;48.16153;11.55728;497.1;NaN;0.0;2.6;290.0;12 / 21;376421;2018-11-09 17:43:54:470
-0.354;3.629;9.596;9.0;1.0;57.57;48.16153;11.55728;497.1;NaN;0.0;2.6;290.0;12 / 21;376521;2018-11-09 17:43:54:570
-0.344;3.505;9.5;6.0;1.0;57.57;48.16153;11.55728;497.1;NaN;0.0;2.6;290.0;12 / 21;376621;2018-11-09 17:43:54:670
-0.287;3.486;9.385;5.0;1.0;56.41;48.16153;11.55728;497.1;NaN;0.0;2.6;290.0;12 / 21;376722;2018-11-09 17:43:54:771
-0.325;3.61;9.462;25.0;1.0;56.41;48.16153;11.55728;497.1;NaN;0.0;2.6;290.0;12 / 21;376822;2018-11-09 17:43:54:871
-0.296;3.581;9.51;22.0;1.0;56.41;48.16153;11.55728;497.1;NaN;0.0;2.6;290.0;12 / 21;376921;2018-11-09 17:43:54:970
-0.335;3.581;9.538;5.0;1.0;55.84;48.16153;11.55728;497.1;NaN;0.0;2.6;290.0;12 / 21;377021;2018-11-09 17:43:55:070
-0.296;3.572;9.5;0.0;1.0;55.84;48.16153;11.55728;497.1;NaN;0.0;2.6;290.0;12 / 21;377122;2018-11-09 17:43:55:171
-0.373;3.706;9.538;20.0;1.0;55.84;48.16153;11.55728;497.1;NaN;0.0;2.6;290.0;12 / 21;377222;2018-11-09 17:43:55:271
-0.268;3.591;9.289;11.0;1.0;54.98;48.16153;11.55728;497.1;NaN;0.0;2.6;290.0;12 / 21;377322;2018-11-09 17:43:55:371
-0.277;3.668;9.404;25.0;1.0;54.98;48.16153;11.55728;497.1;NaN;0.0;2.6;290.0;12 / 21;377422;2018-11-09 17:43:55:471
-0.229;3.61;9.366;12.0;1.0;54.98;48.16153;11.55728;497.1;NaN;0.0;2.6;290.0;12 / 21;377522;2018-11-09 17:43:55:571
-0.153;3.514;9.251;7.0;1.0;52.13;48.16153;11.55728;497.1;NaN;0.0;2.6;290.0;12 / 21;377622;2018-11-09 17:43:55:671
0.086;3.466;8.897;16.0;1.0;52.13;48.16153;11.55728;497.1;NaN;0.0;2.6;290.0;12 / 21;377722;2018-11-09 17:43:55:771
-0.296;3.409;9.385;11.0;1.0;52.13;48.16153;11.55728;497.1;NaN;0.0;2.6;290.0;12 / 21;377821;2018-11-09 17:43:55:870
-0.287;3.514;9.251;14.0;1.0;51.18;48.16153;11.55728;497.1;NaN;0.0;2.6;290.0;12 / 21;377921;2018-11-09 17:43:55:970
-0.354;3.447;9.433;14.0;1.0;51.18;48.16153;11.55728;497.1;NaN;0.0;2.6;290.0;12 / 21;378021;2018-11-09 17:43:56:070
-0.239;3.342;9.376;14.0;1.0;51.18;48.16153;11.55728;497.1;NaN;0.0;2.6;290.0;12 / 21;378121;2018-11-09 17:43:56:170
-0.277;3.352;9.328;13.0;1.0;52.7;48.16153;11.55728;497.1;NaN;0.0;2.6;290.0;12 / 21;378221;2018-11-09 17:43:56:270
-0.306;3.39;9.385;32.0;1.0;52.7;48.16153;11.55728;497.1;NaN;0.0;2.6;290.0;12 / 21;378321;2018-11-09 17:43:56:370
-0.229;3.313;9.51;10.0;1.0;52.7;48.16153;11.55728;497.1;NaN;0.0;2.6;290.0;12 / 21;378421;2018-11-09 17:43:56:470
-0.383;3.399;9.701;32.0;1.0;50.65;48.16153;11.55728;497.1;NaN;0.0;2.6;290.0;12 / 21;378521;2018-11-09 17:43:56:570
-0.287;3.428;9.596;30.0;1.0;50.65;48.16153;11.55728;497.1;NaN;0.0;2.6;290.0;12 / 21;378622;2018-11-09 17:43:56:671
-0.363;3.371;9.471;0.0;1.0;50.65;48.16153;11.55728;497.1;NaN;0.0;2.6;290.0;12 / 21;378722;2018-11-09 17:43:56:771
-0.354;3.457;9.337;23.0;1.0;50.1;48.16153;11.55728;497.1;NaN;0.0;2.6;290.0;12 / 21;378822;2018-11-09 17:43:56:871
-0.344;3.399;9.404;13.0;1.0;50.1;48.16153;11.55728;497.1;NaN;0.0;2.6;290.0;12 / 21;378922;2018-11-09 17:43:56:971
-0.344;3.361;9.337;11.0;1.0;50.1;48.16153;11.55728;497.1;NaN;0.0;2.6;290.0;12 / 21;379023;2018-11-09 17:43:57:072
-0.392;3.495;9.538;3.0;1.0;50.1;48.16153;11.55728;497.1;NaN;0.0;2.6;290.0;12 / 21;379122;2018-11-09 17:43:57:171
-0.421;3.457;9.529;34.0;1.0;51.16;48.16153;11.55728;497.1;NaN;0.0;2.6;290.0;13 / 21;379222;2018-11-09 17:43:57:271
-0.411;3.524;9.529;3.0;1.0;51.16;48.16153;11.55728;497.1;NaN;0.0;2.6;290.0;13 / 21;379322;2018-11-09 17:43:57:371
-0.402;3.543;9.586;29.0;1.0;51.16;48.16153;11.55728;497.1;NaN;0.0;2.6;290.0;13 / 21;379422;2018-11-09 17:43:57:471
-0.344;3.505;9.49;5.0;1.0;46.25;48.16153;11.55728;497.1;NaN;0.0;2.6;290.0;13 / 21;379522;2018-11-09 17:43:57:571
-0.45;3.514;9.625;26.0;1.0;46.25;48.16153;11.55728;497.1;NaN;0.0;2.6;290.0;13 / 21;379623;2018-11-09 17:43:57:672
-0.373;3.514;9.462;19.0;1.0;46.25;48.16153;11.55728;497.1;NaN;0.0;2.6;290.0;13 / 21;379723;2018-11-09 17:43:57:772
-0.344;3.466;9.672;24.0;1.0;48.12;48.16153;11.55728;497.1;NaN;0.0;2.6;290.0;13 / 21;379822;2018-11-09 17:43:57:871
-0.392;3.486;9.538;18.0;1.0;48.12;48.16153;11.55728;497.1;NaN;0.0;2.6;290.0;13 / 21;379921;2018-11-09 17:43:57:970
-0.354;3.466;9.471;14.0;1.0;48.12;48.16153;11.55728;497.1;NaN;0.0;2.6;290.0;13 / 21;380022;2018-11-09 17:43:58:071
-0.354;3.447;9.423;15.0;1.0;47.72;48.16153;11.55728;497.1;NaN;0.0;2.6;290.0;13 / 21;380122;2018-11-09 17:43:58:171
-0.45;3.572;9.443;22.0;1.0;47.72;48.16153;11.55728;497.1;NaN;0.0;2.6;290.0;13 / 21;380222;2018-11-09 17:43:58:271
-0.43;3.486;9.73;6.0;1.0;47.72;48.16153;11.55728;497.1;NaN;0.0;2.6;290.0;13 / 21;380321;2018-11-09 17:43:58:370
-0.363;3.514;9.586;39.0;1.0;46.31;48.16153;11.55728;497.1;NaN;0.0;2.6;290.0;13 / 21;380422;2018-11-09 17:43:58:471
-0.43;3.543;9.529;18.0;1.0;46.31;48.16153;11.55728;497.1;NaN;0.0;2.6;290.0;13 / 21;380521;2018-11-09 17:43:58:570
-0.335;3.476;9.682;24.0;1.0;46.31;48.16153;11.55728;497.1;NaN;0.0;2.6;290.0;13 / 21;380622;2018-11-09 17:43:58:671
-0.383;3.466;9.596;23.0;1.0;45.13;48.16153;11.55728;497.1;NaN;0.0;2.6;290.0;13 / 21;380722;2018-11-09 17:43:58:771
-0.402;3.514;9.452;14.0;1.0;45.13;48.16153;11.55728;497.1;NaN;0.0;2.6;290.0;13 / 21;380822;2018-11-09 17:43:58:871
-0.411;3.543;9.605;5.0;1.0;45.13;48.16153;11.55728;497.1;NaN;0.0;2.6;290.0;13 / 21;380922;2018-11-09 17:43:58:971
-0.354;3.428;9.49;9.0;1.0;41.79;48.16153;11.55728;497.1;NaN;0.0;2.6;290.0;13 / 21;381022;2018-11-09 17:43:59:071
-0.344;3.476;9.663;12.0;1.0;41.79;48.16153;11.55728;497.1;NaN;0.0;2.6;290.0;13 / 21;381123;2018-11-09 17:43:59:172
-0.335;3.476;9.663;22.0;1.0;41.79;48.16153;11.55728;497.1;NaN;0.0;2.6;290.0;13 / 21;381223;2018-11-09 17:43:59:272
-0.268;3.419;9.404;13.0;1.0;43.05;48.16153;11.55728;497.1;NaN;0.0;2.6;290.0;13 / 21;381322;2018-11-09 17:43:59:371
-0.383;3.553;9.519;20.0;1.0;43.05;48.16153;11.55728;497.1;NaN;0.0;2.6;290.0;13 / 21;381422;2018-11-09 17:43:59:471
-0.43;3.562;9.711;24.0;1.0;43.05;48.16153;11.55728;497.1;NaN;0.0;2.6;290.0;13 / 21;381522;2018-11-09 17:43:59:571
-0.325;3.486;9.72;14.0;1.0;41.67;48.16153;11.55728;497.1;NaN;0.0;2.6;290.0;13 / 21;381621;2018-11-09 17:43:59:670
-0.354;3.495;9.557;8.0;1.0;41.67;48.16153;11.55728;497.1;NaN;0.0;2.6;290.0;13 / 21;381721;2018-11-09 17:43:59:770
-0.325;3.495;9.452;11.0;1.0;41.67;48.16153;11.55728;497.1;NaN;0.0;2.6;290.0;13 / 21;381822;2018-11-09 17:43:59:871
-0.335;3.505;9.443;26.0;1.0;41.89;48.16153;11.55728;497.1;NaN;0.0;2.6;290.0;13 / 21;381922;2018-11-09 17:43:59:971
-0.421;3.524;9.49;12.0;1.0;41.89;48.16153;11.55728;497.1;NaN;0.0;2.6;290.0;13 / 21;382022;2018-11-09 17:44:00:071
-0.459;3.553;9.644;0.0;1.0;41.89;48.16153;11.55728;497.1;NaN;0.0;2.6;290.0;13 / 21;382122;2018-11-09 17:44:00:171
-0.373;3.581;9.634;14.0;1.0;41.24;48.16153;11.55728;497.1;NaN;0.0;2.6;290.0;13 / 21;382222;2018-11-09 17:44:00:271
-0.392;3.553;9.759;6.0;1.0;41.24;48.16153;11.55728;497.1;NaN;0.0;2.6;290.0;13 / 21;382321;2018-11-09 17:44:00:370
-0.392;3.601;9.605;10.0;1.0;41.24;48.16153;11.55728;497.1;NaN;0.0;2.6;290.0;13 / 21;382422;2018-11-09 17:44:00:471
-0.249;3.572;9.596;19.0;1.0;40.69;48.16153;11.55728;497.1;NaN;0.0;2.6;290.0;13 / 21;382522;2018-11-09 17:44:00:571
-0.421;3.62;9.615;32.0;1.0;40.69;48.16153;11.55728;497.1;NaN;0.0;2.6;290.0;13 / 21;382622;2018-11-09 17:44:00:671
-0.354;3.505;9.653;13.0;1.0;40.69;48.16153;11.55728;497.1;NaN;0.0;2.6;290.0;13 / 21;382721;2018-11-09 17:44:00:770
-0.316;3.629;9.567;32.0;1.0;39.93;48.16153;11.55728;497.1;NaN;0.0;2.6;290.0;13 / 21;382821;2018-11-09 17:44:00:870
-0.306;3.591;9.529;16.0;1.0;39.93;48.16153;11.55728;497.1;NaN;0.0;2.6;290.0;13 / 21;382921;2018-11-09 17:44:00:970
-0.363;3.495;9.5;27.0;1.0;39.93;48.16153;11.55728;497.1;NaN;0.0;2.6;290.0;13 / 21;383021;2018-11-09 17:44:01:070
-0.258;3.505;9.462;25.0;1.0;39.36;48.16154;11.55727;500.3;NaN;0.0;2.2;293.7;13 / 21;383122;2018-11-09 17:44:01:171
-0.335;3.399;9.49;28.0;1.0;39.36;48.16154;11.55727;500.3;NaN;0.0;2.2;293.7;13 / 21;383221;2018-11-09 17:44:01:270
-0.201;3.476;9.519;21.0;1.0;39.36;48.16154;11.55727;500.3;NaN;0.0;2.2;293.7;13 / 21;383322;2018-11-09 17:44:01:371
-0.229;3.409;9.49;25.0;1.0;39.25;48.16154;11.55727;500.3;NaN;0.0;2.2;293.7;13 / 21;383422;2018-11-09 17:44:01:471
-0.258;3.409;9.251;35.0;1.0;39.25;48.16154;11.55727;500.3;NaN;0.0;2.2;293.7;13 / 21;383522;2018-11-09 17:44:01:571
-0.229;3.495;9.596;25.0;1.0;39.25;48.16154;11.55727;500.3;NaN;0.0;2.2;293.7;13 / 21;383622;2018-11-09 17:44:01:671
-0.287;3.476;9.586;24.0;1.0;38.95;48.16154;11.55727;500.3;NaN;0.0;2.2;293.7;13 / 21;383722;2018-11-09 17:44:01:771
-0.22;3.476;9.423;28.0;1.0;38.95;48.16154;11.55727;500.3;NaN;0.0;2.2;293.7;13 / 21;383822;2018-11-09 17:44:01:871
-0.172;3.399;9.452;11.0;1.0;38.95;48.16154;11.55727;500.3;NaN;0.0;2.2;293.7;13 / 21;383921;2018-11-09 17:44:01:970
-0.287;3.533;9.414;14.0;1.0;39.58;48.16154;11.55727;500.3;NaN;0.0;2.2;293.7;13 / 21;384021;2018-11-09 17:44:02:070
-0.268;3.543;9.644;10.0;1.0;39.58;48.16155;11.55727;498.5;NaN;0.0;2.3;293.7;12 / 21;384121;2018-11-09 17:44:02:170
-0.268;3.419;9.232;20.0;1.0;39.58;48.16155;11.55727;498.5;NaN;0.0;2.3;293.7;12 / 21;384222;2018-11-09 17:44:02:271
-0.268;3.514;9.596;24.0;1.0;39.59;48.16155;11.55727;498.5;NaN;0.0;2.3;293.7;12 / 21;384322;2018-11-09 17:44:02:371
-0.249;3.38;9.404;0.0;1.0;39.59;48.16155;11.55727;498.5;NaN;0.0;2.3;293.7;12 / 21;384422;2018-11-09 17:44:02:471
-0.258;3.447;9.577;28.0;1.0;39.59;48.16155;11.55727;498.5;NaN;0.0;2.3;293.7;12 / 21;384521;2018-11-09 17:44:02:570
-0.22;3.39;9.5;19.0;1.0;39.59;48.16155;11.55727;498.5;NaN;0.0;2.3;293.7;12 / 21;384622;2018-11-09 17:44:02:671
-0.249;3.495;9.462;9.0;1.0;40.05;48.16155;11.55727;498.5;NaN;0.0;2.3;293.7;12 / 21;384722;2018-11-09 17:44:02:771
-0.287;3.543;9.452;24.0;1.0;40.05;48.16155;11.55727;498.5;NaN;0.0;2.3;293.7;12 / 21;384822;2018-11-09 17:44:02:871
-0.201;3.457;9.395;12.0;1.0;40.05;48.16155;11.55727;498.5;NaN;0.0;2.3;293.7;12 / 21;384921;2018-11-09 17:44:02:970
-0.268;3.543;9.471;18.0;1.0;39.46;48.16155;11.55727;498.5;NaN;0.0;2.3;293.7;12 / 21;385022;2018-11-09 17:44:03:071
-0.287;3.457;9.318;20.0;1.0;39.46;48.16155;11.55726;497.6;NaN;0.0;2.5;293.7;12 / 21;385127;2018-11-09 17:44:03:176
-0.22;3.524;9.5;35.0;1.0;39.46;48.16155;11.55726;497.6;NaN;0.0;2.5;293.7;12 / 21;385222;2018-11-09 17:44:03:271
-0.277;3.486;9.443;10.0;1.0;40.53;48.16155;11.55726;497.6;NaN;0.0;2.5;293.7;12 / 21;385322;2018-11-09 17:44:03:371
-0.277;3.447;9.471;26.0;1.0;40.53;48.16155;11.55726;497.6;NaN;0.0;2.5;293.7;12 / 21;385421;2018-11-09 17:44:03:470
-0.268;3.495;9.653;15.0;1.0;40.53;48.16155;11.55726;497.6;NaN;0.0;2.5;293.7;12 / 21;385522;2018-11-09 17:44:03:571
-0.258;3.466;9.605;18.0;1.0;43.51;48.16155;11.55726;497.6;NaN;0.0;2.5;293.7;12 / 21;385622;2018-11-09 17:44:03:671
-0.277;3.486;9.404;9.0;1.0;43.51;48.16155;11.55726;497.6;NaN;0.0;2.5;293.7;12 / 21;385721;2018-11-09 17:44:03:770
-0.335;3.562;9.443;19.0;1.0;43.51;48.16155;11.55726;497.6;NaN;0.0;2.5;293.7;12 / 21;385821;2018-11-09 17:44:03:870
-0.239;3.505;9.385;28.0;1.0;44.36;48.16155;11.55726;497.6;NaN;0.0;2.5;293.7;12 / 21;385922;2018-11-09 17:44:03:971
-0.344;3.533;9.385;19.0;1.0;44.36;48.16155;11.55726;497.6;NaN;0.0;2.5;293.7;12 / 21;386022;2018-11-09 17:44:04:071
-0.296;3.533;9.385;6.0;1.0;44.36;48.16155;11.55726;498.6;NaN;0.0;2.6;293.7;12 / 21;386122;2018-11-09 17:44:04:171
-0.363;3.553;9.404;21.0;1.0;43.94;48.16155;11.55726;498.6;NaN;0.0;2.6;293.7;12 / 21;386222;2018-11-09 17:44:04:271
-0.344;3.543;9.567;22.0;1.0;43.94;48.16155;11.55726;498.6;NaN;0.0;2.6;293.7;12 / 21;386322;2018-11-09 17:44:04:371
-0.363;3.601;9.385;30.0;1.0;43.94;48.16155;11.55726;498.6;NaN;0.0;2.6;293.7;12 / 21;386422;2018-11-09 17:44:04:471
-0.363;3.648;9.605;16.0;1.0;45.23;48.16155;11.55726;498.6;NaN;0.0;2.6;293.7;12 / 21;386521;2018-11-09 17:44:04:570
-0.498;3.639;9.529;20.0;1.0;45.23;48.16155;11.55726;498.6;NaN;0.0;2.6;293.7;12 / 21;386622;2018-11-09 17:44:04:671
-0.306;3.562;9.519;23.0;1.0;45.23;48.16155;11.55726;498.6;NaN;0.0;2.6;293.7;12 / 21;386722;2018-11-09 17:44:04:771
-0.344;3.61;9.423;20.0;1.0;48.01;48.16155;11.55726;498.6;NaN;0.0;2.6;293.7;12 / 21;386821;2018-11-09 17:44:04:870
-0.249;3.601;9.644;17.0;1.0;48.01;48.16155;11.55726;498.6;NaN;0.0;2.6;293.7;12 / 21;386921;2018-11-09 17:44:04:970
-0.239;3.505;9.538;12.0;1.0;48.01;48.16155;11.55726;498.6;NaN;0.0;2.6;293.7;12 / 21;387022;2018-11-09 17:44:05:071
-0.335;3.61;9.49;15.0;1.0;46.04;48.16154;11.55726;498.3;NaN;0.0;2.6;293.7;12 / 21;387122;2018-11-09 17:44:05:171
-0.229;3.601;9.5;13.0;1.0;46.04;48.16154;11.55726;498.3;NaN;0.0;2.6;293.7;12 / 21;387221;2018-11-09 17:44:05:270
-0.325;3.591;9.481;23.0;1.0;46.04;48.16154;11.55726;498.3;NaN;0.0;2.6;293.7;12 / 21;387321;2018-11-09 17:44:05:370
-0.306;3.591;9.423;13.0;1.0;46.15;48.16154;11.55726;498.3;NaN;0.0;2.6;293.7;12 / 21;387421;2018-11-09 17:44:05:470
-0.316;3.591;9.462;25.0;1.0;46.15;48.16154;11.55726;498.3;NaN;0.0;2.6;293.7;12 / 21;387522;2018-11-09 17:44:05:571
-0.258;3.591;9.49;17.0;1.0;46.15;48.16154;11.55726;498.3;NaN;0.0;2.6;293.7;12 / 21;387622;2018-11-09 17:44:05:671
-0.229;3.505;9.27;12.0;1.0;46.45;48.16154;11.55726;498.3;NaN;0.0;2.6;293.7;12 / 21;387722;2018-11-09 17:44:05:771
-0.268;3.543;9.318;31.0;1.0;46.45;48.16154;11.55726;498.3;NaN;0.0;2.6;293.7;12 / 21;387822;2018-11-09 17:44:05:871
-0.306;3.543;9.337;7.0;1.0;46.45;48.16154;11.55726;498.3;NaN;0.0;2.6;293.7;12 / 21;387922;2018-11-09 17:44:05:971
-0.316;3.476;9.51;18.0;1.0;45.5;48.16154;11.55726;498.3;NaN;0.0;2.6;293.7;12 / 21;388022;2018-11-09 17:44:06:071
-0.296;3.438;9.548;17.0;1.0;45.5;48.16154;11.55727;498.3;NaN;0.0;2.7;77.4;11 / 21;388122;2018-11-09 17:44:06:171
-0.383;3.62;9.443;16.0;1.0;45.5;48.16154;11.55727;498.3;NaN;0.0;2.7;77.4;11 / 21;388222;2018-11-09 17:44:06:271
-0.373;3.553;9.49;17.0;1.0;44.93;48.16154;11.55727;498.3;NaN;0.0;2.7;77.4;11 / 21;388321;2018-11-09 17:44:06:370
-0.277;3.514;9.318;22.0;1.0;44.93;48.16154;11.55727;498.3;NaN;0.0;2.7;77.4;11 / 21;388422;2018-11-09 17:44:06:471
-0.316;3.581;9.452;11.0;1.0;44.93;48.16154;11.55727;498.3;NaN;0.0;2.7;77.4;11 / 21;388522;2018-11-09 17:44:06:571
-0.383;3.562;9.548;37.0;1.0;45.4;48.16154;11.55727;498.3;NaN;0.0;2.7;77.4;11 / 21;388621;2018-11-09 17:44:06:670
-0.411;3.639;9.376;26.0;1.0;45.4;48.16154;11.55727;498.3;NaN;0.0;2.7;77.4;11 / 21;388722;2018-11-09 17:44:06:771
-0.383;3.62;9.462;22.0;1.0;45.4;48.16154;11.55727;498.3;NaN;0.0;2.7;77.4;11 / 21;388821;2018-11-09 17:44:06:870
-0.383;3.648;9.605;10.0;1.0;47.04;48.16154;11.55727;498.3;NaN;0.0;2.7;77.4;11 / 21;388925;2018-11-09 17:44:06:974
-0.402;3.629;9.347;27.0;1.0;47.04;48.16154;11.55727;498.3;NaN;0.0;2.7;77.4;11 / 21;389021;2018-11-09 17:44:07:070
-0.383;3.572;9.28;13.0;1.0;47.04;48.16154;11.55727;498.3;NaN;0.0;2.7;77.4;11 / 21;389122;2018-11-09 17:44:07:171
-0.373;3.61;9.414;14.0;1.0;47.92;48.16154;11.55727;498.3;NaN;0.0;2.7;77.4;11 / 21;389222;2018-11-09 17:44:07:271
-0.43;3.629;9.49;21.0;1.0;47.92;48.16154;11.55727;498.3;NaN;0.0;2.7;77.4;11 / 21;389322;2018-11-09 17:44:07:371
-0.373;3.581;9.605;31.0;1.0;47.92;48.16154;11.55727;498.3;NaN;0.0;2.7;77.4;11 / 21;389421;2018-11-09 17:44:07:470
-0.363;3.591;9.596;11.0;1.0;48.86;48.16154;11.55727;498.3;NaN;0.0;2.7;77.4;11 / 21;389521;2018-11-09 17:44:07:570
-0.45;3.648;9.625;17.0;1.0;48.86;48.16154;11.55727;498.3;NaN;0.0;2.7;77.4;11 / 21;389621;2018-11-09 17:44:07:670
-0.459;3.687;9.653;18.0;1.0;48.86;48.16154;11.55727;498.3;NaN;0.0;2.7;77.4;11 / 21;389721;2018-11-09 17:44:07:770
-0.45;3.62;9.625;22.0;1.0;48.95;48.16154;11.55727;498.3;NaN;0.0;2.7;77.4;11 / 21;389821;2018-11-09 17:44:07:870
-0.44;3.658;9.462;9.0;1.0;48.95;48.16154;11.55727;498.3;NaN;0.0;2.7;77.4;11 / 21;389921;2018-11-09 17:44:07:970
-0.488;3.591;9.366;26.0;1.0;48.95;48.16154;11.55727;498.3;NaN;0.0;2.7;77.4;11 / 21;390022;2018-11-09 17:44:08:071
-0.392;3.648;9.51;34.0;1.0;46.78;48.16154;11.55727;498.3;NaN;0.0;2.7;77.4;11 / 21;390122;2018-11-09 17:44:08:171
-0.459;3.62;9.519;10.0;1.0;46.78;48.16154;11.55727;498.3;NaN;0.0;2.7;77.4;11 / 21;390221;2018-11-09 17:44:08:270
-0.316;3.706;9.567;24.0;1.0;46.78;48.16154;11.55727;498.3;NaN;0.0;2.7;77.4;11 / 21;390322;2018-11-09 17:44:08:371
-0.507;3.763;9.596;17.0;1.0;46.29;48.16154;11.55727;498.3;NaN;0.0;2.7;77.4;11 / 21;390422;2018-11-09 17:44:08:471
-0.45;3.668;9.481;12.0;1.0;46.29;48.16154;11.55727;498.3;NaN;0.0;2.7;77.4;11 / 21;390522;2018-11-09 17:44:08:571
-0.478;3.715;9.557;21.0;1.0;46.29;48.16154;11.55727;498.3;NaN;0.0;2.7;77.4;11 / 21;390621;2018-11-09 17:44:08:670
-0.507;3.792;9.701;29.0;1.0;46.19;48.16154;11.55727;498.3;NaN;0.0;2.7;77.4;11 / 21;390721;2018-11-09 17:44:08:770
-0.498;3.782;10.19;22.0;1.0;46.19;48.16154;11.55727;498.3;NaN;0.0;2.7;77.4;11 / 21;390822;2018-11-09 17:44:08:871
-0.191;3.61;9.73;19.0;1.0;46.19;48.16154;11.55727;498.3;NaN;0.0;2.7;77.4;11 / 21;390922;2018-11-09 17:44:08:971
-0.43;3.687;10.841;15.0;1.0;47.52;48.16154;11.55727;498.3;NaN;0.0;2.7;77.4;11 / 21;391021;2018-11-09 17:44:09:070
-0.095;3.524;8.284;11.0;1.0;47.52;48.16154;11.55727;498.3;NaN;0.0;2.7;77.4;11 / 21;391122;2018-11-09 17:44:09:171
-0.038;3.17;8.198;10.0;1.0;47.52;48.16154;11.55727;498.3;NaN;0.0;2.7;77.4;11 / 21;391224;2018-11-09 17:44:09:273
-0.277;3.907;11.262;20.0;1.0;49.21;48.16154;11.55727;498.3;NaN;0.0;2.7;77.4;11 / 21;391322;2018-11-09 17:44:09:371
-0.124;2.978;6.665;12.0;1.0;49.21;48.16154;11.55727;498.3;NaN;0.0;2.7;77.4;11 / 21;391422;2018-11-09 17:44:09:471
-0.488;4.367;14.155;4.0;1.0;49.21;48.16154;11.55727;498.3;NaN;0.0;2.7;77.4;11 / 21;391522;2018-11-09 17:44:09:571
0.019;2.949;6.838;19.0;1.0;47.63;48.16154;11.55727;498.3;NaN;0.0;2.7;77.4;11 / 21;391622;2018-11-09 17:44:09:671
-0.325;4.07;12.469;26.0;1.0;47.63;48.16154;11.55727;498.3;NaN;0.0;2.7;77.4;11 / 21;391722;2018-11-09 17:44:09:771
-0.124;3.447;8.255;3.0;1.0;47.63;48.16154;11.55727;498.3;NaN;0.0;2.7;77.4;11 / 21;391822;2018-11-09 17:44:09:871
-0.124;3.237;8.178;19.0;1.0;49.02;48.16154;11.55727;498.3;NaN;0.0;2.7;77.4;11 / 21;391922;2018-11-09 17:44:09:971
-0.201;3.668;12.593;26.0;1.0;49.02;48.16154;11.55727;498.3;NaN;0.0;2.7;77.4;11 / 21;392022;2018-11-09 17:44:10:071
-0.028;2.911;8.657;19.0;1.0;49.02;48.16154;11.55727;498.3;NaN;0.0;2.7;77.4;11 / 21;392122;2018-11-09 17:44:10:171
-0.067;3.284;9.739;23.0;1.0;48.92;48.16154;11.55727;498.3;NaN;0.0;2.7;77.4;11 / 21;392222;2018-11-09 17:44:10:271
-0.114;3.141;9.471;22.0;1.0;48.92;48.16154;11.55727;498.3;NaN;0.0;2.7;77.4;11 / 21;392322;2018-11-09 17:44:10:371
-0.162;3.275;9.232;17.0;1.0;48.92;48.16154;11.55727;498.3;NaN;0.0;2.7;77.4;11 / 21;392422;2018-11-09 17:44:10:471
-0.201;3.38;9.337;16.0;1.0;48.61;48.16154;11.55727;498.3;NaN;0.0;2.7;77.4;11 / 21;392522;2018-11-09 17:44:10:571
-0.143;3.227;9.289;38.0;1.0;48.61;48.16154;11.55727;498.3;NaN;0.0;2.7;77.4;11 / 21;392622;2018-11-09 17:44:10:671
-0.181;3.342;9.462;15.0;1.0;48.61;48.16154;11.55727;498.3;NaN;0.0;2.7;77.4;11 / 21;392722;2018-11-09 17:44:10:771
-0.124;3.284;9.557;9.0;1.0;45.8;48.16154;11.55727;498.3;NaN;0.0;2.7;77.4;11 / 21;392821;2018-11-09 17:44:10:870
-0.201;3.447;9.548;18.0;1.0;45.8;48.16154;11.55727;498.3;NaN;0.0;2.7;77.4;11 / 21;392922;2018-11-09 17:44:10:971
-0.191;3.399;9.462;13.0;1.0;45.8;48.16154;11.55727;498.3;NaN;0.0;2.7;77.4;11 / 21;393022;2018-11-09 17:44:11:071
-0.181;3.409;9.481;21.0;1.0;45.43;48.16154;11.55727;498.3;NaN;0.0;2.7;77.4;11 / 21;393122;2018-11-09 17:44:11:171
-0.249;3.572;8.312;11.0;1.0;45.43;48.16154;11.55727;498.3;NaN;0.0;2.7;77.4;11 / 21;393222;2018-11-09 17:44:11:271
-0.181;3.533;9.988;6.0;1.0;45.43;48.16156;11.55727;495.3;NaN;10.4;2.9;331.3;11 / 21;393322;2018-11-09 17:44:11:371
-0.258;3.533;9.577;18.0;1.0;46.14;48.16156;11.55727;495.3;NaN;10.4;2.9;331.3;11 / 21;393422;2018-11-09 17:44:11:471
-0.229;3.447;9.318;31.0;1.0;46.14;48.16156;11.55727;495.3;NaN;10.4;2.9;331.3;11 / 21;393521;2018-11-09 17:44:11:570
-0.124;3.361;9.28;21.0;1.0;46.14;48.16156;11.55727;495.3;NaN;10.4;2.9;331.3;11 / 21;393621;2018-11-09 17:44:11:670
-0.21;3.284;9.739;6.0;1.0;46.14;48.16156;11.55727;495.3;NaN;10.4;2.9;331.3;11 / 21;393721;2018-11-09 17:44:11:770
-0.354;3.447;9.692;4.0;1.0;43.08;48.16156;11.55727;495.3;NaN;10.4;2.9;331.3;11 / 21;393821;2018-11-09 17:44:11:870
-0.153;3.371;9.404;15.0;1.0;43.08;48.16156;11.55727;495.3;NaN;10.4;2.9;331.3;11 / 21;393921;2018-11-09 17:44:11:970
-0.201;3.486;9.49;17.0;1.0;43.08;48.16156;11.55727;495.3;NaN;10.4;2.9;331.3;11 / 21;394021;2018-11-09 17:44:12:070
-0.105;3.237;9.49;14.0;1.0;42.61;48.16156;11.55727;495.3;NaN;10.4;2.9;331.3;11 / 21;394121;2018-11-09 17:44:12:170
-0.172;3.371;9.692;18.0;1.0;42.61;48.16157;11.55726;493.3;NaN;8.3;3.0;328.8;12 / 21;394221;2018-11-09 17:44:12:270
-0.047;3.313;10.103;25.0;1.0;42.61;48.16157;11.55726;493.3;NaN;8.3;3.0;328.8;12 / 21;394321;2018-11-09 17:44:12:370
-0.019;3.409;9.538;20.0;1.0;42.53;48.16157;11.55726;493.3;NaN;8.3;3.0;328.8;12 / 21;394422;2018-11-09 17:44:12:471
0.996;4.146;8.571;5.0;1.0;42.53;48.16157;11.55726;493.3;NaN;8.3;3.0;328.8;12 / 21;394522;2018-11-09 17:44:12:571
0.699;4.051;8.265;15.0;1.0;42.53;48.16157;11.55726;493.3;NaN;8.3;3.0;328.8;12 / 21;394622;2018-11-09 17:44:12:671
0.861;4.127;8.265;18.0;1.0;44.78;48.16157;11.55726;493.3;NaN;8.3;3.0;328.8;12 / 21;394722;2018-11-09 17:44:12:771
1.8;5.037;8.6;21.0;1.0;44.78;48.16157;11.55726;493.3;NaN;8.3;3.0;328.8;12 / 21;394821;2018-11-09 17:44:12:870
1.819;5.334;8.37;11.0;1.0;44.78;48.16157;11.55726;493.3;NaN;8.3;3.0;328.8;12 / 21;394921;2018-11-09 17:44:12:970
1.379;4.692;7.776;20.0;1.0;45.21;48.16157;11.55726;493.3;NaN;8.3;3.0;328.8;12 / 21;395021;2018-11-09 17:44:13:070
1.245;4.501;8.897;14.0;1.0;45.21;48.16158;11.55725;491.9;NaN;0.0;3.0;328.8;12 / 21;395121;2018-11-09 17:44:13:170
1.177;4.194;8.801;16.0;1.0;45.21;48.16158;11.55725;491.9;NaN;0.0;3.0;328.8;12 / 21;395221;2018-11-09 17:44:13:270
1.158;4.118;8.485;19.0;1.0;47.25;48.16158;11.55725;491.9;NaN;0.0;3.0;328.8;12 / 21;395321;2018-11-09 17:44:13:370
1.091;3.782;8.6;25.0;1.0;47.25;48.16158;11.55725;491.9;NaN;0.0;3.0;328.8;12 / 21;395422;2018-11-09 17:44:13:471
1.206;3.562;9.586;2.0;1.0;47.25;48.16158;11.55725;491.9;NaN;0.0;3.0;328.8;12 / 21;395522;2018-11-09 17:44:13:571
0.612;2.384;9.557;9.0;1.0;45.7;48.16158;11.55725;491.9;NaN;0.0;3.0;328.8;12 / 21;395621;2018-11-09 17:44:13:670
0.354;2.585;8.763;11.0;1.0;45.7;48.16158;11.55725;491.9;NaN;0.0;3.0;328.8;12 / 21;395722;2018-11-09 17:44:13:771
0.067;2.777;9.222;16.0;1.0;45.7;48.16158;11.55725;491.9;NaN;0.0;3.0;328.8;12 / 21;395822;2018-11-09 17:44:13:871
-0.028;2.863;9.213;22.0;1.0;41.74;48.16158;11.55725;491.9;NaN;0.0;3.0;328.8;12 / 21;395922;2018-11-09 17:44:13:971
0.124;2.796;9.28;23.0;1.0;41.74;48.16158;11.55725;491.9;NaN;0.0;3.0;328.8;12 / 21;396021;2018-11-09 17:44:14:070
0.268;2.585;9.203;26.0;1.0;41.74;48.16158;11.55724;492.8;NaN;2.1;3.0;209.1;12 / 21;396121;2018-11-09 17:44:14:170
0.268;2.432;9.299;8.0;1.0;42.59;48.16158;11.55724;492.8;NaN;2.1;3.0;209.1;11 / 21;396221;2018-11-09 17:44:14:270
0.105;2.461;9.366;9.0;1.0;42.59;48.16158;11.55724;492.8;NaN;2.1;3.0;209.1;11 / 21;396321;2018-11-09 17:44:14:370
0.22;2.48;9.299;21.0;1.0;42.59;48.16158;11.55724;492.8;NaN;2.1;3.0;209.1;11 / 21;396421;2018-11-09 17:44:14:470
0.258;2.585;9.385;22.0;1.0;43.03;48.16158;11.55724;492.8;NaN;2.1;3.0;209.1;11 / 21;396522;2018-11-09 17:44:14:571
0.153;2.719;10.036;15.0;1.0;43.03;48.16158;11.55724;492.8;NaN;2.1;3.0;209.1;11 / 21;396622;2018-11-09 17:44:14:671
0.21;2.566;9.318;22.0;1.0;43.03;48.16158;11.55724;492.8;NaN;2.1;3.0;209.1;11 / 21;396721;2018-11-09 17:44:14:770
0.316;2.537;9.117;23.0;1.0;42.02;48.16158;11.55724;492.8;NaN;2.1;3.0;209.1;11 / 21;396821;2018-11-09 17:44:14:870
0.191;2.624;8.906;21.0;1.0;42.02;48.16158;11.55724;492.8;NaN;2.1;3.0;209.1;11 / 21;396921;2018-11-09 17:44:14:970
0.191;2.547;9.107;22.0;1.0;42.02;48.16158;11.55724;492.8;NaN;2.1;3.0;209.1;11 / 21;397021;2018-11-09 17:44:15:070
0.153;2.595;9.787;32.0;1.0;46.22;48.16157;11.55724;491.8;NaN;3.7;3.0;136.3;11 / 21;397121;2018-11-09 17:44:15:170
0.335;2.423;9.807;20.0;1.0;46.22;48.16157;11.55724;491.8;NaN;3.7;3.0;136.3;11 / 21;397221;2018-11-09 17:44:15:270
0.249;2.643;9.184;10.0;1.0;46.22;48.16157;11.55724;491.8;NaN;3.7;3.0;136.3;11 / 21;397322;2018-11-09 17:44:15:371
0.21;2.739;9.395;11.0;1.0;42.97;48.16157;11.55724;491.8;NaN;3.7;3.0;136.3;11 / 21;397422;2018-11-09 17:44:15:471
0.134;2.949;9.356;16.0;1.0;42.97;48.16157;11.55724;491.8;NaN;3.7;3.0;136.3;11 / 21;397522;2018-11-09 17:44:15:571
0.134;3.016;9.232;26.0;1.0;42.97;48.16157;11.55724;491.8;NaN;3.7;3.0;136.3;11 / 21;397622;2018-11-09 17:44:15:671
0.229;2.834;9.318;8.0;1.0;40.41;48.16157;11.55724;491.8;NaN;3.7;3.0;136.3;11 / 21;397722;2018-11-09 17:44:15:771
0.363;2.777;8.964;20.0;1.0;40.41;48.16157;11.55724;491.8;NaN;3.7;3.0;136.3;11 / 21;397822;2018-11-09 17:44:15:871
0.354;2.844;9.49;16.0;1.0;40.41;48.16157;11.55724;491.8;NaN;3.7;3.0;136.3;11 / 21;397922;2018-11-09 17:44:15:971
0.411;2.633;9.002;10.0;1.0;41.97;48.16157;11.55724;491.8;NaN;3.7;3.0;136.3;11 / 21;398022;2018-11-09 17:44:16:071
0.612;2.518;9.021;21.0;1.0;41.97;48.16156;11.55725;492.7;NaN;2.7;3.0;119.4;12 / 21;398121;2018-11-09 17:44:16:170
0.641;2.432;8.791;21.0;1.0;41.97;48.16156;11.55725;492.7;NaN;2.7;3.0;119.4;12 / 21;398221;2018-11-09 17:44:16:270
0.478;2.365;8.964;9.0;1.0;40.5;48.16156;11.55725;492.7;NaN;2.7;3.0;119.4;12 / 21;398322;2018-11-09 17:44:16:371
0.679;2.241;9.28;25.0;1.0;40.5;48.16156;11.55725;492.7;NaN;2.7;3.0;119.4;12 / 21;398421;2018-11-09 17:44:16:470
1.005;2.308;9.069;5.0;1.0;40.5;48.16156;11.55725;492.7;NaN;2.7;3.0;119.4;12 / 21;398522;2018-11-09 17:44:16:571
1.455;2.767;9.739;12.0;1.0;41.17;48.16156;11.55725;492.7;NaN;2.7;3.0;119.4;12 / 21;398622;2018-11-09 17:44:16:671
0.9;2.231;9.797;14.0;1.0;41.17;48.16156;11.55725;492.7;NaN;2.7;3.0;119.4;12 / 21;398722;2018-11-09 17:44:16:771
1.139;2.585;9.261;5.0;1.0;41.17;48.16156;11.55725;492.7;NaN;2.7;3.0;119.4;12 / 21;398821;2018-11-09 17:44:16:870
0.785;2.739;9.098;16.0;1.0;41.5;48.16156;11.55725;492.7;NaN;2.7;3.0;119.4;12 / 21;398921;2018-11-09 17:44:16:970
0.823;2.767;9.328;32.0;1.0;41.5;48.16156;11.55725;492.7;NaN;2.7;3.0;119.4;12 / 21;399022;2018-11-09 17:44:17:071
0.134;3.342;8.964;21.0;1.0;41.5;48.16156;11.55726;493.0;NaN;1.9;3.0;140.6;12 / 21;399122;2018-11-09 17:44:17:171
0.699;2.815;9.069;14.0;1.0;41.7;48.16156;11.55726;493.0;NaN;1.9;3.0;140.6;13 / 21;399221;2018-11-09 17:44:17:270
0.469;2.48;8.485;30.0;1.0;41.7;48.16156;11.55726;493.0;NaN;1.9;3.0;140.6;13 / 21;399321;2018-11-09 17:44:17:370
-0.268;2.748;8.887;19.0;1.0;41.7;48.16156;11.55726;493.0;NaN;1.9;3.0;140.6;13 / 21;399422;2018-11-09 17:44:17:471
-0.833;3.141;9.337;29.0;1.0;39.13;48.16156;11.55726;493.0;NaN;1.9;3.0;140.6;13 / 21;399522;2018-11-09 17:44:17:571
-0.823;3.811;9.174;25.0;1.0;39.13;48.16156;11.55726;493.0;NaN;1.9;3.0;140.6;13 / 21;399621;2018-11-09 17:44:17:670
-0.038;3.332;8.897;11.0;1.0;39.13;48.16156;11.55726;493.0;NaN;1.9;3.0;140.6;13 / 21;399722;2018-11-09 17:44:17:771
-0.565;4.06;9.663;14.0;1.0;44.23;48.16156;11.55726;493.0;NaN;1.9;3.0;140.6;13 / 21;399822;2018-11-09 17:44:17:871
-0.316;3.984;9.251;25.0;1.0;44.23;48.16156;11.55726;493.0;NaN;1.9;3.0;140.6;13 / 21;399922;2018-11-09 17:44:17:971
0.019;3.409;9.289;20.0;1.0;44.23;48.16156;11.55726;493.0;NaN;1.9;3.0;140.6;13 / 21;400022;2018-11-09 17:44:18:071
0.095;3.744;9.893;23.0;1.0;41.82;48.16155;11.55726;492.9;NaN;2.5;3.0;165.4;13 / 21;400122;2018-11-09 17:44:18:171
-1.139;3.505;10.352;22.0;1.0;41.82;48.16155;11.55726;492.9;NaN;2.5;3.0;165.4;13 / 21;400222;2018-11-09 17:44:18:271
-0.526;3.198;9.213;18.0;1.0;41.82;48.16155;11.55726;492.9;NaN;2.5;3.0;165.4;13 / 21;400322;2018-11-09 17:44:18:371
-1.005;3.428;9.596;22.0;1.0;41.18;48.16155;11.55726;492.9;NaN;2.5;3.0;165.4;13 / 21;400422;2018-11-09 17:44:18:471
-0.105;3.112;9.069;24.0;1.0;41.18;48.16155;11.55726;492.9;NaN;2.5;3.0;165.4;13 / 21;400522;2018-11-09 17:44:18:571
-0.047;3.419;9.759;24.0;1.0;41.18;48.16155;11.55726;492.9;NaN;2.5;3.0;165.4;13 / 21;400622;2018-11-09 17:44:18:671
0.038;3.601;9.49;11.0;1.0;42.3;48.16155;11.55726;492.9;NaN;2.5;3.0;165.4;13 / 21;400722;2018-11-09 17:44:18:771
1.877;2.537;8.111;21.0;1.0;42.3;48.16155;11.55726;492.9;NaN;2.5;3.0;165.4;13 / 21;400822;2018-11-09 17:44:18:871
1.944;3.581;8.954;27.0;1.0;42.3;48.16155;11.55726;492.9;NaN;2.5;3.0;165.4;13 / 21;400922;2018-11-09 17:44:18:971
0.21;3.945;9.27;18.0;1.0;42.3;48.16155;11.55726;492.9;NaN;2.5;3.0;165.4;13 / 21;401022;2018-11-09 17:44:19:071
0.823;3.62;8.667;27.0;1.0;41.91;48.16155;11.55726;493.2;NaN;0.0;3.0;136.0;13 / 21;401123;2018-11-09 17:44:19:172
1.206;3.514;9.663;22.0;1.0;41.91;48.16155;11.55726;493.2;NaN;0.0;3.0;136.0;13 / 21;401222;2018-11-09 17:44:19:271
0.124;3.945;9.241;22.0;1.0;41.91;48.16155;11.55726;493.2;NaN;0.0;3.0;136.0;13 / 21;401322;2018-11-09 17:44:19:371
0.565;4.175;10.333;23.0;1.0;42.54;48.16155;11.55726;493.2;NaN;0.0;3.0;136.0;13 / 21;401421;2018-11-09 17:44:19:470
1.455;3.677;8.964;16.0;1.0;42.54;48.16155;11.55726;493.2;NaN;0.0;3.0;136.0;13 / 21;401522;2018-11-09 17:44:19:571
1.005;3.62;8.169;13.0;1.0;42.54;48.16155;11.55726;493.2;NaN;0.0;3.0;136.0;13 / 21;401622;2018-11-09 17:44:19:671
1.197;3.85;10.276;11.0;1.0;41.01;48.16155;11.55726;493.2;NaN;0.0;3.0;136.0;13 / 21;401722;2018-11-09 17:44:19:771
1.254;3.735;8.743;9.0;1.0;41.01;48.16155;11.55726;493.2;NaN;0.0;3.0;136.0;13 / 21;401822;2018-11-09 17:44:19:871
1.015;3.562;8.849;27.0;1.0;41.01;48.16155;11.55726;493.2;NaN;0.0;3.0;136.0;13 / 21;401922;2018-11-09 17:44:19:971
0.957;3.706;8.82;22.0;1.0;41.4;48.16155;11.55726;493.2;NaN;0.0;3.0;136.0;13 / 21;402021;2018-11-09 17:44:20:070
0.162;3.85;8.858;14.0;1.0;41.4;48.16155;11.55727;493.9;NaN;0.0;3.0;136.0;13 / 21;402124;2018-11-09 17:44:20:173
0.66;3.964;9.184;17.0;1.0;41.4;48.16155;11.55727;493.9;NaN;0.0;3.0;136.0;13 / 21;402222;2018-11-09 17:44:20:271
0.306;4.52;8.983;3.0;1.0;44.12;48.16155;11.55727;493.9;NaN;0.0;3.0;136.0;13 / 21;402322;2018-11-09 17:44:20:371
0.612;3.754;7.987;26.0;1.0;44.12;48.16155;11.55727;493.9;NaN;0.0;3.0;136.0;13 / 21;402422;2018-11-09 17:44:20:471
0.756;3.926;9.127;23.0;1.0;44.12;48.16155;11.55727;493.9;NaN;0.0;3.0;136.0;13 / 21;402522;2018-11-09 17:44:20:571
0.287;4.367;8.945;13.0;1.0;43.86;48.16155;11.55727;493.9;NaN;0.0;3.0;136.0;13 / 21;402622;2018-11-09 17:44:20:671
0.067;4.376;8.705;18.0;1.0;43.86;48.16155;11.55727;493.9;NaN;0.0;3.0;136.0;13 / 21;402722;2018-11-09 17:44:20:771
-0.229;4.52;8.437;21.0;1.0;43.86;48.16155;11.55727;493.9;NaN;0.0;3.0;136.0;13 / 21;402822;2018-11-09 17:44:20:871
0.21;4.836;9.031;10.0;1.0;42.6;48.16155;11.55727;493.9;NaN;0.0;3.0;136.0;13 / 21;402921;2018-11-09 17:44:20:970
0.392;4.539;8.878;0.0;1.0;42.6;48.16155;11.55727;493.9;NaN;0.0;3.0;136.0;13 / 21;403022;2018-11-09 17:44:21:071
0.354;4.415;8.552;15.0;1.0;42.6;48.16154;11.55727;494.5;NaN;0.0;3.0;131.7;13 / 21;403125;2018-11-09 17:44:21:174
0.296;3.725;8.427;19.0;1.0;43.05;48.16154;11.55727;494.5;NaN;0.0;3.0;131.7;13 / 21;403222;2018-11-09 17:44:21:271
0.689;3.984;9.241;4.0;1.0;43.05;48.16154;11.55727;494.5;NaN;0.0;3.0;131.7;13 / 21;403322;2018-11-09 17:44:21:371
0.861;4.223;8.945;21.0;1.0;43.05;48.16154;11.55727;494.5;NaN;0.0;3.0;131.7;13 / 21;403422;2018-11-09 17:44:21:471
0.44;4.137;9.117;20.0;1.0;43.61;48.16154;11.55727;494.5;NaN;0.0;3.0;131.7;13 / 21;403522;2018-11-09 17:44:21:571
0.44;4.108;9.031;30.0;1.0;43.61;48.16154;11.55727;494.5;NaN;0.0;3.0;131.7;13 / 21;403621;2018-11-09 17:44:21:670
0.469;3.974;8.964;13.0;1.0;43.61;48.16154;11.55727;494.5;NaN;0.0;3.0;131.7;13 / 21;403722;2018-11-09 17:44:21:771
0.45;4.099;9.059;20.0;1.0;45.12;48.16154;11.55727;494.5;NaN;0.0;3.0;131.7;13 / 21;403821;2018-11-09 17:44:21:870
0.373;3.897;8.983;30.0;1.0;45.12;48.16154;11.55727;494.5;NaN;0.0;3.0;131.7;13 / 21;403922;2018-11-09 17:44:21:971
0.45;3.878;8.878;21.0;1.0;45.12;48.16154;11.55727;494.5;NaN;0.0;3.0;131.7;13 / 21;404022;2018-11-09 17:44:22:071
0.268;4.003;9.203;10.0;1.0;45.35;48.16154;11.55727;494.5;NaN;0.0;3.0;131.7;13 / 21;404122;2018-11-09 17:44:22:171
0.373;3.984;8.906;13.0;1.0;45.35;48.16154;11.55727;494.5;NaN;0.0;3.0;131.7;12 / 21;404222;2018-11-09 17:44:22:271
0.306;4.003;8.83;11.0;1.0;45.35;48.16154;11.55727;494.5;NaN;0.0;3.0;131.7;12 / 21;404322;2018-11-09 17:44:22:371
0.249;4.108;8.945;15.0;1.0;44.72;48.16154;11.55727;494.5;NaN;0.0;3.0;131.7;12 / 21;404422;2018-11-09 17:44:22:471
0.191;4.166;9.165;13.0;1.0;44.72;48.16154;11.55727;494.5;NaN;0.0;3.0;131.7;12 / 21;404522;2018-11-09 17:44:22:571
0.143;4.022;8.916;16.0;1.0;44.72;48.16154;11.55727;494.5;NaN;0.0;3.0;131.7;12 / 21;404622;2018-11-09 17:44:22:671
0.028;4.185;8.983;16.0;1.0;43.99;48.16154;11.55727;494.5;NaN;0.0;3.0;131.7;12 / 21;404722;2018-11-09 17:44:22:771
0.114;4.309;9.127;9.0;1.0;43.99;48.16154;11.55727;494.5;NaN;0.0;3.0;131.7;12 / 21;404821;2018-11-09 17:44:22:870
0.153;4.204;9.069;6.0;1.0;43.99;48.16154;11.55727;494.5;NaN;0.0;3.0;131.7;12 / 21;404921;2018-11-09 17:44:22:970
0.21;4.233;9.165;12.0;1.0;45.19;48.16154;11.55727;494.5;NaN;0.0;3.0;131.7;12 / 21;405021;2018-11-09 17:44:23:070
0.143;4.338;8.887;16.0;1.0;45.19;48.16154;11.55727;494.5;NaN;0.0;3.0;131.7;12 / 21;405122;2018-11-09 17:44:23:171
0.22;4.348;9.059;16.0;1.0;45.19;48.16154;11.55727;494.5;NaN;0.0;3.0;131.7;12 / 21;405222;2018-11-09 17:44:23:271
0.124;4.271;8.657;20.0;1.0;43.49;48.16154;11.55727;494.5;NaN;0.0;3.0;131.7;12 / 21;405321;2018-11-09 17:44:23:370
-0.124;4.309;9.414;18.0;1.0;43.49;48.16154;11.55727;494.5;NaN;0.0;3.0;131.7;12 / 21;405421;2018-11-09 17:44:23:470
0.258;3.811;8.935;11.0;1.0;43.49;48.16154;11.55727;494.5;NaN;0.0;3.0;131.7;12 / 21;405521;2018-11-09 17:44:23:570
0.028;4.252;9.098;7.0;1.0;43.6;48.16154;11.55727;494.5;NaN;0.0;3.0;131.7;12 / 21;405622;2018-11-09 17:44:23:671
0.095;4.031;9.423;14.0;1.0;43.6;48.16154;11.55727;494.5;NaN;0.0;3.0;131.7;12 / 21;405722;2018-11-09 17:44:23:771
0.086;3.984;8.925;22.0;1.0;43.6;48.16154;11.55727;494.5;NaN;0.0;3.0;131.7;12 / 21;405822;2018-11-09 17:44:23:871
0.057;3.993;9.261;24.0;1.0;44.28;48.16154;11.55727;494.5;NaN;0.0;3.0;131.7;12 / 21;405922;2018-11-09 17:44:23:971
0.181;3.878;9.021;26.0;1.0;44.28;48.16154;11.55727;494.5;NaN;0.0;3.0;131.7;12 / 21;406022;2018-11-09 17:44:24:071
0.258;3.85;9.299;22.0;1.0;44.28;48.16154;11.55727;494.5;NaN;0.0;3.0;131.7;12 / 21;406126;2018-11-09 17:44:24:175
0.172;3.773;9.059;13.0;1.0;45.45;48.16154;11.55727;494.5;NaN;0.0;3.0;131.7;13 / 21;406222;2018-11-09 17:44:24:271
0.22;3.735;9.471;28.0;1.0;45.45;48.16154;11.55727;494.5;NaN;0.0;3.0;131.7;13 / 21;406321;2018-11-09 17:44:24:370
0.172;3.687;9.414;6.0;1.0;45.45;48.16154;11.55727;494.5;NaN;0.0;3.0;131.7;13 / 21;406422;2018-11-09 17:44:24:471
0.124;3.581;9.146;9.0;1.0;45.76;48.16154;11.55727;494.5;NaN;0.0;3.0;131.7;13 / 21;406522;2018-11-09 17:44:24:571
0.076;3.782;9.203;16.0;1.0;45.76;48.16154;11.55727;494.5;NaN;0.0;3.0;131.7;13 / 21;406622;2018-11-09 17:44:24:671
0.124;3.744;9.155;24.0;1.0;45.76;48.16154;11.55727;494.5;NaN;0.0;3.0;131.7;13 / 21;406722;2018-11-09 17:44:24:771
0.076;3.735;9.376;20.0;1.0;47.5;48.16154;11.55727;494.5;NaN;0.0;3.0;131.7;13 / 21;406822;2018-11-09 17:44:24:871
0.201;3.658;9.232;20.0;1.0;47.5;48.16154;11.55727;494.5;NaN;0.0;3.0;131.7;13 / 21;406922;2018-11-09 17:44:24:971
0.105;3.725;9.251;32.0;1.0;47.5;48.16154;11.55727;494.5;NaN;0.0;3.0;131.7;13 / 21;407022;2018-11-09 17:44:25:071
-0.229;3.859;9.634;10.0;1.0;47.88;48.16154;11.55727;494.5;NaN;0.0;3.0;131.7;13 / 21;407122;2018-11-09 17:44:25:171
0.105;3.696;9.031;24.0;1.0;47.88;48.16154;11.55727;494.5;NaN;0.0;3.0;131.7;13 / 21;407222;2018-11-09 17:44:25:271
-0.076;3.782;9.174;21.0;1.0;47.88;48.16154;11.55727;494.5;NaN;0.0;3.0;131.7;13 / 21;407322;2018-11-09 17:44:25:371
0.019;3.735;9.356;18.0;1.0;48.52;48.16154;11.55727;494.5;NaN;0.0;3.0;131.7;13 / 21;407422;2018-11-09 17:44:25:471
-0.067;3.821;9.347;18.0;1.0;48.52;48.16154;11.55727;494.5;NaN;0.0;3.0;131.7;13 / 21;407522;2018-11-09 17:44:25:571
0.067;3.543;9.328;15.0;1.0;48.52;48.16154;11.55727;494.5;NaN;0.0;3.0;131.7;13 / 21;407622;2018-11-09 17:44:25:671
0.076;3.533;9.385;23.0;1.0;49.02;48.16154;11.55727;494.5;NaN;0.0;3.0;131.7;13 / 21;407722;2018-11-09 17:44:25:771
0.172;3.399;9.337;15.0;1.0;49.02;48.16154;11.55727;494.5;NaN;0.0;3.0;131.7;13 / 21;407822;2018-11-09 17:44:25:871
-0.095;3.505;9.605;23.0;1.0;49.02;48.16154;11.55727;494.5;NaN;0.0;3.0;131.7;13 / 21;407921;2018-11-09 17:44:25:970
0.076;3.026;8.973;17.0;1.0;49.65;48.16154;11.55727;494.5;NaN;0.0;3.0;131.7;13 / 21;408022;2018-11-09 17:44:26:071
0.028;3.246;8.581;26.0;1.0;49.65;48.16154;11.55727;494.5;NaN;0.0;3.0;131.7;13 / 21;408122;2018-11-09 17:44:26:171
-0.249;3.428;9.625;26.0;1.0;49.65;48.16154;11.55727;494.5;NaN;0.0;3.0;131.7;13 / 21;408222;2018-11-09 17:44:26:271
-0.172;3.265;9.596;19.0;1.0;50.01;48.16154;11.55727;494.5;NaN;0.0;3.0;131.7;13 / 21;408322;2018-11-09 17:44:26:371
-0.172;2.968;9.366;2.0;1.0;50.01;48.16154;11.55727;494.5;NaN;0.0;3.0;131.7;13 / 21;408421;2018-11-09 17:44:26:470
-0.057;3.275;9.739;16.0;1.0;50.01;48.16154;11.55727;494.5;NaN;0.0;3.0;131.7;13 / 21;408522;2018-11-09 17:44:26:571
-0.038;3.064;9.5;30.0;1.0;50.21;48.16154;11.55727;494.5;NaN;0.0;3.0;131.7;13 / 21;408621;2018-11-09 17:44:26:670
-0.172;3.217;9.653;20.0;1.0;50.21;48.16154;11.55727;494.5;NaN;0.0;3.0;131.7;13 / 21;408722;2018-11-09 17:44:26:771
-0.258;3.16;9.414;17.0;1.0;50.21;48.16154;11.55727;494.5;NaN;0.0;3.0;131.7;13 / 21;408822;2018-11-09 17:44:26:871
-0.239;3.284;9.625;10.0;1.0;52.15;48.16154;11.55727;494.5;NaN;0.0;3.0;131.7;13 / 21;408922;2018-11-09 17:44:26:971
-0.134;3.265;9.433;18.0;1.0;52.15;48.16154;11.55727;494.5;NaN;0.0;3.0;131.7;13 / 21;409021;2018-11-09 17:44:27:070
-0.114;3.217;9.663;21.0;1.0;52.15;48.16154;11.55727;494.5;NaN;0.0;3.0;131.7;13 / 21;409121;2018-11-09 17:44:27:170
-0.21;3.313;8.992;25.0;1.0;51.62;48.16154;11.55727;494.5;NaN;0.0;3.0;131.7;12 / 21;409221;2018-11-09 17:44:27:270
-0.22;3.591;9.481;14.0;1.0;51.62;48.16154;11.55727;494.5;NaN;0.0;3.0;131.7;12 / 21;409323;2018-11-09 17:44:27:372
-0.076;3.419;9.404;25.0;1.0;51.62;48.16154;11.55727;494.5;NaN;0.0;3.0;131.7;12 / 21;409422;2018-11-09 17:44:27:471
-0.057;3.399;9.289;16.0;1.0;51.62;48.16154;11.55727;494.5;NaN;0.0;3.0;131.7;12 / 21;409522;2018-11-09 17:44:27:571
-0.009;3.572;9.261;16.0;1.0;52.81;48.16154;11.55727;494.5;NaN;0.0;3.0;131.7;12 / 21;409622;2018-11-09 17:44:27:671
-0.095;3.524;9.356;6.0;1.0;52.81;48.16154;11.55727;494.5;NaN;0.0;3.0;131.7;12 / 21;409722;2018-11-09 17:44:27:771
-0.047;3.399;9.337;1.0;1.0;52.81;48.16154;11.55727;494.5;NaN;0.0;3.0;131.7;12 / 21;409822;2018-11-09 17:44:27:871
-0.057;3.553;9.452;20.0;1.0;52.92;48.16154;11.55727;494.5;NaN;0.0;3.0;131.7;12 / 21;409922;2018-11-09 17:44:27:971
0.0;3.419;9.49;21.0;1.0;52.92;48.16154;11.55727;494.5;NaN;0.0;3.0;131.7;12 / 21;410022;2018-11-09 17:44:28:071
-0.114;3.553;9.203;18.0;1.0;52.92;48.16154;11.55727;494.5;NaN;0.0;3.0;131.7;12 / 21;410122;2018-11-09 17:44:28:171
-0.019;3.562;9.404;27.0;1.0;53.27;48.16154;11.55727;494.5;NaN;0.0;3.0;131.7;12 / 21;410221;2018-11-09 17:44:28:270
0.028;3.553;9.347;18.0;1.0;53.27;48.16154;11.55727;494.5;NaN;0.0;3.0;131.7;12 / 21;410321;2018-11-09 17:44:28:370
-0.009;3.505;9.347;25.0;1.0;53.27;48.16154;11.55727;494.5;NaN;0.0;3.0;131.7;12 / 21;410422;2018-11-09 17:44:28:471
0.067;3.639;9.213;18.0;1.0;54.33;48.16154;11.55727;494.5;NaN;0.0;3.0;131.7;12 / 21;410522;2018-11-09 17:44:28:571
-0.028;3.629;8.887;29.0;1.0;54.33;48.16154;11.55727;494.5;NaN;0.0;3.0;131.7;12 / 21;410622;2018-11-09 17:44:28:671
-0.488;3.936;9.701;14.0;1.0;54.33;48.16154;11.55727;494.5;NaN;0.0;3.0;131.7;12 / 21;410722;2018-11-09 17:44:28:771
-0.21;3.84;9.337;5.0;1.0;54.6;48.16154;11.55727;494.5;NaN;0.0;3.0;131.7;12 / 21;410822;2018-11-09 17:44:28:871
-0.105;3.706;9.241;27.0;1.0;54.6;48.16154;11.55727;494.5;NaN;0.0;3.0;131.7;12 / 21;410921;2018-11-09 17:44:28:970
0.545;3.505;8.427;23.0;1.0;54.6;48.16154;11.55727;494.5;NaN;0.0;3.0;131.7;12 / 21;411021;2018-11-09 17:44:29:070
-0.632;3.83;10.295;15.0;1.0;54.97;48.16154;11.55727;494.5;NaN;0.0;3.0;131.7;12 / 21;411122;2018-11-09 17:44:29:171
-0.373;3.85;9.49;15.0;1.0;54.97;48.16154;11.55727;494.5;NaN;0.0;3.0;131.7;12 / 21;411222;2018-11-09 17:44:29:271
-0.287;3.792;9.366;35.0;1.0;54.97;48.16154;11.55727;494.5;NaN;0.0;3.0;131.7;12 / 21;411322;2018-11-09 17:44:29:371
-0.325;3.61;9.28;38.0;1.0;51.76;48.16154;11.55727;494.5;NaN;0.0;3.0;131.7;12 / 21;411422;2018-11-09 17:44:29:471
-0.354;3.572;9.299;18.0;1.0;51.76;48.16154;11.55727;494.5;NaN;0.0;3.0;131.7;12 / 21;411521;2018-11-09 17:44:29:570
-0.517;3.802;9.232;14.0;1.0;51.76;48.16154;11.55727;494.5;NaN;0.0;3.0;131.7;12 / 21;411622;2018-11-09 17:44:29:671
-0.153;3.294;9.902;33.0;1.0;50.39;48.16154;11.55727;494.5;NaN;0.0;3.0;131.7;12 / 21;411722;2018-11-09 17:44:29:771
-0.201;3.035;9.347;10.0;1.0;50.39;48.16154;11.55727;494.5;NaN;0.0;3.0;131.7;12 / 21;411822;2018-11-09 17:44:29:871
-0.344;3.39;9.5;26.0;1.0;50.39;48.16154;11.55727;494.5;NaN;0.0;3.0;131.7;12 / 21;411922;2018-11-09 17:44:29:971
-0.181;3.016;9.481;0.0;1.0;49.13;48.16154;11.55727;494.5;NaN;0.0;3.0;131.7;12 / 21;412022;2018-11-09 17:44:30:071
-0.239;3.237;9.5;27.0;1.0;49.13;48.16154;11.55727;494.5;NaN;0.0;3.0;131.7;12 / 21;412123;2018-11-09 17:44:30:172
-0.383;3.323;9.194;10.0;1.0;49.13;48.16154;11.55727;494.5;NaN;0.0;3.0;131.7;12 / 21;412222;2018-11-09 17:44:30:271
-0.545;3.428;9.663;13.0;1.0;47.8;48.16154;11.55727;494.5;NaN;0.0;3.0;131.7;12 / 21;412322;2018-11-09 17:44:30:371
-0.469;3.332;9.376;13.0;1.0;47.8;48.16154;11.55727;494.5;NaN;0.0;3.0;131.7;12 / 21;412422;2018-11-09 17:44:30:471
-0.622;3.476;9.874;22.0;1.0;47.8;48.16154;11.55727;494.5;NaN;0.0;3.0;131.7;12 / 21;412521;2018-11-09 17:44:30:570
-0.909;3.313;9.241;23.0;1.0;49.8;48.16154;11.55727;494.5;NaN;0.0;3.0;131.7;12 / 21;412622;2018-11-09 17:44:30:671
-0.794;3.265;9.395;18.0;1.0;49.8;48.16154;11.55727;494.5;NaN;0.0;3.0;131.7;12 / 21;412722;2018-11-09 17:44:30:771
-0.957;3.016;9.538;22.0;1.0;49.8;48.16154;11.55727;494.5;NaN;0.0;3.0;131.7;12 / 21;412822;2018-11-09 17:44:30:871
-0.948;3.035;9.299;16.0;1.0;52.23;48.16154;11.55727;494.5;NaN;0.0;3.0;131.7;12 / 21;412921;2018-11-09 17:44:30:970
-0.794;3.15;10.075;31.0;1.0;52.23;48.16154;11.55727;494.5;NaN;0.0;3.0;131.7;12 / 21;413021;2018-11-09 17:44:31:070
-0.689;3.208;9.864;36.0;1.0;52.23;48.16154;11.55727;494.5;NaN;0.0;3.0;131.7;12 / 21;413121;2018-11-09 17:44:31:170
-0.565;3.361;9.969;18.0;1.0;53.43;48.16154;11.55727;494.5;NaN;0.0;3.0;131.7;12 / 21;413222;2018-11-09 17:44:31:271
-0.928;3.668;10.113;15.0;1.0;53.43;48.16154;11.55727;494.5;NaN;0.0;3.0;131.7;12 / 21;413323;2018-11-09 17:44:31:372
-1.015;3.466;9.548;19.0;1.0;53.43;48.16154;11.55727;494.5;NaN;0.0;3.0;131.7;12 / 21;413421;2018-11-09 17:44:31:470
-0.651;3.457;9.395;19.0;1.0;54.48;48.16154;11.55727;494.5;NaN;0.0;3.0;131.7;12 / 21;413522;2018-11-09 17:44:31:571
-0.641;2.873;9.548;17.0;1.0;54.48;48.16154;11.55727;494.5;NaN;0.0;3.0;131.7;12 / 21;413622;2018-11-09 17:44:31:671
-0.306;2.71;8.82;23.0;1.0;54.48;48.16154;11.55727;494.5;NaN;0.0;3.0;131.7;12 / 21;413722;2018-11-09 17:44:31:771
0.095;2.384;9.395;27.0;1.0;54.53;48.16154;11.55727;494.5;NaN;0.0;3.0;131.7;12 / 21;413825;2018-11-09 17:44:31:874
1.283;2.739;9.05;12.0;1.0;54.53;48.16154;11.55727;494.5;NaN;0.0;3.0;131.7;12 / 21;413922;2018-11-09 17:44:31:971
0.881;2.777;9.49;17.0;1.0;54.53;48.16154;11.55727;494.5;NaN;0.0;3.0;131.7;12 / 21;414022;2018-11-09 17:44:32:071
-0.114;3.093;9.021;32.0;1.0;55.06;48.16154;11.55727;494.5;NaN;0.0;3.0;131.7;12 / 21;414122;2018-11-09 17:44:32:171
1.082;2.604;9.05;32.0;1.0;55.06;48.16154;11.55727;494.5;NaN;0.0;3.0;131.7;12 / 21;414222;2018-11-09 17:44:32:271
1.091;3.553;9.921;39.0;1.0;55.06;48.16154;11.55727;494.5;NaN;0.0;3.0;131.7;11 / 21;414322;2018-11-09 17:44:32:371
1.8;3.313;10.161;5.0;1.0;55.29;48.16154;11.55727;494.5;NaN;0.0;3.0;131.7;11 / 21;414422;2018-11-09 17:44:32:471
0.478;1.953;10.4;20.0;1.0;55.29;48.16154;11.55727;494.5;NaN;0.0;3.0;131.7;11 / 21;414522;2018-11-09 17:44:32:571
-1.139;2.365;6.79;20.0;1.0;55.29;48.16154;11.55727;494.5;NaN;0.0;3.0;131.7;11 / 21;414622;2018-11-09 17:44:32:671
-1.331;3.428;10.621;24.0;1.0;55.45;48.16154;11.55727;494.5;NaN;0.0;3.0;131.7;11 / 21;414722;2018-11-09 17:44:32:771
-1.666;3.055;9.845;14.0;1.0;55.45;48.16154;11.55727;494.5;NaN;0.0;3.0;131.7;11 / 21;414822;2018-11-09 17:44:32:871
-0.785;3.964;9.165;22.0;1.0;55.45;48.16154;11.55727;494.5;NaN;0.0;3.0;131.7;11 / 21;414922;2018-11-09 17:44:32:971
-0.411;3.045;9.72;34.0;1.0;57.35;48.16154;11.55727;494.5;NaN;0.0;3.0;131.7;11 / 21;415021;2018-11-09 17:44:33:070
0.162;3.208;8.581;18.0;1.0;57.35;48.16154;11.55727;494.5;NaN;0.0;3.0;131.7;11 / 21;415122;2018-11-09 17:44:33:171
-0.172;2.815;9.529;26.0;1.0;57.35;48.16154;11.55727;494.5;NaN;0.0;3.0;131.7;12 / 21;415221;2018-11-09 17:44:33:270
0.708;3.208;9.136;31.0;1.0;56.67;48.16154;11.55727;494.5;NaN;0.0;3.0;131.7;12 / 21;415321;2018-11-09 17:44:33:370
0.421;3.074;9.194;26.0;1.0;56.67;48.16154;11.55727;494.5;NaN;0.0;3.0;131.7;12 / 21;415421;2018-11-09 17:44:33:470
0.392;3.323;9.557;33.0;1.0;56.67;48.16154;11.55727;494.5;NaN;0.0;3.0;131.7;12 / 21;415521;2018-11-09 17:44:33:570
0.095;3.562;9.366;24.0;1.0;54.85;48.16154;11.55727;494.5;NaN;0.0;3.0;131.7;12 / 21;415622;2018-11-09 17:44:33:671
0.268;3.141;9.088;28.0;1.0;54.85;48.16154;11.55727;494.5;NaN;0.0;3.0;131.7;12 / 21;415722;2018-11-09 17:44:33:771
0.373;3.179;9.117;13.0;1.0;54.85;48.16154;11.55727;494.5;NaN;0.0;3.0;131.7;12 / 21;415822;2018-11-09 17:44:33:871
0.507;3.17;9.002;21.0;1.0;52.22;48.16154;11.55727;494.5;NaN;0.0;3.0;131.7;12 / 21;415922;2018-11-09 17:44:33:971
0.43;3.035;9.251;22.0;1.0;52.22;48.16154;11.55727;494.5;NaN;0.0;3.0;131.7;12 / 21;416022;2018-11-09 17:44:34:071
0.517;2.911;9.289;22.0;1.0;52.22;48.16154;11.55727;494.5;NaN;0.0;3.0;131.7;12 / 21;416122;2018-11-09 17:44:34:171
0.727;2.796;9.423;15.0;1.0;51.62;48.16154;11.55727;494.5;NaN;0.0;3.0;131.7;12 / 21;416221;2018-11-09 17:44:34:270
0.363;2.93;9.184;12.0;1.0;51.62;48.16154;11.55727;494.5;NaN;0.0;3.0;131.7;12 / 21;416321;2018-11-09 17:44:34:370
0.555;2.882;9.318;12.0;1.0;51.62;48.16154;11.55727;494.5;NaN;0.0;3.0;131.7;12 / 21;416422;2018-11-09 17:44:34:471
0.555;2.834;9.021;27.0;1.0;52.24;48.16154;11.55727;494.5;NaN;0.0;3.0;131.7;12 / 21;416522;2018-11-09 17:44:34:571
0.545;2.959;9.51;13.0;1.0;52.24;48.16154;11.55727;494.5;NaN;0.0;3.0;131.7;12 / 21;416621;2018-11-09 17:44:34:670
0.699;2.844;9.117;19.0;1.0;52.24;48.16154;11.55727;494.5;NaN;0.0;3.0;131.7;12 / 21;416721;2018-11-09 17:44:34:770
0.545;2.921;9.213;24.0;1.0;53.09;48.16154;11.55727;494.5;NaN;0.0;3.0;131.7;12 / 21;416822;2018-11-09 17:44:34:871
0.785;2.681;10.084;27.0;1.0;53.09;48.16154;11.55727;494.5;NaN;0.0;3.0;131.7;12 / 21;416921;2018-11-09 17:44:34:970
0.679;2.834;8.964;25.0;1.0;53.09;48.16154;11.55727;494.5;NaN;0.0;3.0;131.7;12 / 21;417022;2018-11-09 17:44:35:071
0.498;3.055;8.897;22.0;1.0;52.47;48.16154;11.55727;494.5;NaN;0.0;3.0;131.7;12 / 21;417122;2018-11-09 17:44:35:171
0.555;2.806;9.318;18.0;1.0;52.47;48.16154;11.55727;494.5;NaN;0.0;3.0;131.7;12 / 21;417222;2018-11-09 17:44:35:271
0.593;2.719;9.098;30.0;1.0;52.47;48.16154;11.55727;494.5;NaN;0.0;3.0;131.7;12 / 21;417322;2018-11-09 17:44:35:371
0.584;2.777;9.261;26.0;1.0;53.19;48.16154;11.55727;494.5;NaN;0.0;3.0;131.7;12 / 21;417422;2018-11-09 17:44:35:471
0.469;2.719;9.471;22.0;1.0;53.19;48.16154;11.55727;494.5;NaN;0.0;3.0;131.7;12 / 21;417521;2018-11-09 17:44:35:570
0.526;2.681;8.983;37.0;1.0;53.19;48.16154;11.55727;494.5;NaN;0.0;3.0;131.7;12 / 21;417621;2018-11-09 17:44:35:670
0.43;2.633;8.801;35.0;1.0;53.19;48.16154;11.55727;494.5;NaN;0.0;3.0;131.7;12 / 21;417721;2018-11-09 17:44:35:770
0.593;2.892;9.241;32.0;1.0;52.83;48.16154;11.55727;494.5;NaN;0.0;3.0;131.7;12 / 21;417821;2018-11-09 17:44:35:870
0.804;2.566;9.04;15.0;1.0;52.83;48.16154;11.55727;494.5;NaN;0.0;3.0;131.7;12 / 21;417921;2018-11-09 17:44:35:970
0.699;2.557;9.174;24.0;1.0;52.83;48.16154;11.55727;494.5;NaN;0.0;3.0;131.7;12 / 21;418022;2018-11-09 17:44:36:071
0.574;2.71;9.213;9.0;1.0;52.1;48.16154;11.55727;494.5;NaN;0.0;3.0;131.7;12 / 20;418123;2018-11-09 17:44:36:172
0.584;2.566;9.021;15.0;1.0;52.1;48.16154;11.55727;494.5;NaN;0.0;3.0;131.7;12 / 20;418221;2018-11-09 17:44:36:270
0.622;2.547;9.021;23.0;1.0;52.1;48.16154;11.55727;494.5;NaN;0.0;3.0;131.7;12 / 20;418321;2018-11-09 17:44:36:370
0.383;2.71;9.232;15.0;1.0;52.28;48.16154;11.55727;494.5;NaN;0.0;3.0;131.7;12 / 20;418421;2018-11-09 17:44:36:470
0.507;2.566;9.04;21.0;1.0;52.28;48.16154;11.55727;494.5;NaN;0.0;3.0;131.7;12 / 20;418522;2018-11-09 17:44:36:571
0.517;2.643;9.27;18.0;1.0;52.28;48.16154;11.55727;494.5;NaN;0.0;3.0;131.7;12 / 20;418622;2018-11-09 17:44:36:671
0.459;2.547;9.117;12.0;1.0;51.54;48.16154;11.55727;494.5;NaN;0.0;3.0;131.7;12 / 20;418722;2018-11-09 17:44:36:771
0.584;2.509;9.203;32.0;1.0;51.54;48.16154;11.55727;494.5;NaN;0.0;3.0;131.7;12 / 20;418822;2018-11-09 17:44:36:871
0.603;2.518;9.165;24.0;1.0;51.54;48.16154;11.55727;494.5;NaN;0.0;3.0;131.7;12 / 20;418922;2018-11-09 17:44:36:971
0.517;2.557;9.127;26.0;1.0;51.81;48.16154;11.55727;494.5;NaN;0.0;3.0;131.7;12 / 20;419022;2018-11-09 17:44:37:071
0.574;2.585;9.079;24.0;1.0;51.81;48.16154;11.55727;494.5;NaN;0.0;3.0;131.7;12 / 20;419121;2018-11-09 17:44:37:170
0.555;2.585;9.184;19.0;1.0;51.81;48.16154;11.55727;494.5;NaN;0.0;3.0;131.7;13 / 20;419221;2018-11-09 17:44:37:270
0.593;2.595;9.174;13.0;1.0;52.92;48.16154;11.55727;494.5;NaN;0.0;3.0;131.7;13 / 20;419321;2018-11-09 17:44:37:370
0.565;2.585;9.031;10.0;1.0;52.92;48.16154;11.55727;494.5;NaN;0.0;3.0;131.7;13 / 20;419421;2018-11-09 17:44:37:470
0.555;2.624;9.069;21.0;1.0;52.92;48.16154;11.55727;494.5;NaN;0.0;3.0;131.7;13 / 20;419521;2018-11-09 17:44:37:570
0.593;2.662;9.366;32.0;1.0;54.84;48.16154;11.55727;494.5;NaN;0.0;3.0;131.7;13 / 20;419621;2018-11-09 17:44:37:670
0.555;2.633;9.012;21.0;1.0;54.84;48.16154;11.55727;494.5;NaN;0.0;3.0;131.7;13 / 20;419721;2018-11-09 17:44:37:770
0.574;2.672;9.079;14.0;1.0;54.84;48.16154;11.55727;494.5;NaN;0.0;3.0;131.7;13 / 20;419821;2018-11-09 17:44:37:870
0.565;2.71;9.194;0.0;1.0;54.67;48.16154;11.55727;494.5;NaN;0.0;3.0;131.7;13 / 20;419922;2018-11-09 17:44:37:971
0.555;2.729;9.069;21.0;1.0;54.67;48.16154;11.55727;494.5;NaN;0.0;3.0;131.7;13 / 20;420022;2018-11-09 17:44:38:071
0.44;2.873;9.222;19.0;1.0;54.67;48.16154;11.55727;494.5;NaN;0.0;3.0;131.7;13 / 20;420122;2018-11-09 17:44:38:171
0.612;2.767;9.127;14.0;1.0;51.65;48.16154;11.55727;494.5;NaN;0.0;3.0;131.7;13 / 20;420222;2018-11-09 17:44:38:271
0.565;2.796;9.04;22.0;1.0;51.65;48.16154;11.55727;494.5;NaN;0.0;3.0;131.7;13 / 20;420322;2018-11-09 17:44:38:371
0.469;2.786;9.165;34.0;1.0;51.65;48.16154;11.55727;494.5;NaN;0.0;3.0;131.7;13 / 20;420422;2018-11-09 17:44:38:471
0.421;2.806;9.27;29.0;1.0;49.7;48.16154;11.55727;494.5;NaN;0.0;3.0;131.7;13 / 20;420521;2018-11-09 17:44:38:570
0.488;2.863;9.203;34.0;1.0;49.7;48.16154;11.55727;494.5;NaN;0.0;3.0;131.7;13 / 20;420621;2018-11-09 17:44:38:670
0.229;2.988;9.241;20.0;1.0;49.7;48.16154;11.55727;494.5;NaN;0.0;3.0;131.7;13 / 20;420723;2018-11-09 17:44:38:772
0.191;2.997;9.203;25.0;1.0;47.51;48.16154;11.55727;494.5;NaN;0.0;3.0;131.7;13 / 20;420822;2018-11-09 17:44:38:871
-0.047;3.026;9.165;30.0;1.0;47.51;48.16154;11.55727;494.5;NaN;0.0;3.0;131.7;13 / 20;420922;2018-11-09 17:44:38:971
-0.009;2.93;9.194;14.0;1.0;47.51;48.16154;11.55727;494.5;NaN;0.0;3.0;131.7;13 / 20;421022;2018-11-09 17:44:39:071
0.545;3.122;9.596;11.0;1.0;47.19;48.16154;11.55727;494.5;NaN;0.0;3.0;131.7;13 / 20;421121;2018-11-09 17:44:39:170
0.287;3.38;9.174;27.0;1.0;47.19;48.16154;11.55727;494.5;NaN;0.0;3.0;131.7;13 / 20;421222;2018-11-09 17:44:39:271
0.651;3.256;9.529;24.0;1.0;47.19;48.16154;11.55727;494.5;NaN;0.0;3.0;131.7;13 / 20;421322;2018-11-09 17:44:39:371
0.756;3.122;9.012;24.0;1.0;47.31;48.16154;11.55727;494.5;NaN;0.0;3.0;131.7;13 / 20;421422;2018-11-09 17:44:39:471
0.153;3.064;8.887;21.0;1.0;47.31;48.16154;11.55727;494.5;NaN;0.0;3.0;131.7;13 / 20;421522;2018-11-09 17:44:39:571
-0.258;3.658;9.567;3.0;1.0;47.31;48.16154;11.55727;494.5;NaN;0.0;3.0;131.7;13 / 20;421622;2018-11-09 17:44:39:671
-0.383;3.639;9.692;23.0;1.0;47.72;48.16154;11.55727;494.5;NaN;0.0;3.0;131.7;13 / 20;421721;2018-11-09 17:44:39:770
-0.21;3.438;9.529;19.0;1.0;47.72;48.16154;11.55727;494.5;NaN;0.0;3.0;131.7;13 / 20;421822;2018-11-09 17:44:39:871
0.153;3.15;9.414;6.0;1.0;47.72;48.16154;11.55727;494.5;NaN;0.0;3.0;131.7;13 / 20;421922;2018-11-09 17:44:39:971
0.162;3.352;9.586;15.0;1.0;49.01;48.16154;11.55727;494.5;NaN;0.0;3.0;131.7;13 / 20;422021;2018-11-09 17:44:40:070
-0.019;3.447;9.826;10.0;1.0;49.01;48.16148;11.55729;501.5;NaN;2.2;3.2;200.6;13 / 20;422122;2018-11-09 17:44:40:171
0.651;2.585;8.447;21.0;1.0;49.01;48.16148;11.55729;501.5;NaN;2.2;3.2;200.6;13 / 20;422222;2018-11-09 17:44:40:271
0.383;2.767;9.366;10.0;1.0;50.33;48.16148;11.55729;501.5;NaN;2.2;3.2;200.6;13 / 20;422321;2018-11-09 17:44:40:370
0.172;2.892;9.998;31.0;1.0;50.33;48.16148;11.55729;501.5;NaN;2.2;3.2;200.6;13 / 20;422422;2018-11-09 17:44:40:471
0.555;2.451;8.945;15.0;1.0;50.33;48.16148;11.55729;501.5;NaN;2.2;3.2;200.6;13 / 20;422522;2018-11-09 17:44:40:571
0.277;2.672;9.596;29.0;1.0;50.17;48.16148;11.55729;501.5;NaN;2.2;3.2;200.6;13 / 20;422622;2018-11-09 17:44:40:671
0.287;2.547;9.031;26.0;1.0;50.17;48.16148;11.55729;501.5;NaN;2.2;3.2;200.6;13 / 20;422722;2018-11-09 17:44:40:771
0.44;2.537;9.5;21.0;1.0;50.17;48.16148;11.55729;501.5;NaN;2.2;3.2;200.6;13 / 20;422821;2018-11-09 17:44:40:870
0.191;2.691;9.462;26.0;1.0;49.25;48.16148;11.55729;501.5;NaN;2.2;3.2;200.6;13 / 20;422923;2018-11-09 17:44:40:972
-0.249;3.045;9.49;2.0;1.0;49.25;48.16148;11.55729;501.5;NaN;2.2;3.2;200.6;13 / 20;423022;2018-11-09 17:44:41:071
-0.124;3.332;9.318;20.0;1.0;49.25;48.16148;11.55729;500.9;NaN;0.0;3.2;200.6;13 / 20;423121;2018-11-09 17:44:41:170
-0.009;3.007;9.308;28.0;1.0;46.9;48.16148;11.55729;500.9;NaN;0.0;3.2;200.6;13 / 20;423221;2018-11-09 17:44:41:270
-0.172;2.834;9.835;26.0;1.0;46.9;48.16148;11.55729;500.9;NaN;0.0;3.2;200.6;13 / 20;423321;2018-11-09 17:44:41:370
0.22;2.786;8.81;8.0;1.0;46.9;48.16148;11.55729;500.9;NaN;0.0;3.2;200.6;13 / 20;423422;2018-11-09 17:44:41:471
0.373;2.853;9.385;22.0;1.0;46.6;48.16148;11.55729;500.9;NaN;0.0;3.2;200.6;13 / 20;423522;2018-11-09 17:44:41:571
0.22;2.988;9.73;18.0;1.0;46.6;48.16148;11.55729;500.9;NaN;0.0;3.2;200.6;13 / 20;423622;2018-11-09 17:44:41:671
0.067;3.112;9.28;24.0;1.0;46.6;48.16148;11.55729;500.9;NaN;0.0;3.2;200.6;13 / 20;423722;2018-11-09 17:44:41:771
0.325;2.988;8.772;16.0;1.0;46.6;48.16148;11.55729;500.9;NaN;0.0;3.2;200.6;13 / 20;423822;2018-11-09 17:44:41:871
0.258;3.189;9.05;28.0;1.0;45.5;48.16148;11.55729;500.9;NaN;0.0;3.2;200.6;13 / 20;423922;2018-11-09 17:44:41:971
0.114;3.332;9.481;26.0;1.0;45.5;48.16148;11.55729;500.9;NaN;0.0;3.2;200.6;13 / 20;424021;2018-11-09 17:44:42:070
-0.153;3.476;9.452;12.0;1.0;45.5;48.16147;11.55729;500.1;NaN;0.0;3.2;169.4;14 / 20;424121;2018-11-09 17:44:42:170
-0.641;3.696;9.625;30.0;1.0;47.44;48.16147;11.55729;500.1;NaN;0.0;3.2;169.4;14 / 20;424221;2018-11-09 17:44:42:270
-0.833;3.562;9.05;22.0;1.0;47.44;48.16147;11.55729;500.1;NaN;0.0;3.2;169.4;14 / 20;424322;2018-11-09 17:44:42:371
-0.584;3.639;9.902;25.0;1.0;47.44;48.16147;11.55729;500.1;NaN;0.0;3.2;169.4;14 / 20;424422;2018-11-09 17:44:42:471
-0.402;3.39;9.232;18.0;1.0;43.2;48.16147;11.55729;500.1;NaN;0.0;3.2;169.4;14 / 20;424522;2018-11-09 17:44:42:571
-0.057;3.428;9.27;22.0;1.0;43.2;48.16147;11.55729;500.1;NaN;0.0;3.2;169.4;14 / 20;424622;2018-11-09 17:44:42:671
0.239;3.553;9.069;29.0;1.0;43.2;48.16147;11.55729;500.1;NaN;0.0;3.2;169.4;14 / 20;424721;2018-11-09 17:44:42:770
-0.536;3.706;9.902;11.0;1.0;48.94;48.16147;11.55729;500.1;NaN;0.0;3.2;169.4;14 / 20;424821;2018-11-09 17:44:42:870
-0.201;3.505;8.992;21.0;1.0;48.94;48.16147;11.55729;500.1;NaN;0.0;3.2;169.4;14 / 20;424922;2018-11-09 17:44:42:971
-0.134;3.533;9.605;20.0;1.0;48.94;48.16147;11.55729;500.1;NaN;0.0;3.2;169.4;14 / 20;425022;2018-11-09 17:44:43:071
0.363;3.026;9.088;30.0;1.0;46.65;48.16147;11.55729;500.3;NaN;0.0;3.2;169.4;14 / 20;425122;2018-11-09 17:44:43:171
0.277;3.371;9.184;35.0;1.0;46.65;48.16147;11.55729;500.3;NaN;0.0;3.2;169.4;14 / 20;425221;2018-11-09 17:44:43:270
0.124;3.246;9.49;6.0;1.0;46.65;48.16147;11.55729;500.3;NaN;0.0;3.2;169.4;14 / 20;425321;2018-11-09 17:44:43:370
0.201;3.553;8.561;11.0;1.0;46.4;48.16147;11.55729;500.3;NaN;0.0;3.2;169.4;14 / 20;425421;2018-11-09 17:44:43:470
0.296;3.524;9.328;24.0;1.0;46.4;48.16147;11.55729;500.3;NaN;0.0;3.2;169.4;14 / 20;425522;2018-11-09 17:44:43:571
-0.172;3.897;9.941;23.0;1.0;46.4;48.16147;11.55729;500.3;NaN;0.0;3.2;169.4;14 / 20;425622;2018-11-09 17:44:43:671
0.756;3.332;8.542;23.0;1.0;47.92;48.16147;11.55729;500.3;NaN;0.0;3.2;169.4;14 / 20;425726;2018-11-09 17:44:43:775
0.842;3.802;9.883;21.0;1.0;47.92;48.16147;11.55729;500.3;NaN;0.0;3.2;169.4;14 / 20;425821;2018-11-09 17:44:43:870
-0.095;3.964;8.763;16.0;1.0;47.92;48.16147;11.55729;500.3;NaN;0.0;3.2;169.4;14 / 20;425921;2018-11-09 17:44:43:970
0.143;3.629;9.213;35.0;1.0;42.29;48.16147;11.55729;500.3;NaN;0.0;3.2;169.4;14 / 20;426022;2018-11-09 17:44:44:071
0.833;3.61;9.72;31.0;1.0;42.29;48.16147;11.55729;500.0;NaN;0.0;3.2;169.4;14 / 20;426122;2018-11-09 17:44:44:171
0.641;3.198;9.174;29.0;1.0;42.29;48.16147;11.55729;500.0;NaN;0.0;3.2;169.4;14 / 20;426222;2018-11-09 17:44:44:271
0.545;3.093;8.82;9.0;1.0;41.17;48.16147;11.55729;500.0;NaN;0.0;3.2;169.4;14 / 20;426321;2018-11-09 17:44:44:370
0.306;3.275;9.443;17.0;1.0;41.17;48.16147;11.55729;500.0;NaN;0.0;3.2;169.4;14 / 20;426422;2018-11-09 17:44:44:471
-0.316;3.629;9.49;31.0;1.0;41.17;48.16147;11.55729;500.0;NaN;0.0;3.2;169.4;14 / 20;426521;2018-11-09 17:44:44:570
-0.756;3.505;9.653;21.0;1.0;43.04;48.16147;11.55729;500.0;NaN;0.0;3.2;169.4;14 / 20;426622;2018-11-09 17:44:44:671
-0.067;3.352;9.605;31.0;1.0;43.04;48.16147;11.55729;500.0;NaN;0.0;3.2;169.4;14 / 20;426722;2018-11-09 17:44:44:771
-0.038;3.304;8.897;18.0;1.0;43.04;48.16147;11.55729;500.0;NaN;0.0;3.2;169.4;14 / 20;426821;2018-11-09 17:44:44:870
-0.67;3.428;10.161;15.0;1.0;41.87;48.16147;11.55729;500.0;NaN;0.0;3.2;169.4;14 / 20;426921;2018-11-09 17:44:44:970
-0.354;3.237;9.778;16.0;1.0;41.87;48.16147;11.55729;500.0;NaN;0.0;3.2;169.4;14 / 20;427021;2018-11-09 17:44:45:070
0.028;3.495;8.303;4.0;1.0;41.87;48.16147;11.55729;500.0;NaN;0.0;3.2;169.4;14 / 20;427124;2018-11-09 17:44:45:173
0.114;3.648;10.4;15.0;1.0;42.08;48.16147;11.55729;500.0;NaN;0.0;3.2;169.4;14 / 20;427222;2018-11-09 17:44:45:271
-0.134;2.988;8.408;20.0;1.0;42.08;48.16147;11.55729;500.0;NaN;0.0;3.2;169.4;14 / 20;427321;2018-11-09 17:44:45:370
0.488;3.246;9.165;7.0;1.0;42.08;48.16147;11.55729;500.0;NaN;0.0;3.2;169.4;14 / 20;427422;2018-11-09 17:44:45:471
0.689;2.911;8.935;21.0;1.0;40.35;48.16147;11.55729;500.0;NaN;0.0;3.2;169.4;14 / 20;427522;2018-11-09 17:44:45:571
0.814;2.959;8.973;21.0;1.0;40.35;48.16147;11.55729;500.0;NaN;0.0;3.2;169.4;14 / 20;427621;2018-11-09 17:44:45:670
0.871;2.921;8.916;11.0;1.0;40.35;48.16147;11.55729;500.0;NaN;0.0;3.2;169.4;14 / 20;427721;2018-11-09 17:44:45:770
0.641;3.131;9.366;20.0;1.0;40.56;48.16147;11.55729;500.0;NaN;0.0;3.2;169.4;14 / 20;427822;2018-11-09 17:44:45:871
0.909;2.978;9.222;21.0;1.0;40.56;48.16147;11.55729;500.0;NaN;0.0;3.2;169.4;14 / 20;427922;2018-11-09 17:44:45:971
0.804;3.466;9.213;22.0;1.0;40.56;48.16147;11.55729;500.0;NaN;0.0;3.2;169.4;14 / 20;428022;2018-11-09 17:44:46:071
0.105;3.773;9.328;14.0;1.0;42.08;48.16147;11.55729;500.0;NaN;0.0;3.2;169.4;14 / 20;428122;2018-11-09 17:44:46:171
0.488;3.514;9.28;3.0;1.0;42.08;48.16147;11.55729;500.0;NaN;0.0;3.2;169.4;14 / 20;428222;2018-11-09 17:44:46:271
0.756;3.591;9.222;13.0;1.0;42.08;48.16147;11.55729;500.0;NaN;0.0;3.2;169.4;14 / 20;428321;2018-11-09 17:44:46:370
1.359;3.706;9.692;14.0;1.0;40.19;48.16147;11.55729;500.0;NaN;0.0;3.2;169.4;14 / 20;428421;2018-11-09 17:44:46:470
1.063;3.62;10.678;13.0;1.0;40.19;48.16147;11.55729;500.0;NaN;0.0;3.2;169.4;14 / 20;428522;2018-11-09 17:44:46:571
1.685;2.892;9.893;10.0;1.0;40.19;48.16147;11.55729;500.0;NaN;0.0;3.2;169.4;14 / 20;428622;2018-11-09 17:44:46:671
1.857;2.853;8.322;3.0;1.0;40.56;48.16147;11.55729;500.0;NaN;0.0;3.2;169.4;14 / 20;428722;2018-11-09 17:44:46:771
0.277;2.193;8.925;27.0;1.0;40.56;48.16147;11.55729;500.0;NaN;0.0;3.2;169.4;14 / 20;428821;2018-11-09 17:44:46:870
0.335;2.901;9.893;14.0;1.0;40.56;48.16147;11.55729;500.0;NaN;0.0;3.2;169.4;14 / 20;428922;2018-11-09 17:44:46:971
0.105;2.959;9.069;17.0;1.0;40.78;48.16147;11.55729;500.0;NaN;0.0;3.2;169.4;14 / 20;429022;2018-11-09 17:44:47:071
0.028;2.71;8.312;15.0;1.0;40.78;48.16147;11.55729;500.0;NaN;0.0;3.2;169.4;14 / 20;429122;2018-11-09 17:44:47:171
-0.019;3.15;10.113;23.0;1.0;40.78;48.16147;11.55729;500.0;NaN;0.0;3.2;169.4;14 / 20;429222;2018-11-09 17:44:47:271
0.277;3.074;8.772;22.0;1.0;41.8;48.16147;11.55729;500.0;NaN;0.0;3.2;169.4;14 / 20;429322;2018-11-09 17:44:47:371
-0.488;3.438;9.826;18.0;1.0;41.8;48.16147;11.55729;500.0;NaN;0.0;3.2;169.4;14 / 20;429421;2018-11-09 17:44:47:470
0.239;3.179;10.218;20.0;1.0;41.8;48.16147;11.55729;500.0;NaN;0.0;3.2;169.4;14 / 20;429522;2018-11-09 17:44:47:571
-0.21;3.428;8.868;0.0;1.0;41.48;48.16147;11.55729;500.0;NaN;0.0;3.2;169.4;14 / 20;429621;2018-11-09 17:44:47:670
0.095;2.949;8.753;18.0;1.0;41.48;48.16147;11.55729;500.0;NaN;0.0;3.2;169.4;14 / 20;429722;2018-11-09 17:44:47:771
0.239;2.978;8.447;16.0;1.0;41.48;48.16147;11.55729;500.0;NaN;0.0;3.2;169.4;14 / 20;429822;2018-11-09 17:44:47:871
0.45;3.38;9.423;3.0;1.0;41.7;48.16147;11.55729;500.0;NaN;0.0;3.2;169.4;14 / 20;429922;2018-11-09 17:44:47:971
0.766;3.39;8.964;12.0;1.0;41.7;48.16147;11.55729;500.0;NaN;0.0;3.2;169.4;14 / 20;430022;2018-11-09 17:44:48:071
0.699;3.198;9.002;11.0;1.0;41.7;48.16147;11.55729;500.0;NaN;0.0;3.2;169.4;14 / 20;430122;2018-11-09 17:44:48:171
0.9;3.208;9.021;20.0;1.0;40.66;48.16147;11.55729;500.0;NaN;0.0;3.2;169.4;14 / 20;430222;2018-11-09 17:44:48:271
1.407;3.591;9.127;10.0;1.0;40.66;48.16147;11.55729;500.0;NaN;0.0;3.2;169.4;14 / 20;430322;2018-11-09 17:44:48:371
1.407;3.553;9.261;1.0;1.0;40.66;48.16147;11.55729;500.0;NaN;0.0;3.2;169.4;14 / 20;430422;2018-11-09 17:44:48:471
1.312;3.744;10.285;23.0;1.0;40.75;48.16147;11.55729;500.0;NaN;0.0;3.2;169.4;14 / 20;430522;2018-11-09 17:44:48:571
1.11;3.189;9.165;16.0;1.0;40.75;48.16147;11.55729;500.0;NaN;0.0;3.2;169.4;14 / 20;430622;2018-11-09 17:44:48:671
1.206;3.466;8.916;21.0;1.0;40.75;48.16147;11.55729;500.0;NaN;0.0;3.2;169.4;14 / 20;430722;2018-11-09 17:44:48:771
0.584;3.591;9.969;27.0;1.0;39.63;48.16147;11.55729;500.0;NaN;0.0;3.2;169.4;14 / 20;430822;2018-11-09 17:44:48:871
0.919;3.131;8.801;20.0;1.0;39.63;48.16147;11.55729;500.0;NaN;0.0;3.2;169.4;14 / 20;430922;2018-11-09 17:44:48:971
0.909;3.093;9.069;17.0;1.0;39.63;48.16147;11.55729;500.0;NaN;0.0;3.2;169.4;14 / 20;431022;2018-11-09 17:44:49:071
0.191;3.371;10.199;24.0;1.0;40.84;48.16147;11.55729;500.0;NaN;0.0;3.2;169.4;14 / 20;431122;2018-11-09 17:44:49:171
0.976;3.62;9.136;20.0;1.0;40.84;48.16147;11.55729;500.0;NaN;0.0;3.2;169.4;14 / 20;431222;2018-11-09 17:44:49:271
0.928;3.715;9.423;21.0;1.0;40.84;48.16147;11.55729;500.0;NaN;0.0;3.2;169.4;14 / 20;431322;2018-11-09 17:44:49:371
0.641;3.61;10.142;20.0;1.0;39.24;48.16147;11.55729;500.0;NaN;0.0;3.2;169.4;14 / 20;431422;2018-11-09 17:44:49:471
0.737;3.533;8.983;23.0;1.0;39.24;48.16147;11.55729;500.0;NaN;0.0;3.2;169.4;14 / 20;431522;2018-11-09 17:44:49:571
-0.134;4.223;8.82;18.0;1.0;39.24;48.16147;11.55729;500.0;NaN;0.0;3.2;169.4;14 / 20;431621;2018-11-09 17:44:49:670
-0.44;5.401;9.701;29.0;1.0;37.13;48.16147;11.55729;500.0;NaN;0.0;3.2;169.4;14 / 20;431721;2018-11-09 17:44:49:770
-0.296;4.338;7.46;27.0;1.0;37.13;48.16147;11.55729;500.0;NaN;0.0;3.2;169.4;14 / 20;431821;2018-11-09 17:44:49:870
-0.584;5.554;8.973;14.0;1.0;37.13;48.16147;11.55729;500.0;NaN;0.0;3.2;169.4;14 / 20;431921;2018-11-09 17:44:49:970
0.076;4.625;8.38;27.0;1.0;41.45;48.16147;11.55729;500.0;NaN;0.0;3.2;169.4;14 / 20;432021;2018-11-09 17:44:50:070
-0.201;4.405;9.423;40.0;1.0;41.45;48.16147;11.55729;500.0;NaN;0.0;3.2;169.4;14 / 20;432122;2018-11-09 17:44:50:171
0.22;4.386;8.427;11.0;1.0;41.45;48.16147;11.55729;500.0;NaN;0.0;3.2;169.4;14 / 20;432221;2018-11-09 17:44:50:270
1.359;4.769;8.648;40.0;1.0;39.48;48.16147;11.55729;500.0;NaN;0.0;3.2;169.4;14 / 20;432322;2018-11-09 17:44:50:371
0.306;4.233;8.782;23.0;1.0;39.48;48.16147;11.55729;500.0;NaN;0.0;3.2;169.4;14 / 20;432422;2018-11-09 17:44:50:471
0.411;3.984;9.241;19.0;1.0;39.48;48.16147;11.55729;500.0;NaN;0.0;3.2;169.4;14 / 20;432522;2018-11-09 17:44:50:571
0.047;3.17;7.68;26.0;1.0;40.04;48.16147;11.55729;500.0;NaN;0.0;3.2;169.4;14 / 20;432622;2018-11-09 17:44:50:671
-0.306;3.38;10.745;27.0;1.0;40.04;48.16147;11.55729;500.0;NaN;0.0;3.2;169.4;14 / 20;432722;2018-11-09 17:44:50:771
-0.421;3.61;10.084;21.0;1.0;40.04;48.16147;11.55729;500.0;NaN;0.0;3.2;169.4;14 / 20;432822;2018-11-09 17:44:50:871
0.268;2.547;8.341;44.0;1.0;44.5;48.16147;11.55729;500.0;NaN;0.0;3.2;169.4;14 / 20;432922;2018-11-09 17:44:50:971
-0.172;3.313;9.807;38.0;1.0;44.5;48.16147;11.55729;500.0;NaN;0.0;3.2;169.4;14 / 20;433021;2018-11-09 17:44:51:070
-0.162;3.055;9.059;20.0;1.0;44.5;48.16147;11.55729;500.0;NaN;0.0;3.2;169.4;14 / 20;433122;2018-11-09 17:44:51:171
-0.134;3.256;9.471;25.0;1.0;41.09;48.16147;11.55729;500.0;NaN;0.0;3.2;169.4;14 / 20;433222;2018-11-09 17:44:51:271
-0.162;3.323;9.174;31.0;1.0;41.09;48.16147;11.55729;500.0;NaN;0.0;3.2;169.4;14 / 20;433322;2018-11-09 17:44:51:371
-0.229;3.514;9.557;28.0;1.0;41.09;48.16147;11.55729;500.0;NaN;0.0;3.2;169.4;14 / 20;433422;2018-11-09 17:44:51:471
-0.22;3.409;8.916;42.0;1.0;39.38;48.16147;11.55729;500.0;NaN;0.0;3.2;169.4;14 / 20;433522;2018-11-09 17:44:51:571
-0.229;3.572;9.184;18.0;1.0;39.38;48.16147;11.55729;500.0;NaN;0.0;3.2;169.4;14 / 20;433622;2018-11-09 17:44:51:671
-0.44;3.572;9.107;30.0;1.0;39.38;48.16147;11.55729;500.0;NaN;0.0;3.2;169.4;14 / 20;433722;2018-11-09 17:44:51:771
0.402;2.672;10.218;19.0;1.0;38.18;48.16147;11.55729;500.0;NaN;0.0;3.2;169.4;14 / 20;433822;2018-11-09 17:44:51:871
-0.44;3.026;8.925;26.0;1.0;38.18;48.16147;11.55729;500.0;NaN;0.0;3.2;169.4;14 / 20;433922;2018-11-09 17:44:51:971
-0.143;2.959;9.385;25.0;1.0;38.18;48.16147;11.55729;500.0;NaN;0.0;3.2;169.4;14 / 20;434022;2018-11-09 17:44:52:071
-0.086;2.7;8.964;23.0;1.0;37.53;48.16147;11.55729;500.0;NaN;0.0;3.2;169.4;14 / 20;434122;2018-11-09 17:44:52:171
-0.316;2.614;10.994;26.0;1.0;37.53;48.16147;11.55729;500.0;NaN;0.0;3.2;169.4;14 / 21;434221;2018-11-09 17:44:52:270
-0.66;2.988;10.065;19.0;1.0;37.53;48.16147;11.55729;500.0;NaN;0.0;3.2;169.4;14 / 21;434322;2018-11-09 17:44:52:371
-0.153;2.423;9.155;28.0;1.0;38.5;48.16147;11.55729;500.0;NaN;0.0;3.2;169.4;14 / 21;434422;2018-11-09 17:44:52:471
-0.268;2.988;9.385;28.0;1.0;38.5;48.16147;11.55729;500.0;NaN;0.0;3.2;169.4;14 / 21;434522;2018-11-09 17:44:52:571
-0.124;2.844;9.232;22.0;1.0;38.5;48.16147;11.55729;500.0;NaN;0.0;3.2;169.4;14 / 21;434621;2018-11-09 17:44:52:670
-0.143;2.921;9.222;18.0;1.0;47.99;48.16147;11.55729;500.0;NaN;0.0;3.2;169.4;14 / 21;434721;2018-11-09 17:44:52:770
-0.45;3.15;10.218;29.0;1.0;47.99;48.16147;11.55729;500.0;NaN;0.0;3.2;169.4;14 / 21;434821;2018-11-09 17:44:52:870
-0.306;3.064;9.529;28.0;1.0;47.99;48.16147;11.55729;500.0;NaN;0.0;3.2;169.4;14 / 21;434921;2018-11-09 17:44:52:970
-0.105;3.112;9.174;28.0;1.0;39.05;48.16147;11.55729;500.0;NaN;0.0;3.2;169.4;14 / 21;435022;2018-11-09 17:44:53:071
0.095;2.739;9.979;28.0;1.0;39.05;48.16147;11.55729;500.0;NaN;0.0;3.2;169.4;14 / 21;435122;2018-11-09 17:44:53:171
0.047;2.959;8.964;18.0;1.0;39.05;48.16147;11.55729;500.0;NaN;0.0;3.2;169.4;14 / 21;435222;2018-11-09 17:44:53:271
-0.038;3.304;9.241;39.0;1.0;37.4;48.16147;11.55729;500.0;NaN;0.0;3.2;169.4;14 / 21;435321;2018-11-09 17:44:53:370
-0.632;3.122;9.366;14.0;1.0;37.4;48.16147;11.55729;500.0;NaN;0.0;3.2;169.4;14 / 21;435421;2018-11-09 17:44:53:470
-0.249;2.959;9.146;24.0;1.0;37.4;48.16147;11.55729;500.0;NaN;0.0;3.2;169.4;14 / 21;435522;2018-11-09 17:44:53:571
-0.028;3.189;10.257;31.0;1.0;37.4;48.16147;11.55729;500.0;NaN;0.0;3.2;169.4;14 / 21;435622;2018-11-09 17:44:53:671
-0.057;3.131;8.437;19.0;1.0;46.9;48.16147;11.55729;500.0;NaN;0.0;3.2;169.4;14 / 21;435721;2018-11-09 17:44:53:770
-0.201;3.581;10.094;2.0;1.0;46.9;48.16147;11.55729;500.0;NaN;0.0;3.2;169.4;14 / 21;435821;2018-11-09 17:44:53:870
-0.249;3.505;8.265;22.0;1.0;46.9;48.16147;11.55729;500.0;NaN;0.0;3.2;169.4;14 / 21;435922;2018-11-09 17:44:53:971
0.249;3.256;8.293;19.0;1.0;46.16;48.16147;11.55729;500.0;NaN;0.0;3.2;169.4;14 / 21;436022;2018-11-09 17:44:54:071
-0.574;3.246;8.054;27.0;1.0;46.16;48.16147;11.55729;500.0;NaN;0.0;3.2;169.4;14 / 21;436122;2018-11-09 17:44:54:171
-0.21;2.796;7.527;38.0;1.0;46.16;48.16147;11.55729;500.0;NaN;0.0;3.2;169.4;14 / 21;436222;2018-11-09 17:44:54:271
0.038;3.074;8.858;22.0;1.0;47.35;48.16147;11.55729;500.0;NaN;0.0;3.2;169.4;14 / 21;436321;2018-11-09 17:44:54:370
-0.45;3.514;9.385;38.0;1.0;47.35;48.16147;11.55729;500.0;NaN;0.0;3.2;169.4;14 / 21;436421;2018-11-09 17:44:54:470
-0.191;3.399;9.941;32.0;1.0;47.35;48.16147;11.55729;500.0;NaN;0.0;3.2;169.4;14 / 21;436521;2018-11-09 17:44:54:570
0.009;3.227;9.031;23.0;1.0;48.99;48.16147;11.55729;500.0;NaN;0.0;3.2;169.4;14 / 21;436622;2018-11-09 17:44:54:671
-0.22;3.409;8.858;35.0;1.0;48.99;48.16147;11.55729;500.0;NaN;0.0;3.2;169.4;14 / 21;436722;2018-11-09 17:44:54:771
-0.191;3.533;9.366;40.0;1.0;48.99;48.16147;11.55729;500.0;NaN;0.0;3.2;169.4;14 / 21;436822;2018-11-09 17:44:54:871
-0.335;3.074;9.098;16.0;1.0;45.73;48.16147;11.55729;500.0;NaN;0.0;3.2;169.4;14 / 21;436921;2018-11-09 17:44:54:970
-0.718;3.668;10.841;26.0;1.0;45.73;48.16147;11.55729;500.0;NaN;0.0;3.2;169.4;14 / 21;437022;2018-11-09 17:44:55:071
0.028;3.332;10.64;35.0;1.0;45.73;48.16147;11.55729;500.0;NaN;0.0;3.2;169.4;14 / 21;437122;2018-11-09 17:44:55:171
-0.43;3.725;10.707;45.0;1.0;46.57;48.16147;11.55729;500.0;NaN;0.0;3.2;169.4;14 / 21;437222;2018-11-09 17:44:55:271
-0.124;3.62;9.596;39.0;1.0;46.57;48.16147;11.55729;500.0;NaN;0.0;3.2;169.4;14 / 21;437322;2018-11-09 17:44:55:371
0.047;3.371;9.318;32.0;1.0;46.57;48.16147;11.55729;500.0;NaN;0.0;3.2;169.4;14 / 21;437422;2018-11-09 17:44:55:471
-0.028;3.361;9.27;31.0;1.0;46.92;48.16147;11.55729;500.0;NaN;0.0;3.2;169.4;14 / 21;437521;2018-11-09 17:44:55:570
0.0;3.409;9.385;28.0;1.0;46.92;48.16147;11.55729;500.0;NaN;0.0;3.2;169.4;14 / 21;437621;2018-11-09 17:44:55:670
-0.067;3.428;8.925;26.0;1.0;46.92;48.16147;11.55729;500.0;NaN;0.0;3.2;169.4;14 / 21;437722;2018-11-09 17:44:55:771
-0.038;3.495;9.203;24.0;1.0;44.63;48.16147;11.55729;500.0;NaN;0.0;3.2;169.4;14 / 21;437824;2018-11-09 17:44:55:873
0.095;3.447;9.251;22.0;1.0;44.63;48.16147;11.55729;500.0;NaN;0.0;3.2;169.4;14 / 21;437922;2018-11-09 17:44:55:971
0.038;3.428;9.069;30.0;1.0;44.63;48.16147;11.55729;500.0;NaN;0.0;3.2;169.4;14 / 21;438022;2018-11-09 17:44:56:071
0.181;3.198;9.27;24.0;1.0;42.95;48.16147;11.55729;500.0;NaN;0.0;3.2;169.4;14 / 21;438121;2018-11-09 17:44:56:170
0.526;3.237;10.142;37.0;1.0;42.95;48.16147;11.55729;500.0;NaN;0.0;3.2;169.4;14 / 21;438221;2018-11-09 17:44:56:270
-0.153;3.591;9.107;27.0;1.0;42.95;48.16147;11.55729;500.0;NaN;0.0;3.2;169.4;14 / 21;438322;2018-11-09 17:44:56:371
-0.43;3.85;8.983;28.0;1.0;41.96;48.16147;11.55729;500.0;NaN;0.0;3.2;169.4;14 / 21;438422;2018-11-09 17:44:56:471
0.43;3.505;8.581;22.0;1.0;41.96;48.16147;11.55729;500.0;NaN;0.0;3.2;169.4;14 / 21;438522;2018-11-09 17:44:56:571
-0.794;3.907;8.188;23.0;1.0;41.96;48.16147;11.55729;500.0;NaN;0.0;3.2;169.4;14 / 21;438622;2018-11-09 17:44:56:671
0.086;3.419;9.902;28.0;1.0;46.68;48.16147;11.55729;500.0;NaN;0.0;3.2;169.4;14 / 21;438722;2018-11-09 17:44:56:771
-0.057;3.476;9.241;34.0;1.0;46.68;48.16147;11.55729;500.0;NaN;0.0;3.2;169.4;14 / 21;438822;2018-11-09 17:44:56:871
0.057;3.476;9.778;21.0;1.0;46.68;48.16147;11.55729;500.0;NaN;0.0;3.2;169.4;14 / 21;438922;2018-11-09 17:44:56:971
-0.459;3.706;10.161;16.0;1.0;47.78;48.16147;11.55729;500.0;NaN;0.0;3.2;169.4;14 / 21;439021;2018-11-09 17:44:57:070
0.047;3.371;9.366;27.0;1.0;47.78;48.16146;11.55731;503.6;NaN;0.0;2.7;233.2;14 / 21;439122;2018-11-09 17:44:57:171
0.43;3.026;10.803;42.0;1.0;47.78;48.16146;11.55731;503.6;NaN;0.0;2.7;233.2;14 / 21;439222;2018-11-09 17:44:57:271
0.249;3.045;9.002;30.0;1.0;44.77;48.16146;11.55731;503.6;NaN;0.0;2.7;233.2;14 / 21;439322;2018-11-09 17:44:57:371
0.086;3.466;9.557;14.0;1.0;44.77;48.16146;11.55731;503.6;NaN;0.0;2.7;233.2;14 / 21;439421;2018-11-09 17:44:57:470
-0.421;3.955;9.605;31.0;1.0;44.77;48.16146;11.55731;503.6;NaN;0.0;2.7;233.2;14 / 21;439521;2018-11-09 17:44:57:570
0.019;3.332;8.494;30.0;1.0;46.93;48.16146;11.55731;503.6;NaN;0.0;2.7;233.2;14 / 21;439621;2018-11-09 17:44:57:670
0.526;3.093;10.601;26.0;1.0;46.93;48.16146;11.55731;503.6;NaN;0.0;2.7;233.2;14 / 21;439722;2018-11-09 17:44:57:771
-0.21;3.419;10.745;42.0;1.0;46.93;48.16146;11.55731;503.6;NaN;0.0;2.7;233.2;14 / 21;439821;2018-11-09 17:44:57:870
-0.047;3.792;7.795;39.0;1.0;47.62;48.16146;11.55731;503.6;NaN;0.0;2.7;233.2;14 / 21;439921;2018-11-09 17:44:57:970
-0.019;3.601;8.399;37.0;1.0;47.62;48.16146;11.55731;503.6;NaN;0.0;2.7;233.2;14 / 21;440022;2018-11-09 17:44:58:071
-0.354;4.012;8.399;29.0;1.0;47.62;48.16146;11.55731;503.6;NaN;0.0;2.9;233.2;14 / 21;440134;2018-11-09 17:44:58:183
-0.114;3.61;9.749;27.0;1.0;50.71;48.16146;11.55731;503.6;NaN;0.0;2.9;233.2;14 / 21;440221;2018-11-09 17:44:58:270
-0.067;3.476;9.328;18.0;1.0;50.71;48.16146;11.55731;503.6;NaN;0.0;2.9;233.2;14 / 21;440322;2018-11-09 17:44:58:371
0.067;3.409;9.347;37.0;1.0;50.71;48.16146;11.55731;503.6;NaN;0.0;2.9;233.2;14 / 21;440422;2018-11-09 17:44:58:471
0.0;3.447;9.433;35.0;1.0;46.89;48.16146;11.55731;503.6;NaN;0.0;2.9;233.2;14 / 21;440522;2018-11-09 17:44:58:571
0.0;3.457;9.366;26.0;1.0;46.89;48.16146;11.55731;503.6;NaN;0.0;2.9;233.2;14 / 21;440621;2018-11-09 17:44:58:670
-0.067;3.476;9.395;32.0;1.0;46.89;48.16146;11.55731;503.6;NaN;0.0;2.9;233.2;14 / 21;440721;2018-11-09 17:44:58:770
-0.019;3.581;9.337;35.0;1.0;47.49;48.16146;11.55731;503.6;NaN;0.0;2.9;233.2;14 / 21;440822;2018-11-09 17:44:58:871
-0.143;3.591;9.395;46.0;1.0;47.49;48.16146;11.55731;503.6;NaN;0.0;2.9;233.2;14 / 21;440922;2018-11-09 17:44:58:971
-0.105;3.735;9.241;39.0;1.0;47.49;48.16146;11.55731;503.6;NaN;0.0;2.9;233.2;14 / 21;441022;2018-11-09 17:44:59:071
-0.076;3.687;9.5;33.0;1.0;47.31;48.16146;11.55731;503.2;NaN;0.0;3.0;233.2;13 / 21;441122;2018-11-09 17:44:59:171
0.019;3.524;9.414;36.0;1.0;47.31;48.16146;11.55731;503.2;NaN;0.0;3.0;233.2;13 / 21;441221;2018-11-09 17:44:59:270
-0.162;3.735;9.481;46.0;1.0;47.31;48.16146;11.55731;503.2;NaN;0.0;3.0;233.2;13 / 21;441322;2018-11-09 17:44:59:371
-0.047;3.486;9.395;37.0;1.0;48.12;48.16146;11.55731;503.2;NaN;0.0;3.0;233.2;13 / 21;441422;2018-11-09 17:44:59:471
-0.067;3.562;9.27;31.0;1.0;48.12;48.16146;11.55731;503.2;NaN;0.0;3.0;233.2;13 / 21;441522;2018-11-09 17:44:59:571
-0.114;3.553;9.366;26.0;1.0;48.12;48.16146;11.55731;503.2;NaN;0.0;3.0;233.2;13 / 21;441623;2018-11-09 17:44:59:672
-0.411;3.945;9.644;27.0;1.0;48.01;48.16146;11.55731;503.2;NaN;0.0;3.0;233.2;13 / 21;441721;2018-11-09 17:44:59:770
-0.162;3.648;9.692;31.0;1.0;48.01;48.16146;11.55731;503.2;NaN;0.0;3.0;233.2;13 / 21;441822;2018-11-09 17:44:59:871
-0.162;3.687;9.567;27.0;1.0;48.01;48.16146;11.55731;503.2;NaN;0.0;3.0;233.2;13 / 21;441922;2018-11-09 17:44:59:971
-0.047;3.639;9.615;39.0;1.0;49.14;48.16146;11.55731;503.2;NaN;0.0;3.0;233.2;13 / 21;442022;2018-11-09 17:45:00:071
0.009;3.715;8.916;36.0;1.0;49.14;48.16146;11.5573;503.4;NaN;0.0;3.1;233.2;13 / 21;442122;2018-11-09 17:45:00:171
0.507;3.562;8.341;47.0;1.0;49.14;48.16146;11.5573;503.4;NaN;0.0;3.1;233.2;13 / 21;442224;2018-11-09 17:45:00:273
0.067;3.668;9.174;26.0;1.0;49.8;48.16146;11.5573;503.4;NaN;0.0;3.1;233.2;13 / 21;442322;2018-11-09 17:45:00:371
-0.258;3.84;8.945;35.0;1.0;49.8;48.16146;11.5573;503.4;NaN;0.0;3.1;233.2;13 / 21;442421;2018-11-09 17:45:00:470
-0.565;3.668;9.634;36.0;1.0;49.8;48.16146;11.5573;503.4;NaN;0.0;3.1;233.2;13 / 21;442521;2018-11-09 17:45:00:570
-0.679;4.549;9.28;27.0;1.0;51.49;48.16146;11.5573;503.4;NaN;0.0;3.1;233.2;13 / 21;442621;2018-11-09 17:45:00:670
-0.306;4.357;10.515;29.0;1.0;51.49;48.16146;11.5573;503.4;NaN;0.0;3.1;233.2;13 / 21;442721;2018-11-09 17:45:00:770
-1.177;3.926;8.964;31.0;1.0;51.49;48.16146;11.5573;503.4;NaN;0.0;3.1;233.2;13 / 21;442821;2018-11-09 17:45:00:870
-0.976;4.146;10.774;42.0;1.0;53.4;48.16146;11.5573;503.4;NaN;0.0;3.1;233.2;13 / 21;442921;2018-11-09 17:45:00:970
-0.67;4.28;9.5;47.0;1.0;53.4;48.16146;11.5573;503.4;NaN;0.0;3.1;233.2;13 / 21;443021;2018-11-09 17:45:01:070
-1.656;3.361;10.075;28.0;1.0;53.4;48.16146;11.5573;502.6;NaN;0.0;3.1;173.5;13 / 21;443122;2018-11-09 17:45:01:171
-0.9;4.079;8.753;26.0;1.0;52.74;48.16146;11.5573;502.6;NaN;0.0;3.1;173.5;13 / 21;443222;2018-11-09 17:45:01:271
-0.756;3.677;10.046;26.0;1.0;52.74;48.16146;11.5573;502.6;NaN;0.0;3.1;173.5;13 / 21;443322;2018-11-09 17:45:01:371
-0.641;3.629;9.49;30.0;1.0;52.74;48.16146;11.5573;502.6;NaN;0.0;3.1;173.5;13 / 21;443422;2018-11-09 17:45:01:471
0.363;3.026;9.826;30.0;1.0;50.88;48.16146;11.5573;502.6;NaN;0.0;3.1;173.5;13 / 21;443522;2018-11-09 17:45:01:571
-0.373;3.581;8.657;20.0;1.0;50.88;48.16146;11.5573;502.6;NaN;0.0;3.1;173.5;13 / 21;443622;2018-11-09 17:45:01:671
-0.459;3.284;8.696;15.0;1.0;50.88;48.16146;11.5573;502.6;NaN;0.0;3.1;173.5;13 / 21;443722;2018-11-09 17:45:01:771
-0.076;3.428;9.663;37.0;1.0;52.24;48.16146;11.5573;502.6;NaN;0.0;3.1;173.5;13 / 21;443821;2018-11-09 17:45:01:870
-0.105;4.051;9.988;29.0;1.0;52.24;48.16146;11.5573;502.6;NaN;0.0;3.1;173.5;13 / 21;443922;2018-11-09 17:45:01:971
-0.153;3.61;8.332;24.0;1.0;52.24;48.16146;11.5573;502.6;NaN;0.0;3.1;173.5;13 / 21;444022;2018-11-09 17:45:02:071
0.354;3.696;8.973;32.0;1.0;53.37;48.16146;11.5573;502.6;NaN;0.0;3.1;173.5;13 / 21;444122;2018-11-09 17:45:02:171
1.245;4.031;7.345;10.0;1.0;53.37;48.16146;11.5573;502.6;NaN;0.0;3.1;173.5;14 / 21;444221;2018-11-09 17:45:02:270
0.363;4.415;9.452;17.0;1.0;53.37;48.16146;11.5573;502.6;NaN;0.0;3.1;173.5;14 / 21;444322;2018-11-09 17:45:02:371
0.076;3.533;9.395;20.0;1.0;54.15;48.16146;11.5573;502.6;NaN;0.0;3.1;173.5;14 / 21;444422;2018-11-09 17:45:02:471
0.488;3.428;9.031;26.0;1.0;54.15;48.16146;11.5573;502.6;NaN;0.0;3.1;173.5;14 / 21;444522;2018-11-09 17:45:02:571
-0.469;4.022;9.519;40.0;1.0;54.15;48.16146;11.5573;502.6;NaN;0.0;3.1;173.5;14 / 21;444622;2018-11-09 17:45:02:671
-0.526;4.137;9.615;35.0;1.0;56.38;48.16146;11.5573;502.6;NaN;0.0;3.1;173.5;14 / 21;444722;2018-11-09 17:45:02:771
0.009;3.581;9.059;15.0;1.0;56.38;48.16146;11.5573;502.6;NaN;0.0;3.1;173.5;14 / 21;444823;2018-11-09 17:45:02:872
-0.383;4.156;9.414;8.0;1.0;56.38;48.16146;11.5573;502.6;NaN;0.0;3.1;173.5;14 / 21;444921;2018-11-09 17:45:02:970
0.373;4.28;8.169;3.0;1.0;56.29;48.16146;11.5573;502.6;NaN;0.0;3.1;173.5;14 / 21;445022;2018-11-09 17:45:03:071
1.618;6.205;6.991;20.0;1.0;56.29;48.16146;11.5573;502.6;NaN;0.0;3.1;173.5;14 / 21;445122;2018-11-09 17:45:03:171
0.909;5.755;8.552;18.0;1.0;56.29;48.16146;11.5573;502.6;NaN;0.0;3.1;173.5;14 / 21;445222;2018-11-09 17:45:03:271
1.082;4.989;6.186;3.0;1.0;54.39;48.16146;11.5573;502.6;NaN;0.0;3.1;173.5;14 / 21;445321;2018-11-09 17:45:03:370
0.067;4.367;10.257;17.0;1.0;54.39;48.16146;11.5573;502.6;NaN;0.0;3.1;173.5;14 / 21;445421;2018-11-09 17:45:03:470
-0.086;4.051;10.027;18.0;1.0;54.39;48.16146;11.5573;502.6;NaN;0.0;3.1;173.5;14 / 21;445522;2018-11-09 17:45:03:571
0.335;3.533;9.05;26.0;1.0;53.77;48.16146;11.5573;502.6;NaN;0.0;3.1;173.5;14 / 21;445621;2018-11-09 17:45:03:670
-0.086;3.601;10.17;14.0;1.0;53.77;48.16146;11.5573;502.6;NaN;0.0;3.1;173.5;14 / 21;445721;2018-11-09 17:45:03:770
0.067;3.361;8.686;15.0;1.0;53.77;48.16146;11.5573;502.6;NaN;0.0;3.1;173.5;14 / 21;445821;2018-11-09 17:45:03:870
-0.191;3.323;9.72;32.0;1.0;53.38;48.16146;11.5573;502.6;NaN;0.0;3.1;173.5;14 / 21;445921;2018-11-09 17:45:03:970
-0.067;3.208;9.318;2.0;1.0;53.38;48.16146;11.5573;502.6;NaN;0.0;3.1;173.5;14 / 21;446022;2018-11-09 17:45:04:071
-0.172;3.055;9.174;26.0;1.0;53.38;48.16146;11.5573;502.6;NaN;0.0;3.1;173.5;14 / 21;446122;2018-11-09 17:45:04:171
-0.277;3.141;9.222;19.0;1.0;52.38;48.16146;11.5573;502.6;NaN;0.0;3.1;173.5;14 / 21;446222;2018-11-09 17:45:04:271
-0.249;2.93;9.366;12.0;1.0;52.38;48.16146;11.5573;502.6;NaN;0.0;3.1;173.5;14 / 21;446321;2018-11-09 17:45:04:370
-0.383;3.035;9.826;18.0;1.0;52.38;48.16146;11.5573;502.6;NaN;0.0;3.1;173.5;14 / 21;446421;2018-11-09 17:45:04:470
-0.325;3.122;10.113;28.0;1.0;49.87;48.16146;11.5573;502.6;NaN;0.0;3.1;173.5;14 / 21;446522;2018-11-09 17:45:04:571
-0.363;3.055;8.906;17.0;1.0;49.87;48.16146;11.5573;502.6;NaN;0.0;3.1;173.5;14 / 21;446622;2018-11-09 17:45:04:671
0.009;2.863;9.567;8.0;1.0;49.87;48.16146;11.5573;502.6;NaN;0.0;3.1;173.5;14 / 21;446722;2018-11-09 17:45:04:771
-0.086;3.055;9.28;17.0;1.0;50.59;48.16146;11.5573;502.6;NaN;0.0;3.1;173.5;14 / 21;446822;2018-11-09 17:45:04:871
-0.143;3.045;9.251;29.0;1.0;50.59;48.16146;11.5573;502.6;NaN;0.0;3.1;173.5;14 / 21;446922;2018-11-09 17:45:04:971
-0.239;3.122;10.199;19.0;1.0;50.59;48.16146;11.5573;502.6;NaN;0.0;3.1;173.5;14 / 21;447022;2018-11-09 17:45:05:071
-0.593;3.438;8.878;12.0;1.0;50.59;48.16146;11.5573;502.6;NaN;0.0;3.1;173.5;14 / 21;447122;2018-11-09 17:45:05:171
0.086;2.844;9.5;15.0;1.0;49.94;48.16146;11.5573;502.6;NaN;0.0;3.1;173.5;14 / 21;447222;2018-11-09 17:45:05:271
-0.114;3.141;9.577;14.0;1.0;49.94;48.16146;11.5573;502.6;NaN;0.0;3.1;173.5;14 / 21;447321;2018-11-09 17:45:05:370
-0.134;3.217;9.5;17.0;1.0;49.94;48.16146;11.5573;502.6;NaN;0.0;3.1;173.5;14 / 21;447421;2018-11-09 17:45:05:470
-0.038;3.074;9.308;14.0;1.0;48.48;48.16146;11.5573;502.6;NaN;0.0;3.1;173.5;14 / 21;447521;2018-11-09 17:45:05:570
-0.057;3.055;9.222;24.0;1.0;48.48;48.16146;11.5573;502.6;NaN;0.0;3.1;173.5;14 / 21;447621;2018-11-09 17:45:05:670
0.028;2.911;9.366;18.0;1.0;48.48;48.16146;11.5573;502.6;NaN;0.0;3.1;173.5;14 / 21;447721;2018-11-09 17:45:05:770
-0.028;2.949;9.318;39.0;1.0;46.53;48.16146;11.5573;502.6;NaN;0.0;3.1;173.5;14 / 21;447821;2018-11-09 17:45:05:870
-0.143;3.035;9.51;22.0;1.0;46.53;48.16146;11.5573;502.6;NaN;0.0;3.1;173.5;14 / 21;447921;2018-11-09 17:45:05:970
-0.153;3.074;9.557;18.0;1.0;46.53;48.16146;11.5573;502.6;NaN;0.0;3.1;173.5;14 / 21;448022;2018-11-09 17:45:06:071
-0.076;3.016;9.299;17.0;1.0;46.19;48.16146;11.5573;502.6;NaN;0.0;3.1;173.5;14 / 21;448122;2018-11-09 17:45:06:171
-0.076;2.911;9.232;4.0;1.0;46.19;48.16146;11.5573;502.6;NaN;0.0;3.1;173.5;14 / 21;448221;2018-11-09 17:45:06:270
-0.153;3.026;9.529;21.0;1.0;46.19;48.16146;11.5573;502.6;NaN;0.0;3.1;173.5;14 / 21;448322;2018-11-09 17:45:06:371
-0.047;2.978;9.452;11.0;1.0;46.18;48.16146;11.5573;502.6;NaN;0.0;3.1;173.5;14 / 21;448422;2018-11-09 17:45:06:471
-0.019;2.93;9.644;25.0;1.0;46.18;48.16146;11.5573;502.6;NaN;0.0;3.1;173.5;14 / 21;448522;2018-11-09 17:45:06:571
-0.335;3.265;9.069;29.0;1.0;46.18;48.16146;11.5573;502.6;NaN;0.0;3.1;173.5;14 / 21;448621;2018-11-09 17:45:06:670
-0.009;2.997;9.672;16.0;1.0;44.65;48.16146;11.5573;502.6;NaN;0.0;3.1;173.5;14 / 21;448722;2018-11-09 17:45:06:771
-0.105;3.035;9.395;26.0;1.0;44.65;48.16146;11.5573;502.6;NaN;0.0;3.1;173.5;14 / 21;448822;2018-11-09 17:45:06:871
-0.134;3.045;9.385;20.0;1.0;44.65;48.16146;11.5573;502.6;NaN;0.0;3.1;173.5;14 / 21;448922;2018-11-09 17:45:06:971
-0.076;3.045;9.443;16.0;1.0;45.24;48.16146;11.5573;502.6;NaN;0.0;3.1;173.5;14 / 21;449022;2018-11-09 17:45:07:071
-0.191;3.17;9.807;16.0;1.0;45.24;48.16146;11.5573;502.6;NaN;0.0;3.1;173.5;14 / 21;449121;2018-11-09 17:45:07:170
-0.086;3.074;9.519;27.0;1.0;45.24;48.16146;11.5573;502.6;NaN;0.0;3.1;173.5;14 / 21;449222;2018-11-09 17:45:07:271
-0.181;3.131;9.529;10.0;1.0;42.4;48.16146;11.5573;502.6;NaN;0.0;3.1;173.5;14 / 21;449322;2018-11-09 17:45:07:371
-0.162;3.083;9.356;7.0;1.0;42.4;48.16146;11.5573;502.6;NaN;0.0;3.1;173.5;14 / 21;449422;2018-11-09 17:45:07:471
-0.22;3.122;9.519;5.0;1.0;42.4;48.16146;11.5573;502.6;NaN;0.0;3.1;173.5;14 / 21;449522;2018-11-09 17:45:07:571
-0.086;3.112;9.337;15.0;1.0;42.39;48.16146;11.5573;502.6;NaN;0.0;3.1;173.5;14 / 21;449622;2018-11-09 17:45:07:671
-0.076;3.055;9.902;20.0;1.0;42.39;48.16146;11.5573;502.6;NaN;0.0;3.1;173.5;14 / 21;449722;2018-11-09 17:45:07:771
-0.363;3.275;9.625;21.0;1.0;42.39;48.16146;11.5573;502.6;NaN;0.0;3.1;173.5;14 / 21;449822;2018-11-09 17:45:07:871
0.239;2.748;8.82;28.0;1.0;42.91;48.16146;11.5573;502.6;NaN;0.0;3.1;173.5;14 / 21;449922;2018-11-09 17:45:07:971
-0.239;3.189;9.529;12.0;1.0;42.91;48.16146;11.5573;502.6;NaN;0.0;3.1;173.5;14 / 21;450023;2018-11-09 17:45:08:072
-0.21;3.304;9.5;7.0;1.0;42.91;48.16146;11.5573;502.6;NaN;0.0;3.1;173.5;14 / 21;450122;2018-11-09 17:45:08:171
-0.028;3.016;9.356;14.0;1.0;42.21;48.16146;11.5573;502.6;NaN;0.0;3.1;173.5;14 / 21;450222;2018-11-09 17:45:08:271
-0.134;3.189;9.356;25.0;1.0;42.21;48.16146;11.5573;502.6;NaN;0.0;3.1;173.5;14 / 21;450322;2018-11-09 17:45:08:371
-0.124;3.112;9.376;25.0;1.0;42.21;48.16146;11.5573;502.6;NaN;0.0;3.1;173.5;14 / 21;450422;2018-11-09 17:45:08:471
-0.181;3.237;9.155;12.0;1.0;44.29;48.16146;11.5573;502.6;NaN;0.0;3.1;173.5;14 / 21;450522;2018-11-09 17:45:08:571
-0.134;3.284;10.621;31.0;1.0;44.29;48.16146;11.5573;502.6;NaN;0.0;3.1;173.5;14 / 21;450621;2018-11-09 17:45:08:670
0.44;3.093;8.121;14.0;1.0;44.29;48.16146;11.5573;502.6;NaN;0.0;3.1;173.5;14 / 21;450721;2018-11-09 17:45:08:770
-0.153;3.419;9.625;9.0;1.0;41.68;48.16146;11.5573;502.6;NaN;0.0;3.1;173.5;14 / 21;450821;2018-11-09 17:45:08:870
0.038;3.198;9.663;16.0;1.0;41.68;48.16146;11.5573;502.6;NaN;0.0;3.1;173.5;14 / 21;450921;2018-11-09 17:45:08:970
-0.335;3.533;9.701;17.0;1.0;41.68;48.16146;11.5573;502.6;NaN;0.0;3.1;173.5;14 / 21;451021;2018-11-09 17:45:09:070
-0.363;3.735;9.835;20.0;1.0;41.37;48.16146;11.5573;502.6;NaN;0.0;3.1;173.5;14 / 21;451121;2018-11-09 17:45:09:170
-0.287;3.39;8.945;12.0;1.0;41.37;48.16146;11.5573;502.6;NaN;0.0;3.1;173.5;14 / 21;451222;2018-11-09 17:45:09:271
-0.258;3.668;9.51;19.0;1.0;41.37;48.16146;11.5573;502.6;NaN;0.0;3.1;173.5;14 / 21;451322;2018-11-09 17:45:09:371
-0.067;3.237;9.27;23.0;1.0;41.09;48.16146;11.5573;502.6;NaN;0.0;3.1;173.5;14 / 21;451422;2018-11-09 17:45:09:471
-0.105;3.524;9.998;21.0;1.0;41.09;48.16146;11.5573;502.6;NaN;0.0;3.1;173.5;14 / 21;451522;2018-11-09 17:45:09:571
-0.076;3.39;9.701;16.0;1.0;41.09;48.16146;11.5573;502.6;NaN;0.0;3.1;173.5;14 / 21;451621;2018-11-09 17:45:09:670
-0.009;3.323;9.27;6.0;1.0;41.57;48.16146;11.5573;502.6;NaN;0.0;3.1;173.5;14 / 21;451721;2018-11-09 17:45:09:770
-0.124;3.486;9.462;33.0;1.0;41.57;48.16146;11.5573;502.6;NaN;0.0;3.1;173.5;14 / 21;451822;2018-11-09 17:45:09:871
-0.047;3.486;9.471;26.0;1.0;41.57;48.16146;11.5573;502.6;NaN;0.0;3.1;173.5;14 / 21;451922;2018-11-09 17:45:09:971
-0.153;3.62;9.73;19.0;1.0;41.52;48.16146;11.5573;502.6;NaN;0.0;3.1;173.5;14 / 21;452022;2018-11-09 17:45:10:071
-0.162;3.639;9.749;35.0;1.0;41.52;48.16146;11.5573;502.6;NaN;0.0;3.1;173.5;14 / 21;452122;2018-11-09 17:45:10:171
-0.344;3.601;9.615;10.0;1.0;41.52;48.16146;11.5573;502.6;NaN;0.0;3.1;173.5;14 / 21;452221;2018-11-09 17:45:10:270
0.095;3.476;8.772;15.0;1.0;41.42;48.16146;11.5573;502.6;NaN;0.0;3.1;173.5;14 / 21;452321;2018-11-09 17:45:10:370
-0.038;3.907;9.988;30.0;1.0;41.42;48.16146;11.5573;502.6;NaN;0.0;3.1;173.5;14 / 21;452421;2018-11-09 17:45:10:470
0.086;3.275;9.356;14.0;1.0;41.42;48.16146;11.5573;502.6;NaN;0.0;3.1;173.5;14 / 21;452522;2018-11-09 17:45:10:571
0.134;3.466;9.672;20.0;1.0;40.22;48.16146;11.5573;502.6;NaN;0.0;3.1;173.5;14 / 21;452622;2018-11-09 17:45:10:671
0.191;3.064;8.954;12.0;1.0;40.22;48.16146;11.5573;502.6;NaN;0.0;3.1;173.5;14 / 21;452722;2018-11-09 17:45:10:771
-0.229;3.763;9.136;24.0;1.0;40.22;48.16146;11.5573;502.6;NaN;0.0;3.1;173.5;14 / 21;452822;2018-11-09 17:45:10:871
0.536;3.179;9.155;25.0;1.0;41.47;48.16146;11.5573;502.6;NaN;0.0;3.1;173.5;14 / 21;452921;2018-11-09 17:45:10:970
0.392;2.978;9.826;18.0;1.0;41.47;48.16146;11.5573;502.6;NaN;0.0;3.1;173.5;14 / 21;453022;2018-11-09 17:45:11:071
-0.009;3.39;9.443;26.0;1.0;41.47;48.16146;11.5573;502.6;NaN;0.0;3.1;173.5;14 / 21;453122;2018-11-09 17:45:11:171
-0.258;3.581;9.433;18.0;1.0;40.24;48.16146;11.5573;502.6;NaN;0.0;3.1;173.5;14 / 21;453222;2018-11-09 17:45:11:271
-0.239;3.61;9.672;18.0;1.0;40.24;48.16146;11.5573;502.6;NaN;0.0;3.1;173.5;14 / 21;453322;2018-11-09 17:45:11:371
0.086;3.371;9.605;17.0;1.0;40.24;48.16146;11.5573;502.6;NaN;0.0;3.1;173.5;14 / 21;453422;2018-11-09 17:45:11:471
-0.067;3.39;9.222;23.0;1.0;40.03;48.16146;11.5573;502.6;NaN;0.0;3.1;173.5;14 / 21;453522;2018-11-09 17:45:11:571
-0.21;3.495;9.557;26.0;1.0;40.03;48.16146;11.5573;502.6;NaN;0.0;3.1;173.5;14 / 21;453622;2018-11-09 17:45:11:671
-0.306;3.438;11.176;12.0;1.0;40.03;48.16146;11.5573;502.6;NaN;0.0;3.1;173.5;14 / 21;453722;2018-11-09 17:45:11:771
0.411;3.045;9.96;21.0;1.0;40.99;48.16146;11.5573;502.6;NaN;0.0;3.1;173.5;14 / 21;453822;2018-11-09 17:45:11:871
-0.076;4.031;9.423;8.0;1.0;40.99;48.16146;11.5573;502.6;NaN;0.0;3.1;173.5;14 / 21;453922;2018-11-09 17:45:11:971
0.105;3.897;8.954;22.0;1.0;40.99;48.16146;11.5573;502.6;NaN;0.0;3.1;173.5;14 / 21;454022;2018-11-09 17:45:12:071
0.229;3.993;9.481;17.0;1.0;41.0;48.16146;11.5573;502.6;NaN;0.0;3.1;173.5;14 / 21;454122;2018-11-09 17:45:12:171
0.344;4.127;8.447;26.0;1.0;41.0;48.16146;11.5573;502.6;NaN;0.0;3.1;173.5;14 / 21;454222;2018-11-09 17:45:12:271
0.459;4.28;9.203;24.0;1.0;41.0;48.16146;11.5573;502.6;NaN;0.0;3.1;173.5;14 / 21;454321;2018-11-09 17:45:12:370
0.699;4.118;8.399;18.0;1.0;41.87;48.16146;11.5573;502.6;NaN;0.0;3.1;173.5;14 / 21;454421;2018-11-09 17:45:12:470
0.526;3.955;9.232;17.0;1.0;41.87;48.16146;11.5573;502.6;NaN;0.0;3.1;173.5;14 / 21;454522;2018-11-09 17:45:12:571
0.124;4.041;8.983;28.0;1.0;41.87;48.16146;11.5573;502.6;NaN;0.0;3.1;173.5;14 / 21;454622;2018-11-09 17:45:12:671
-0.047;4.501;9.213;21.0;1.0;43.65;48.16146;11.5573;502.6;NaN;0.0;3.1;173.5;14 / 21;454722;2018-11-09 17:45:12:771
0.047;4.252;8.743;23.0;1.0;43.65;48.16146;11.5573;502.6;NaN;0.0;3.1;173.5;14 / 21;454822;2018-11-09 17:45:12:871
0.21;4.395;8.801;22.0;1.0;43.65;48.16146;11.5573;502.6;NaN;0.0;3.1;173.5;14 / 21;454922;2018-11-09 17:45:12:971
0.191;4.146;8.734;20.0;1.0;44.55;48.16146;11.5573;502.6;NaN;0.0;3.1;173.5;14 / 21;455022;2018-11-09 17:45:13:071
0.162;4.309;9.165;18.0;1.0;44.55;48.16146;11.5573;502.6;NaN;0.0;3.1;173.5;14 / 21;455122;2018-11-09 17:45:13:171
0.181;4.06;9.127;14.0;1.0;44.55;48.16146;11.5573;502.6;NaN;0.0;3.1;173.5;14 / 21;455222;2018-11-09 17:45:13:271
0.268;3.993;9.136;31.0;1.0;47.36;48.16146;11.5573;502.6;NaN;0.0;3.1;173.5;14 / 21;455322;2018-11-09 17:45:13:371
0.162;4.06;9.165;22.0;1.0;47.36;48.16146;11.5573;502.6;NaN;0.0;3.1;173.5;14 / 21;455422;2018-11-09 17:45:13:471
0.143;4.213;9.107;29.0;1.0;47.36;48.16146;11.5573;502.6;NaN;0.0;3.1;173.5;14 / 21;455522;2018-11-09 17:45:13:571
0.239;3.974;9.107;12.0;1.0;45.43;48.16146;11.5573;502.6;NaN;0.0;3.1;173.5;14 / 21;455622;2018-11-09 17:45:13:671
0.201;3.917;9.328;15.0;1.0;45.43;48.16146;11.5573;502.6;NaN;0.0;3.1;173.5;14 / 21;455721;2018-11-09 17:45:13:770
0.229;3.926;8.983;22.0;1.0;45.43;48.16146;11.5573;502.6;NaN;0.0;3.1;173.5;14 / 21;455822;2018-11-09 17:45:13:871
0.201;3.821;9.069;7.0;1.0;44.83;48.16146;11.5573;502.6;NaN;0.0;3.1;173.5;14 / 21;455922;2018-11-09 17:45:13:971
0.162;3.936;9.289;27.0;1.0;44.83;48.16146;11.5573;502.6;NaN;0.0;3.1;173.5;14 / 21;456022;2018-11-09 17:45:14:071
0.009;3.897;9.213;29.0;1.0;44.83;48.16146;11.5573;502.6;NaN;0.0;3.1;173.5;14 / 21;456125;2018-11-09 17:45:14:174
0.153;3.878;9.174;4.0;1.0;44.19;48.16146;11.5573;502.6;NaN;0.0;3.1;173.5;14 / 21;456222;2018-11-09 17:45:14:271
0.038;3.964;9.27;19.0;1.0;44.19;48.16146;11.5573;502.6;NaN;0.0;3.1;173.5;14 / 21;456322;2018-11-09 17:45:14:371
0.086;3.974;9.261;17.0;1.0;44.19;48.16146;11.5573;502.6;NaN;0.0;3.1;173.5;14 / 21;456422;2018-11-09 17:45:14:471
0.067;3.964;9.385;14.0;1.0;46.25;48.16146;11.5573;502.6;NaN;0.0;3.1;173.5;14 / 21;456521;2018-11-09 17:45:14:570
-0.057;4.022;9.241;28.0;1.0;46.25;48.16146;11.5573;502.6;NaN;0.0;3.1;173.5;14 / 21;456622;2018-11-09 17:45:14:671
-0.22;4.156;9.232;32.0;1.0;46.25;48.16146;11.5573;502.6;NaN;0.0;3.1;173.5;14 / 21;456722;2018-11-09 17:45:14:771
-0.162;4.079;9.127;15.0;1.0;45.08;48.16146;11.5573;502.6;NaN;0.0;3.1;173.5;14 / 21;456822;2018-11-09 17:45:14:871
-0.095;4.07;9.174;15.0;1.0;45.08;48.16146;11.5573;502.6;NaN;0.0;3.1;173.5;14 / 21;456921;2018-11-09 17:45:14:970
-0.287;4.156;9.222;15.0;1.0;45.08;48.16146;11.5573;502.6;NaN;0.0;3.1;173.5;14 / 21;457021;2018-11-09 17:45:15:070
-0.517;4.175;9.49;21.0;1.0;45.28;48.16146;11.5573;502.6;NaN;0.0;3.1;173.5;14 / 21;457123;2018-11-09 17:45:15:172
-0.277;4.031;9.318;21.0;1.0;45.28;48.16146;11.5573;502.6;NaN;0.0;3.1;173.5;14 / 21;457222;2018-11-09 17:45:15:271
-0.708;4.031;9.376;14.0;1.0;45.28;48.16146;11.5573;502.6;NaN;0.0;3.1;173.5;14 / 21;457322;2018-11-09 17:45:15:371
-0.067;4.079;9.174;14.0;1.0;47.55;48.16146;11.5573;502.6;NaN;0.0;3.1;173.5;14 / 21;457422;2018-11-09 17:45:15:471
-0.028;3.926;9.328;25.0;1.0;47.55;48.16146;11.5573;502.6;NaN;0.0;3.1;173.5;14 / 21;457522;2018-11-09 17:45:15:571
-0.306;4.031;9.663;23.0;1.0;47.55;48.16146;11.5573;502.6;NaN;0.0;3.1;173.5;14 / 21;457621;2018-11-09 17:45:15:670
-0.114;3.993;9.328;16.0;1.0;46.96;48.16146;11.5573;502.6;NaN;0.0;3.1;173.5;14 / 21;457722;2018-11-09 17:45:15:771
-0.316;4.118;9.232;21.0;1.0;46.96;48.16146;11.5573;502.6;NaN;0.0;3.1;173.5;14 / 21;457822;2018-11-09 17:45:15:871
-0.584;4.051;9.203;7.0;1.0;46.96;48.16146;11.5573;502.6;NaN;0.0;3.1;173.5;14 / 21;457922;2018-11-09 17:45:15:971
-0.287;4.06;9.289;12.0;1.0;46.91;48.16146;11.5573;502.6;NaN;0.0;3.1;173.5;14 / 21;458022;2018-11-09 17:45:16:071
-0.43;4.185;9.366;21.0;1.0;46.91;48.16146;11.5573;502.6;NaN;0.0;3.1;173.5;13 / 21;458122;2018-11-09 17:45:16:171
-0.325;4.146;9.596;18.0;1.0;46.91;48.16146;11.5573;502.6;NaN;0.0;3.1;173.5;13 / 21;458221;2018-11-09 17:45:16:270
-0.718;4.06;9.05;15.0;1.0;49.33;48.16146;11.5573;502.6;NaN;0.0;3.1;173.5;13 / 21;458322;2018-11-09 17:45:16:371
-0.373;4.089;9.002;9.0;1.0;49.33;48.16146;11.5573;502.6;NaN;0.0;3.1;173.5;13 / 21;458421;2018-11-09 17:45:16:470
0.737;3.505;9.184;36.0;1.0;49.33;48.16146;11.5573;502.6;NaN;0.0;3.1;173.5;13 / 21;458522;2018-11-09 17:45:16:571
0.919;3.572;9.117;23.0;1.0;49.77;48.16146;11.5573;502.6;NaN;0.0;3.1;173.5;13 / 21;458622;2018-11-09 17:45:16:671
0.89;3.371;8.696;17.0;1.0;49.77;48.16146;11.5573;502.6;NaN;0.0;3.1;173.5;13 / 21;458722;2018-11-09 17:45:16:771
1.312;4.06;9.739;4.0;1.0;49.77;48.16146;11.5573;502.6;NaN;0.0;3.1;173.5;13 / 21;458822;2018-11-09 17:45:16:871
1.848;4.261;9.653;21.0;1.0;52.63;48.16146;11.5573;502.6;NaN;0.0;3.1;173.5;13 / 21;458922;2018-11-09 17:45:16:971
0.976;3.361;8.992;21.0;1.0;52.63;48.16146;11.5573;502.6;NaN;0.0;3.1;173.5;13 / 21;459022;2018-11-09 17:45:17:071
0.814;2.585;9.433;21.0;1.0;52.63;48.16146;11.5573;502.6;NaN;0.0;3.1;173.5;13 / 21;459122;2018-11-09 17:45:17:171
1.532;2.988;8.14;29.0;1.0;47.53;48.16148;11.5573;501.2;NaN;3.4;2.8;342.3;13 / 21;459222;2018-11-09 17:45:17:271
0.373;3.102;11.214;7.0;1.0;47.53;48.16148;11.5573;501.2;NaN;3.4;2.8;342.3;13 / 21;459322;2018-11-09 17:45:17:371
-0.507;3.677;8.312;19.0;1.0;47.53;48.16148;11.5573;501.2;NaN;3.4;2.8;342.3;13 / 21;459422;2018-11-09 17:45:17:471
-0.268;3.447;9.519;24.0;1.0;47.53;48.16148;11.5573;501.2;NaN;3.4;2.8;342.3;13 / 21;459522;2018-11-09 17:45:17:571
-0.229;3.38;10.113;11.0;1.0;48.37;48.16148;11.5573;501.2;NaN;3.4;2.8;342.3;13 / 21;459622;2018-11-09 17:45:17:671
-0.373;3.543;9.289;24.0;1.0;48.37;48.16148;11.5573;501.2;NaN;3.4;2.8;342.3;13 / 21;459722;2018-11-09 17:45:17:771
-0.239;3.265;10.209;12.0;1.0;48.37;48.16148;11.5573;501.2;NaN;3.4;2.8;342.3;13 / 21;459822;2018-11-09 17:45:17:871
-0.344;3.514;9.27;16.0;1.0;48.5;48.16148;11.5573;501.2;NaN;3.4;2.8;342.3;13 / 21;459922;2018-11-09 17:45:17:971
-0.306;3.476;10.228;19.0;1.0;48.5;48.16148;11.5573;501.2;NaN;3.4;2.8;342.3;13 / 21;460022;2018-11-09 17:45:18:071
-0.162;3.189;8.571;20.0;1.0;48.5;48.16149;11.5573;499.8;NaN;0.0;2.9;342.3;13 / 21;460121;2018-11-09 17:45:18:170
-0.114;3.428;9.835;14.0;1.0;50.71;48.16149;11.5573;499.8;NaN;0.0;2.9;342.3;13 / 21;460221;2018-11-09 17:45:18:270
-0.105;2.997;9.241;21.0;1.0;50.71;48.16149;11.5573;499.8;NaN;0.0;2.9;342.3;13 / 21;460321;2018-11-09 17:45:18:370
-0.172;3.179;9.28;26.0;1.0;50.71;48.16149;11.5573;499.8;NaN;0.0;2.9;342.3;13 / 21;460421;2018-11-09 17:45:18:470
-0.172;3.179;9.749;8.0;1.0;52.71;48.16149;11.5573;499.8;NaN;0.0;2.9;342.3;13 / 21;460522;2018-11-09 17:45:18:571
-0.009;2.853;9.414;33.0;1.0;52.71;48.16149;11.5573;499.8;NaN;0.0;2.9;342.3;13 / 21;460623;2018-11-09 17:45:18:672
-0.172;3.083;9.586;19.0;1.0;52.71;48.16149;11.5573;499.8;NaN;0.0;2.9;342.3;13 / 21;460723;2018-11-09 17:45:18:772
-0.277;3.639;10.065;31.0;1.0;49.32;48.16149;11.5573;499.8;NaN;0.0;2.9;342.3;13 / 21;460822;2018-11-09 17:45:18:871
0.191;3.304;9.241;12.0;1.0;49.32;48.16149;11.5573;499.8;NaN;0.0;2.9;342.3;13 / 21;460922;2018-11-09 17:45:18:971
-0.268;3.706;9.232;17.0;1.0;49.32;48.16149;11.5573;499.8;NaN;0.0;2.9;342.3;13 / 21;461022;2018-11-09 17:45:19:071
-0.622;4.28;9.155;0.0;1.0;50.81;48.16148;11.55728;498.5;NaN;2.3;2.9;304.6;13 / 21;461124;2018-11-09 17:45:19:173
0.383;3.39;9.222;32.0;1.0;50.81;48.16148;11.55728;498.5;NaN;2.3;2.9;304.6;13 / 21;461221;2018-11-09 17:45:19:270
0.335;3.524;9.452;10.0;1.0;50.81;48.16148;11.55728;498.5;NaN;2.3;2.9;304.6;13 / 21;461328;2018-11-09 17:45:19:377
-0.967;4.846;10.247;11.0;1.0;46.24;48.16148;11.55728;498.5;NaN;2.3;2.9;304.6;13 / 21;461422;2018-11-09 17:45:19:471
0.258;3.189;9.395;22.0;1.0;46.24;48.16148;11.55728;498.5;NaN;2.3;2.9;304.6;13 / 21;461522;2018-11-09 17:45:19:571
-0.21;3.687;9.701;7.0;1.0;46.24;48.16148;11.55728;498.5;NaN;2.3;2.9;304.6;13 / 21;461622;2018-11-09 17:45:19:671
-0.392;4.079;9.807;23.0;1.0;45.5;48.16148;11.55728;498.5;NaN;2.3;2.9;304.6;13 / 21;461722;2018-11-09 17:45:19:771
-0.861;3.725;9.002;5.0;1.0;45.5;48.16148;11.55728;498.5;NaN;2.3;2.9;304.6;13 / 21;461822;2018-11-09 17:45:19:871
-0.105;3.342;9.49;7.0;1.0;45.5;48.16148;11.55728;498.5;NaN;2.3;2.9;304.6;13 / 21;461922;2018-11-09 17:45:19:971
-0.316;3.639;9.807;23.0;1.0;45.19;48.16148;11.55728;498.5;NaN;2.3;2.9;304.6;13 / 21;462021;2018-11-09 17:45:20:070
-0.296;3.438;9.385;7.0;1.0;45.19;48.16148;11.55728;501.2;NaN;0.0;3.0;293.5;13 / 21;462121;2018-11-09 17:45:20:170
-0.373;3.486;9.605;9.0;1.0;45.19;48.16148;11.55728;501.2;NaN;0.0;3.0;293.5;13 / 21;462221;2018-11-09 17:45:20:270
-0.344;3.38;9.471;4.0;1.0;43.33;48.16148;11.55728;501.2;NaN;0.0;3.0;293.5;13 / 21;462322;2018-11-09 17:45:20:371
-0.392;3.457;9.385;13.0;1.0;43.33;48.16148;11.55728;501.2;NaN;0.0;3.0;293.5;13 / 21;462422;2018-11-09 17:45:20:471
-0.402;3.419;9.567;21.0;1.0;43.33;48.16148;11.55728;501.2;NaN;0.0;3.0;293.5;13 / 21;462522;2018-11-09 17:45:20:571
-0.383;3.428;9.538;14.0;1.0;43.68;48.16148;11.55728;501.2;NaN;0.0;3.0;293.5;13 / 21;462622;2018-11-09 17:45:20:671
-0.43;3.361;9.519;39.0;1.0;43.68;48.16148;11.55728;501.2;NaN;0.0;3.0;293.5;13 / 21;462722;2018-11-09 17:45:20:771
-0.421;3.438;9.328;12.0;1.0;43.68;48.16148;11.55728;501.2;NaN;0.0;3.0;293.5;13 / 21;462821;2018-11-09 17:45:20:870
-0.373;3.495;9.634;16.0;1.0;43.32;48.16148;11.55728;501.2;NaN;0.0;3.0;293.5;13 / 21;462922;2018-11-09 17:45:20:971
-0.411;3.409;9.481;25.0;1.0;43.32;48.16148;11.55728;501.2;NaN;0.0;3.0;293.5;13 / 21;463021;2018-11-09 17:45:21:070
-0.316;3.332;9.347;14.0;1.0;43.32;48.16147;11.55728;501.2;NaN;0.0;3.0;264.2;13 / 21;463122;2018-11-09 17:45:21:171
-0.249;3.323;9.644;16.0;1.0;43.27;48.16147;11.55728;501.2;NaN;0.0;3.0;264.2;13 / 21;463222;2018-11-09 17:45:21:271
-0.498;3.447;9.653;21.0;1.0;43.27;48.16147;11.55728;501.2;NaN;0.0;3.0;264.2;13 / 21;463322;2018-11-09 17:45:21:371
-0.296;3.294;9.385;28.0;1.0;43.27;48.16147;11.55728;501.2;NaN;0.0;3.0;264.2;13 / 21;463422;2018-11-09 17:45:21:471
-0.363;3.409;9.356;11.0;1.0;42.31;48.16147;11.55728;501.2;NaN;0.0;3.0;264.2;13 / 21;463521;2018-11-09 17:45:21:570
-0.22;3.246;9.174;10.0;1.0;42.31;48.16147;11.55728;501.2;NaN;0.0;3.0;264.2;13 / 21;463621;2018-11-09 17:45:21:670
-0.277;3.208;9.644;33.0;1.0;42.31;48.16147;11.55728;501.2;NaN;0.0;3.0;264.2;13 / 21;463722;2018-11-09 17:45:21:771
-0.258;3.131;9.318;18.0;1.0;42.86;48.16147;11.55728;501.2;NaN;0.0;3.0;264.2;13 / 21;463822;2018-11-09 17:45:21:871
-0.268;3.198;9.395;36.0;1.0;42.86;48.16147;11.55728;501.2;NaN;0.0;3.0;264.2;13 / 21;463922;2018-11-09 17:45:21:971
-0.383;3.371;9.452;28.0;1.0;42.86;48.16147;11.55728;501.2;NaN;0.0;3.0;264.2;13 / 21;464022;2018-11-09 17:45:22:071
-0.373;3.352;9.194;27.0;1.0;42.7;48.16147;11.55728;501.2;NaN;0.0;3.0;258.5;13 / 21;464122;2018-11-09 17:45:22:171
-0.469;3.342;9.519;21.0;1.0;42.7;48.16147;11.55728;501.2;NaN;0.0;3.0;258.5;13 / 21;464222;2018-11-09 17:45:22:271
-0.287;3.17;9.653;23.0;1.0;42.7;48.16147;11.55728;501.2;NaN;0.0;3.0;258.5;13 / 21;464322;2018-11-09 17:45:22:371
-0.21;3.409;9.912;15.0;1.0;42.56;48.16147;11.55728;501.2;NaN;0.0;3.0;258.5;13 / 21;464422;2018-11-09 17:45:22:471
-0.191;3.265;9.625;14.0;1.0;42.56;48.16147;11.55728;501.2;NaN;0.0;3.0;258.5;13 / 21;464522;2018-11-09 17:45:22:571
-0.287;3.342;9.835;25.0;1.0;42.56;48.16147;11.55728;501.2;NaN;0.0;3.0;258.5;13 / 21;464622;2018-11-09 17:45:22:671
-0.335;3.294;9.414;17.0;1.0;42.04;48.16147;11.55728;501.2;NaN;0.0;3.0;258.5;13 / 21;464722;2018-11-09 17:45:22:771
-0.201;3.323;10.391;21.0;1.0;42.04;48.16147;11.55728;501.2;NaN;0.0;3.0;258.5;13 / 21;464822;2018-11-09 17:45:22:871
-0.603;2.557;9.213;19.0;1.0;42.04;48.16147;11.55728;501.2;NaN;0.0;3.0;258.5;13 / 21;464922;2018-11-09 17:45:22:971
-0.21;3.074;9.433;8.0;1.0;42.29;48.16147;11.55728;501.2;NaN;0.0;3.0;258.5;13 / 21;465021;2018-11-09 17:45:23:070
-0.402;3.447;9.337;30.0;1.0;42.29;48.16147;11.55728;501.2;NaN;0.0;3.0;258.5;13 / 21;465122;2018-11-09 17:45:23:171
-0.181;3.294;9.337;10.0;1.0;42.29;48.16147;11.55728;501.2;NaN;0.0;3.0;258.5;13 / 21;465221;2018-11-09 17:45:23:270
-0.047;2.968;9.28;18.0;1.0;41.49;48.16147;11.55728;501.2;NaN;0.0;3.0;258.5;13 / 21;465321;2018-11-09 17:45:23:370
-0.22;3.256;9.318;9.0;1.0;41.49;48.16147;11.55728;501.2;NaN;0.0;3.0;258.5;13 / 21;465422;2018-11-09 17:45:23:471
-0.229;3.352;9.366;20.0;1.0;41.49;48.16147;11.55728;501.2;NaN;0.0;3.0;258.5;13 / 21;465522;2018-11-09 17:45:23:571
-0.21;3.313;8.964;8.0;1.0;42.7;48.16147;11.55728;501.2;NaN;0.0;3.0;258.5;13 / 21;465622;2018-11-09 17:45:23:671
-0.287;3.61;10.056;23.0;1.0;42.7;48.16147;11.55728;501.2;NaN;0.0;3.0;258.5;13 / 21;465721;2018-11-09 17:45:23:770
-0.229;3.505;9.49;19.0;1.0;42.7;48.16147;11.55728;501.2;NaN;0.0;3.0;258.5;13 / 21;465821;2018-11-09 17:45:23:870
-0.258;3.495;9.567;0.0;1.0;44.25;48.16147;11.55728;501.2;NaN;0.0;3.0;258.5;13 / 21;465922;2018-11-09 17:45:23:971
-0.306;3.639;9.289;29.0;1.0;44.25;48.16147;11.55728;501.2;NaN;0.0;3.0;258.5;13 / 21;466022;2018-11-09 17:45:24:071
-0.383;3.696;9.519;21.0;1.0;44.25;48.16147;11.55728;501.2;NaN;0.0;3.0;258.5;13 / 21;466122;2018-11-09 17:45:24:171
-0.181;3.543;9.51;21.0;1.0;42.62;48.16147;11.55728;501.2;NaN;0.0;3.0;258.5;13 / 21;466222;2018-11-09 17:45:24:271
-0.239;3.668;9.596;20.0;1.0;42.62;48.16147;11.55728;501.2;NaN;0.0;3.0;258.5;13 / 21;466322;2018-11-09 17:45:24:371
-0.296;3.601;9.471;5.0;1.0;42.62;48.16147;11.55728;501.2;NaN;0.0;3.0;258.5;13 / 21;466421;2018-11-09 17:45:24:470
-0.143;3.514;9.538;21.0;1.0;43.67;48.16147;11.55728;501.2;NaN;0.0;3.0;258.5;13 / 21;466521;2018-11-09 17:45:24:570
-0.172;3.486;9.308;19.0;1.0;43.67;48.16147;11.55728;501.2;NaN;0.0;3.0;258.5;13 / 21;466621;2018-11-09 17:45:24:670
-0.095;3.476;9.596;9.0;1.0;43.67;48.16147;11.55728;501.2;NaN;0.0;3.0;258.5;13 / 21;466722;2018-11-09 17:45:24:771
-0.067;3.438;9.538;19.0;1.0;44.17;48.16147;11.55728;501.2;NaN;0.0;3.0;258.5;13 / 21;466822;2018-11-09 17:45:24:871
-0.191;3.62;9.692;20.0;1.0;44.17;48.16147;11.55728;501.2;NaN;0.0;3.0;258.5;13 / 21;466921;2018-11-09 17:45:24:970
-0.124;3.524;9.414;14.0;1.0;44.17;48.16147;11.55728;501.2;NaN;0.0;3.0;258.5;13 / 21;467022;2018-11-09 17:45:25:071
-0.191;3.715;9.414;16.0;1.0;44.3;48.16147;11.55728;501.2;NaN;0.0;3.0;258.5;13 / 21;467122;2018-11-09 17:45:25:171
0.0;3.38;8.964;27.0;1.0;44.3;48.16147;11.55728;501.2;NaN;0.0;3.0;258.5;13 / 21;467222;2018-11-09 17:45:25:271
-0.076;3.524;9.433;23.0;1.0;44.3;48.16147;11.55728;501.2;NaN;0.0;3.0;258.5;13 / 21;467322;2018-11-09 17:45:25:371
-0.095;3.553;9.414;29.0;1.0;45.4;48.16147;11.55728;501.2;NaN;0.0;3.0;258.5;13 / 21;467422;2018-11-09 17:45:25:471
0.019;3.447;9.318;18.0;1.0;45.4;48.16147;11.55728;501.2;NaN;0.0;3.0;258.5;13 / 21;467522;2018-11-09 17:45:25:571
0.009;3.543;9.586;33.0;1.0;45.4;48.16147;11.55728;501.2;NaN;0.0;3.0;258.5;13 / 21;467622;2018-11-09 17:45:25:671
0.009;3.38;9.49;13.0;1.0;45.28;48.16147;11.55728;501.2;NaN;0.0;3.0;258.5;13 / 21;467722;2018-11-09 17:45:25:771
0.009;3.399;9.414;25.0;1.0;45.28;48.16147;11.55728;501.2;NaN;0.0;3.0;258.5;13 / 21;467821;2018-11-09 17:45:25:870
-0.067;3.572;9.414;12.0;1.0;45.28;48.16147;11.55728;501.2;NaN;0.0;3.0;258.5;13 / 21;467921;2018-11-09 17:45:25:970
-0.268;3.601;9.615;19.0;1.0;44.89;48.16147;11.55728;501.2;NaN;0.0;3.0;258.5;13 / 21;468022;2018-11-09 17:45:26:071
-0.114;3.505;9.337;24.0;1.0;44.89;48.16147;11.55728;501.2;NaN;0.0;3.0;258.5;13 / 21;468122;2018-11-09 17:45:26:171
-0.105;3.419;9.203;6.0;1.0;44.89;48.16147;11.55728;501.2;NaN;0.0;3.0;258.5;13 / 21;468222;2018-11-09 17:45:26:271
-0.057;3.428;9.5;25.0;1.0;44.46;48.16147;11.55728;501.2;NaN;0.0;3.0;258.5;13 / 21;468321;2018-11-09 17:45:26:370
0.038;3.342;9.5;17.0;1.0;44.46;48.16147;11.55728;501.2;NaN;0.0;3.0;258.5;13 / 21;468422;2018-11-09 17:45:26:471
0.047;3.332;9.385;10.0;1.0;44.46;48.16147;11.55728;501.2;NaN;0.0;3.0;258.5;13 / 21;468522;2018-11-09 17:45:26:571
-0.086;3.438;9.443;21.0;1.0;44.91;48.16147;11.55728;501.2;NaN;0.0;3.0;258.5;13 / 21;468622;2018-11-09 17:45:26:671
-0.009;3.457;9.49;19.0;1.0;44.91;48.16147;11.55728;501.2;NaN;0.0;3.0;258.5;13 / 21;468721;2018-11-09 17:45:26:770
-0.067;3.466;9.596;35.0;1.0;44.91;48.16147;11.55728;501.2;NaN;0.0;3.0;258.5;13 / 21;468821;2018-11-09 17:45:26:870
-0.028;3.457;9.385;4.0;1.0;45.93;48.16147;11.55728;501.2;NaN;0.0;3.0;258.5;13 / 21;468922;2018-11-09 17:45:26:971
-0.114;3.505;9.395;27.0;1.0;45.93;48.16147;11.55728;501.2;NaN;0.0;3.0;258.5;13 / 21;469021;2018-11-09 17:45:27:070
-0.057;3.639;9.337;32.0;1.0;45.93;48.16147;11.55728;501.2;NaN;0.0;3.0;258.5;13 / 21;469122;2018-11-09 17:45:27:171
-0.201;3.878;8.935;40.0;1.0;46.56;48.16147;11.55728;501.2;NaN;0.0;3.0;258.5;13 / 21;469221;2018-11-09 17:45:27:270
-0.067;3.984;9.28;18.0;1.0;46.56;48.16147;11.55728;501.2;NaN;0.0;3.0;258.5;13 / 21;469321;2018-11-09 17:45:27:370
0.076;3.945;9.146;17.0;1.0;46.56;48.16147;11.55728;501.2;NaN;0.0;3.0;258.5;13 / 21;469421;2018-11-09 17:45:27:470
-0.095;4.702;9.05;15.0;1.0;46.56;48.16147;11.55728;501.2;NaN;0.0;3.0;258.5;13 / 21;469522;2018-11-09 17:45:27:571
-0.143;4.319;9.174;4.0;1.0;46.64;48.16147;11.55728;501.2;NaN;0.0;3.0;258.5;13 / 21;469621;2018-11-09 17:45:27:670
-0.028;4.348;8.763;13.0;1.0;46.64;48.16147;11.55728;501.2;NaN;0.0;3.0;258.5;13 / 21;469723;2018-11-09 17:45:27:772
0.411;4.28;8.858;35.0;1.0;46.64;48.16147;11.55728;501.2;NaN;0.0;3.0;258.5;13 / 21;469821;2018-11-09 17:45:27:870
0.632;4.3;8.81;29.0;1.0;47.08;48.16147;11.55728;501.2;NaN;0.0;3.0;258.5;13 / 21;469922;2018-11-09 17:45:27:971
0.766;3.974;8.772;15.0;1.0;47.08;48.16147;11.55728;501.2;NaN;0.0;3.0;258.5;13 / 21;470022;2018-11-09 17:45:28:071
0.402;4.223;9.05;34.0;1.0;47.08;48.16147;11.55728;501.2;NaN;0.0;3.0;258.5;13 / 21;470122;2018-11-09 17:45:28:171
0.201;4.424;8.868;18.0;1.0;47.18;48.16147;11.55728;501.2;NaN;0.0;3.0;258.5;13 / 21;470222;2018-11-09 17:45:28:271
0.612;4.223;8.954;29.0;1.0;47.18;48.16147;11.55728;501.2;NaN;0.0;3.0;258.5;13 / 21;470322;2018-11-09 17:45:28:371
0.498;4.137;8.801;23.0;1.0;47.18;48.16147;11.55728;501.2;NaN;0.0;3.0;258.5;13 / 21;470422;2018-11-09 17:45:28:471
0.555;4.319;9.146;26.0;1.0;48.63;48.16147;11.55728;501.2;NaN;0.0;3.0;258.5;13 / 21;470521;2018-11-09 17:45:28:570
0.747;4.271;8.667;26.0;1.0;48.63;48.16147;11.55728;501.2;NaN;0.0;3.0;258.5;13 / 21;470622;2018-11-09 17:45:28:671
1.216;4.3;9.05;27.0;1.0;48.63;48.16147;11.55728;501.2;NaN;0.0;3.0;258.5;13 / 21;470721;2018-11-09 17:45:28:770
0.938;4.865;8.523;32.0;1.0;49.74;48.16147;11.55728;501.2;NaN;0.0;3.0;258.5;13 / 21;470822;2018-11-09 17:45:28:871
0.794;4.271;9.127;32.0;1.0;49.74;48.16147;11.55728;501.2;NaN;0.0;3.0;258.5;13 / 21;470921;2018-11-09 17:45:28:970
1.091;4.644;8.897;15.0;1.0;49.74;48.16147;11.55728;501.2;NaN;0.0;3.0;258.5;13 / 21;471022;2018-11-09 17:45:29:071
0.718;4.357;8.552;22.0;1.0;51.1;48.16147;11.55728;501.2;NaN;0.0;3.0;258.5;13 / 21;471122;2018-11-09 17:45:29:171
-0.086;4.443;8.945;21.0;1.0;51.1;48.16147;11.55728;501.2;NaN;0.0;3.0;258.5;13 / 21;471222;2018-11-09 17:45:29:271
-0.354;4.558;9.28;16.0;1.0;51.1;48.16147;11.55728;501.2;NaN;0.0;3.0;258.5;13 / 21;471322;2018-11-09 17:45:29:371
1.13;4.989;7.7;25.0;1.0;54.07;48.16147;11.55728;501.2;NaN;0.0;3.0;258.5;13 / 21;471421;2018-11-09 17:45:29:470
0.478;4.893;8.705;20.0;1.0;54.07;48.16147;11.55728;501.2;NaN;0.0;3.0;258.5;13 / 21;471521;2018-11-09 17:45:29:570
0.775;4.424;7.92;20.0;1.0;54.07;48.16147;11.55728;501.2;NaN;0.0;3.0;258.5;13 / 21;471621;2018-11-09 17:45:29:670
2.193;6.522;8.916;15.0;1.0;53.87;48.16147;11.55728;501.2;NaN;0.0;3.0;258.5;13 / 21;471721;2018-11-09 17:45:29:770
1.934;5.439;7.853;21.0;1.0;53.87;48.16147;11.55728;501.2;NaN;0.0;3.0;258.5;13 / 21;471822;2018-11-09 17:45:29:871
2.059;5.669;8.858;19.0;1.0;53.87;48.16147;11.55728;501.2;NaN;0.0;3.0;258.5;13 / 21;471922;2018-11-09 17:45:29:971
1.484;5.123;7.728;27.0;1.0;53.56;48.16147;11.55728;501.2;NaN;0.0;3.0;258.5;13 / 21;472023;2018-11-09 17:45:30:072
1.149;4.625;9.136;33.0;1.0;53.56;48.16147;11.55728;501.2;NaN;0.0;3.0;258.5;13 / 21;472122;2018-11-09 17:45:30:171
0.852;5.267;8.293;23.0;1.0;53.56;48.16147;11.55728;501.2;NaN;0.0;3.0;258.5;13 / 21;472222;2018-11-09 17:45:30:271
0.162;5.19;7.843;11.0;1.0;55.26;48.16147;11.55728;501.2;NaN;0.0;3.0;258.5;13 / 21;472322;2018-11-09 17:45:30:371
0.689;5.717;7.489;21.0;1.0;55.26;48.16147;11.55728;501.2;NaN;0.0;3.0;258.5;13 / 21;472422;2018-11-09 17:45:30:471
0.354;5.506;8.092;25.0;1.0;55.26;48.16147;11.55728;501.2;NaN;0.0;3.0;258.5;13 / 21;472521;2018-11-09 17:45:30:570
0.823;5.238;8.092;35.0;1.0;55.95;48.16147;11.55728;501.2;NaN;0.0;3.0;258.5;13 / 21;472621;2018-11-09 17:45:30:670
1.139;5.066;8.427;39.0;1.0;55.95;48.16147;11.55728;501.2;NaN;0.0;3.0;258.5;13 / 21;472721;2018-11-09 17:45:30:770
1.168;4.903;8.217;27.0;1.0;55.95;48.16147;11.55728;501.2;NaN;0.0;3.0;258.5;13 / 21;472821;2018-11-09 17:45:30:870
1.149;4.922;8.169;39.0;1.0;55.66;48.16147;11.55728;501.2;NaN;0.0;3.0;258.5;13 / 21;472921;2018-11-09 17:45:30:970
1.245;4.98;8.312;16.0;1.0;55.66;48.16147;11.55728;501.2;NaN;0.0;3.0;258.5;13 / 21;473021;2018-11-09 17:45:31:070
1.216;4.788;8.236;12.0;1.0;55.66;48.16147;11.55728;501.2;NaN;0.0;3.0;258.5;13 / 21;473121;2018-11-09 17:45:31:170
1.187;4.798;8.389;26.0;1.0;52.2;48.16147;11.55728;501.2;NaN;0.0;3.0;258.5;13 / 21;473221;2018-11-09 17:45:31:270
1.149;4.817;8.236;13.0;1.0;52.2;48.16147;11.55728;501.2;NaN;0.0;3.0;258.5;13 / 21;473321;2018-11-09 17:45:31:370
1.12;4.759;8.207;26.0;1.0;52.2;48.16147;11.55728;501.2;NaN;0.0;3.0;258.5;13 / 21;473422;2018-11-09 17:45:31:471
1.053;4.807;8.169;38.0;1.0;52.77;48.16147;11.55728;501.2;NaN;0.0;3.0;258.5;13 / 21;473522;2018-11-09 17:45:31:571
1.082;4.673;8.619;6.0;1.0;52.77;48.16147;11.55728;501.2;NaN;0.0;3.0;258.5;13 / 21;473622;2018-11-09 17:45:31:671
1.091;4.731;8.322;15.0;1.0;52.77;48.16147;11.55728;501.2;NaN;0.0;3.0;258.5;13 / 21;473722;2018-11-09 17:45:31:771
1.225;4.673;8.466;28.0;1.0;52.84;48.16147;11.55728;501.2;NaN;0.0;3.0;258.5;13 / 21;473821;2018-11-09 17:45:31:870
1.273;4.664;8.59;0.0;1.0;52.84;48.16147;11.55728;501.2;NaN;0.0;3.0;258.5;13 / 21;473921;2018-11-09 17:45:31:970
1.216;4.635;8.322;15.0;1.0;52.84;48.16147;11.55728;501.2;NaN;0.0;3.0;258.5;13 / 21;474022;2018-11-09 17:45:32:071
1.187;4.711;8.561;12.0;1.0;49.86;48.16147;11.55728;501.2;NaN;0.0;3.0;258.5;13 / 21;474122;2018-11-09 17:45:32:171
0.996;4.367;8.552;6.0;1.0;49.86;48.16147;11.55728;501.2;NaN;0.0;3.0;258.5;13 / 21;474222;2018-11-09 17:45:32:271
1.11;4.52;8.504;11.0;1.0;49.86;48.16147;11.55728;501.2;NaN;0.0;3.0;258.5;13 / 21;474322;2018-11-09 17:45:32:371
1.024;4.51;8.581;10.0;1.0;49.86;48.16147;11.55728;501.2;NaN;0.0;3.0;258.5;13 / 21;474421;2018-11-09 17:45:32:470
1.158;4.482;8.954;12.0;1.0;48.92;48.16147;11.55728;501.2;NaN;0.0;3.0;258.5;13 / 21;474521;2018-11-09 17:45:32:570
0.976;4.338;8.868;23.0;1.0;48.92;48.16147;11.55728;501.2;NaN;0.0;3.0;258.5;13 / 21;474622;2018-11-09 17:45:32:671
0.881;4.453;8.906;18.0;1.0;48.92;48.16147;11.55728;501.2;NaN;0.0;3.0;258.5;13 / 21;474721;2018-11-09 17:45:32:770
0.909;4.386;8.657;31.0;1.0;48.77;48.16147;11.55728;501.2;NaN;0.0;3.0;258.5;13 / 21;474822;2018-11-09 17:45:32:871
1.063;4.491;8.437;24.0;1.0;48.77;48.16147;11.55728;501.2;NaN;0.0;3.0;258.5;13 / 21;474921;2018-11-09 17:45:32:970
1.264;4.577;8.619;27.0;1.0;48.77;48.16147;11.55728;501.2;NaN;0.0;3.0;258.5;13 / 21;475022;2018-11-09 17:45:33:071
1.216;4.798;8.399;16.0;1.0;48.12;48.16147;11.55728;501.2;NaN;0.0;3.0;258.5;13 / 21;475122;2018-11-09 17:45:33:171
1.12;4.654;8.159;22.0;1.0;48.12;48.16147;11.55728;501.2;NaN;0.0;3.0;258.5;13 / 21;475222;2018-11-09 17:45:33:271
1.369;4.951;8.523;22.0;1.0;48.12;48.16147;11.55728;501.2;NaN;0.0;3.0;258.5;13 / 21;475322;2018-11-09 17:45:33:371
1.369;4.807;8.293;23.0;1.0;48.45;48.16147;11.55728;501.2;NaN;0.0;3.0;258.5;13 / 21;475422;2018-11-09 17:45:33:471
1.043;4.529;8.629;35.0;1.0;48.45;48.16147;11.55728;501.2;NaN;0.0;3.0;258.5;13 / 21;475522;2018-11-09 17:45:33:571
1.245;4.807;8.198;18.0;1.0;48.45;48.16147;11.55728;501.2;NaN;0.0;3.0;258.5;13 / 21;475621;2018-11-09 17:45:33:670
1.015;4.568;8.341;15.0;1.0;45.29;48.16147;11.55728;501.2;NaN;0.0;3.0;258.5;13 / 21;475721;2018-11-09 17:45:33:770
0.89;4.166;8.6;24.0;1.0;45.29;48.16147;11.55728;501.2;NaN;0.0;3.0;258.5;13 / 21;475822;2018-11-09 17:45:33:871
0.268;4.06;8.542;25.0;1.0;45.29;48.16147;11.55728;501.2;NaN;0.0;3.0;258.5;13 / 21;475922;2018-11-09 17:45:33:971
0.162;4.443;9.376;31.0;1.0;50.05;48.16147;11.55728;501.2;NaN;0.0;3.0;258.5;13 / 21;476022;2018-11-09 17:45:34:071
0.986;4.769;8.81;34.0;1.0;50.05;48.16147;11.55728;501.2;NaN;0.0;3.0;258.5;13 / 21;476123;2018-11-09 17:45:34:172
1.005;4.213;8.6;29.0;1.0;50.05;48.16147;11.55728;501.2;NaN;0.0;3.0;258.5;13 / 21;476221;2018-11-09 17:45:34:270
1.053;4.031;8.81;24.0;1.0;45.83;48.16147;11.55728;501.2;NaN;0.0;3.0;258.5;13 / 21;476322;2018-11-09 17:45:34:371
1.379;4.577;9.05;25.0;1.0;45.83;48.16147;11.55728;501.2;NaN;0.0;3.0;258.5;13 / 21;476422;2018-11-09 17:45:34:471
0.948;4.884;9.5;36.0;1.0;45.83;48.16147;11.55728;501.2;NaN;0.0;3.0;258.5;13 / 21;476521;2018-11-09 17:45:34:570
0.545;5.219;8.935;20.0;1.0;42.89;48.16147;11.55728;501.2;NaN;0.0;3.0;258.5;13 / 21;476621;2018-11-09 17:45:34:670
0.287;4.031;9.49;41.0;1.0;42.89;48.16147;11.55728;501.2;NaN;0.0;3.0;258.5;13 / 21;476721;2018-11-09 17:45:34:770
0.641;3.438;7.824;22.0;1.0;42.89;48.16147;11.55728;501.2;NaN;0.0;3.0;258.5;13 / 21;476821;2018-11-09 17:45:34:870
1.532;3.265;7.977;35.0;1.0;44.79;48.16147;11.55728;501.2;NaN;0.0;3.0;258.5;13 / 21;476921;2018-11-09 17:45:34:970
1.982;4.664;9.261;20.0;1.0;44.79;48.16147;11.55728;501.2;NaN;0.0;3.0;258.5;13 / 21;477022;2018-11-09 17:45:35:071
1.388;4.644;8.332;38.0;1.0;44.79;48.16147;11.55728;501.2;NaN;0.0;3.0;258.5;13 / 21;477123;2018-11-09 17:45:35:172
2.221;4.089;7.996;23.0;1.0;42.64;48.16147;11.55728;501.2;NaN;0.0;3.0;258.5;13 / 21;477221;2018-11-09 17:45:35:270
3.198;4.692;8.743;17.0;1.0;42.64;48.16147;11.55728;501.2;NaN;0.0;3.0;258.5;13 / 21;477322;2018-11-09 17:45:35:371
2.327;4.692;8.236;22.0;1.0;42.64;48.16147;11.55728;501.2;NaN;0.0;3.0;258.5;13 / 21;477421;2018-11-09 17:45:35:470
2.624;4.702;8.178;21.0;1.0;49.98;48.16147;11.55728;501.2;NaN;0.0;3.0;258.5;13 / 21;477521;2018-11-09 17:45:35:570
3.083;5.028;8.715;20.0;1.0;49.98;48.16147;11.55728;501.2;NaN;0.0;3.0;258.5;13 / 21;477621;2018-11-09 17:45:35:670
2.47;4.568;8.341;17.0;1.0;49.98;48.16147;11.55728;501.2;NaN;0.0;3.0;258.5;13 / 21;477721;2018-11-09 17:45:35:770
2.001;4.52;8.447;25.0;1.0;46.58;48.16147;11.55728;501.2;NaN;0.0;3.0;258.5;13 / 21;477821;2018-11-09 17:45:35:870
2.202;4.51;9.002;25.0;1.0;46.58;48.16147;11.55728;501.2;NaN;0.0;3.0;258.5;13 / 21;477922;2018-11-09 17:45:35:971
1.561;4.309;8.533;13.0;1.0;46.58;48.16147;11.55728;501.2;NaN;0.0;3.0;258.5;13 / 21;478022;2018-11-09 17:45:36:071
1.743;4.28;8.188;30.0;1.0;45.63;48.16147;11.55728;501.2;NaN;0.0;3.0;258.5;13 / 21;478123;2018-11-09 17:45:36:172
1.637;4.395;8.724;9.0;1.0;45.63;48.16147;11.55728;501.2;NaN;0.0;3.0;258.5;13 / 21;478222;2018-11-09 17:45:36:271
1.043;3.964;8.293;33.0;1.0;45.63;48.16147;11.55728;501.2;NaN;0.0;3.0;258.5;13 / 21;478322;2018-11-09 17:45:36:371
0.948;4.137;8.657;25.0;1.0;42.68;48.16147;11.55728;501.2;NaN;0.0;3.0;258.5;13 / 21;478421;2018-11-09 17:45:36:470
0.172;4.644;8.447;28.0;1.0;42.68;48.16147;11.55728;501.2;NaN;0.0;3.0;258.5;13 / 21;478522;2018-11-09 17:45:36:571
0.076;4.386;9.376;13.0;1.0;42.68;48.16147;11.55728;501.2;NaN;0.0;3.0;258.5;13 / 21;478622;2018-11-09 17:45:36:671
0.143;4.108;8.255;29.0;1.0;46.02;48.16147;11.55728;501.2;NaN;0.0;3.0;258.5;13 / 21;478722;2018-11-09 17:45:36:771
0.584;4.175;8.887;19.0;1.0;46.02;48.16147;11.55728;501.2;NaN;0.0;3.0;258.5;13 / 21;478822;2018-11-09 17:45:36:871
1.091;4.462;8.868;36.0;1.0;46.02;48.16147;11.55728;501.2;NaN;0.0;3.0;258.5;13 / 21;478922;2018-11-09 17:45:36:971
0.919;4.644;9.127;17.0;1.0;45.78;48.16147;11.55728;501.2;NaN;0.0;3.0;258.5;13 / 21;479022;2018-11-09 17:45:37:071
0.277;5.573;9.251;30.0;1.0;45.78;48.16147;11.55728;501.2;NaN;0.0;3.0;258.5;13 / 21;479126;2018-11-09 17:45:37:175
-0.756;4.558;9.366;26.0;1.0;45.78;48.16147;11.55728;501.2;NaN;0.0;3.0;258.5;13 / 21;479222;2018-11-09 17:45:37:271
0.287;3.486;7.719;11.0;1.0;45.83;48.16147;11.55728;501.2;NaN;0.0;3.0;258.5;13 / 21;479322;2018-11-09 17:45:37:371
1.915;3.83;8.111;20.0;1.0;45.83;48.16147;11.55728;501.2;NaN;0.0;3.0;258.5;13 / 21;479422;2018-11-09 17:45:37:471
2.518;4.817;8.935;44.0;1.0;45.83;48.16147;11.55728;501.2;NaN;0.0;3.0;258.5;13 / 21;479522;2018-11-09 17:45:37:571
2.116;4.529;8.427;36.0;1.0;44.52;48.16147;11.55728;501.2;NaN;0.0;3.0;258.5;13 / 21;479622;2018-11-09 17:45:37:671
2.403;4.501;8.322;31.0;1.0;44.52;48.16147;11.55728;501.2;NaN;0.0;3.0;258.5;13 / 21;479722;2018-11-09 17:45:37:771
2.901;4.558;8.561;17.0;1.0;44.52;48.16147;11.55728;501.2;NaN;0.0;3.0;258.5;13 / 21;479821;2018-11-09 17:45:37:870
2.853;4.759;8.456;33.0;1.0;48.72;48.16147;11.55728;501.2;NaN;0.0;3.0;258.5;13 / 21;479922;2018-11-09 17:45:37:971
3.332;5.133;8.638;19.0;1.0;48.72;48.16147;11.55728;501.2;NaN;0.0;3.0;258.5;13 / 21;480022;2018-11-09 17:45:38:071
2.432;4.52;7.987;12.0;1.0;48.72;48.16147;11.55728;501.2;NaN;0.0;3.0;258.5;13 / 21;480122;2018-11-09 17:45:38:171
2.537;4.616;8.255;23.0;1.0;47.28;48.16147;11.55728;501.2;NaN;0.0;3.0;258.5;13 / 21;480222;2018-11-09 17:45:38:271
2.853;5.411;7.776;13.0;1.0;47.28;48.16147;11.55728;501.2;NaN;0.0;3.0;258.5;13 / 21;480322;2018-11-09 17:45:38:371
2.576;5.746;8.418;32.0;1.0;47.28;48.16147;11.55728;501.2;NaN;0.0;3.0;258.5;13 / 21;480421;2018-11-09 17:45:38:470
3.179;5.65;8.494;28.0;1.0;41.42;48.16147;11.55728;501.2;NaN;0.0;3.0;258.5;13 / 21;480522;2018-11-09 17:45:38:571
2.968;4.367;10.563;29.0;1.0;41.42;48.16147;11.55728;501.2;NaN;0.0;3.0;258.5;13 / 21;480622;2018-11-09 17:45:38:671
1.369;3.419;6.636;29.0;1.0;41.42;48.16147;11.55728;501.2;NaN;0.0;3.0;258.5;13 / 21;480721;2018-11-09 17:45:38:770
-0.392;4.099;9.136;46.0;1.0;39.93;48.16147;11.55728;501.2;NaN;0.0;3.0;258.5;13 / 21;480821;2018-11-09 17:45:38:870
-0.766;4.759;9.117;34.0;1.0;39.93;48.16147;11.55728;501.2;NaN;0.0;3.0;258.5;13 / 21;480922;2018-11-09 17:45:38:971
-0.316;5.545;8.121;36.0;1.0;39.93;48.16147;11.55728;501.2;NaN;0.0;3.0;258.5;13 / 21;481021;2018-11-09 17:45:39:070
-0.172;5.277;8.954;17.0;1.0;38.83;48.16147;11.55728;501.2;NaN;0.0;3.0;258.5;13 / 21;481123;2018-11-09 17:45:39:172
0.526;5.018;8.561;26.0;1.0;38.83;48.16147;11.55728;501.2;NaN;0.0;3.0;258.5;13 / 21;481222;2018-11-09 17:45:39:271
0.804;5.937;8.925;24.0;1.0;38.83;48.16147;11.55728;501.2;NaN;0.0;3.0;258.5;13 / 21;481322;2018-11-09 17:45:39:371
-0.43;4.462;10.525;33.0;1.0;41.68;48.16147;11.55728;501.2;NaN;0.0;3.0;258.5;13 / 21;481422;2018-11-09 17:45:39:471
-0.66;3.016;8.399;40.0;1.0;41.68;48.16147;11.55728;501.2;NaN;0.0;3.0;258.5;13 / 21;481522;2018-11-09 17:45:39:571
-0.421;2.269;7.853;18.0;1.0;41.68;48.16147;11.55728;501.2;NaN;0.0;3.0;258.5;13 / 21;481622;2018-11-09 17:45:39:671
-0.287;2.537;9.059;23.0;1.0;41.68;48.16147;11.55728;501.2;NaN;0.0;3.0;258.5;13 / 21;481721;2018-11-09 17:45:39:770
0.258;4.031;8.437;21.0;1.0;41.5;48.16147;11.55728;501.2;NaN;0.0;3.0;258.5;13 / 21;481821;2018-11-09 17:45:39:870
-0.565;4.271;9.452;29.0;1.0;41.5;48.16147;11.55728;501.2;NaN;0.0;3.0;258.5;13 / 21;481922;2018-11-09 17:45:39:971
-0.689;4.376;10.582;21.0;1.0;41.5;48.16147;11.55728;501.2;NaN;0.0;3.0;258.5;13 / 21;482021;2018-11-09 17:45:40:070
0.296;4.798;9.854;26.0;1.0;39.14;48.16147;11.55728;501.2;NaN;0.0;3.0;258.5;13 / 21;482122;2018-11-09 17:45:40:171
-0.373;5.152;8.36;40.0;1.0;39.14;48.16147;11.55728;501.2;NaN;0.0;3.0;258.5;13 / 21;482221;2018-11-09 17:45:40:270
0.306;2.844;10.697;9.0;1.0;39.14;48.16147;11.55728;501.2;NaN;0.0;3.0;258.5;13 / 21;482321;2018-11-09 17:45:40:370
-0.009;3.811;6.512;35.0;1.0;39.31;48.16147;11.55728;501.2;NaN;0.0;3.0;258.5;13 / 21;482421;2018-11-09 17:45:40:470
-1.704;3.725;9.165;18.0;1.0;39.31;48.16147;11.55728;501.2;NaN;0.0;3.0;258.5;13 / 21;482521;2018-11-09 17:45:40:570
-2.298;4.683;7.087;34.0;1.0;39.31;48.16147;11.55728;501.2;NaN;0.0;3.0;258.5;13 / 21;482621;2018-11-09 17:45:40:670
-2.748;4.702;9.404;21.0;1.0;40.91;48.16147;11.55728;501.2;NaN;0.0;3.0;258.5;13 / 21;482721;2018-11-09 17:45:40:770
-2.767;4.166;8.724;26.0;1.0;40.91;48.16147;11.55728;501.2;NaN;0.0;3.0;258.5;13 / 21;482821;2018-11-09 17:45:40:870
-2.633;4.51;7.91;23.0;1.0;40.91;48.16147;11.55728;501.2;NaN;0.0;3.0;258.5;13 / 21;482921;2018-11-09 17:45:40:970
-3.524;5.64;7.996;43.0;1.0;39.47;48.16147;11.55728;501.2;NaN;0.0;3.0;258.5;13 / 21;483021;2018-11-09 17:45:41:070
-2.806;4.999;6.196;24.0;1.0;39.47;48.16147;11.55728;501.2;NaN;0.0;3.0;258.5;13 / 21;483121;2018-11-09 17:45:41:170
-2.806;5.87;7.613;35.0;1.0;39.47;48.16147;11.55728;501.2;NaN;0.0;3.0;258.5;13 / 21;483222;2018-11-09 17:45:41:271
-3.658;5.65;8.063;44.0;1.0;41.41;48.16147;11.55728;501.2;NaN;0.0;3.0;258.5;13 / 21;483321;2018-11-09 17:45:41:370
-1.886;6.407;6.771;48.0;1.0;41.41;48.16147;11.55728;501.2;NaN;0.0;3.0;258.5;13 / 21;483421;2018-11-09 17:45:41:470
-5.487;6.34;8.619;50.0;1.0;41.41;48.16147;11.55728;501.2;NaN;0.0;3.0;258.5;13 / 21;483522;2018-11-09 17:45:41:571
-3.332;4.462;6.454;36.0;1.0;40.99;48.16147;11.55728;501.2;NaN;0.0;3.0;258.5;13 / 21;483622;2018-11-09 17:45:41:671
-3.332;4.654;6.675;35.0;1.0;40.99;48.16147;11.55728;501.2;NaN;0.0;3.0;258.5;13 / 21;483722;2018-11-09 17:45:41:771
-2.978;6.368;6.78;35.0;1.0;40.99;48.16147;11.55728;501.2;NaN;0.0;3.0;258.5;13 / 21;483822;2018-11-09 17:45:41:871
-2.901;5.794;7.661;33.0;1.0;41.2;48.16147;11.55728;501.2;NaN;0.0;3.0;258.5;13 / 21;483922;2018-11-09 17:45:41:971
-2.394;4.855;8.044;23.0;1.0;41.2;48.16147;11.55728;501.2;NaN;0.0;3.0;258.5;13 / 21;484022;2018-11-09 17:45:42:071
-2.585;6.273;9.404;47.0;1.0;41.2;48.16147;11.55728;501.2;NaN;0.0;3.0;258.5;13 / 21;484125;2018-11-09 17:45:42:174
-2.288;5.353;7.671;51.0;1.0;40.13;48.16147;11.55728;501.2;NaN;0.0;3.0;258.5;13 / 21;484221;2018-11-09 17:45:42:270
-0.785;2.892;9.807;72.0;1.0;40.13;48.16147;11.55728;501.2;NaN;0.0;3.0;258.5;13 / 21;484321;2018-11-09 17:45:42:370
-1.934;4.98;8.878;161.0;1.0;40.13;48.16147;11.55728;501.2;NaN;0.0;3.0;258.5;13 / 21;484422;2018-11-09 17:45:42:471
-1.781;3.524;9.883;204.0;1.0;40.97;48.16147;11.55728;501.2;NaN;0.0;3.0;258.5;13 / 21;484522;2018-11-09 17:45:42:571
-1.063;3.658;10.352;268.0;1.0;40.97;48.16147;11.55728;501.2;NaN;0.0;3.0;258.5;13 / 21;484621;2018-11-09 17:45:42:670
-0.881;3.304;10.659;332.0;1.0;40.97;48.16147;11.55728;501.2;NaN;0.0;3.0;258.5;13 / 21;484721;2018-11-09 17:45:42:770
-0.9;2.384;11.224;379.0;1.0;39.38;48.16147;11.55728;501.2;NaN;0.0;3.0;258.5;13 / 21;484822;2018-11-09 17:45:42:871
-0.229;1.972;9.222;487.0;1.0;39.38;48.16147;11.55728;501.2;NaN;0.0;3.0;258.5;13 / 21;484923;2018-11-09 17:45:42:972
0.354;1.264;9.96;493.0;1.0;39.38;48.16147;11.55728;501.2;NaN;0.0;3.0;258.5;13 / 21;485021;2018-11-09 17:45:43:070
-0.296;2.365;12.268;544.0;1.0;41.21;48.16147;11.55728;501.2;NaN;0.0;3.0;258.5;13 / 21;485122;2018-11-09 17:45:43:171
-0.268;2.825;10.257;592.0;1.0;41.21;48.16147;11.55728;501.2;NaN;0.0;3.0;258.5;13 / 21;485222;2018-11-09 17:45:43:271
-0.038;2.949;9.519;636.0;1.0;41.21;48.16147;11.55728;501.2;NaN;0.0;3.0;258.5;13 / 21;485322;2018-11-09 17:45:43:371
-0.383;3.83;9.605;725.0;1.0;37.81;48.16147;11.55728;501.2;NaN;0.0;3.0;258.5;13 / 21;485421;2018-11-09 17:45:43:470
-0.651;4.204;11.301;809.0;1.0;37.81;48.16147;11.55728;501.2;NaN;0.0;3.0;258.5;13 / 21;485522;2018-11-09 17:45:43:571
-1.743;4.127;11.913;950.0;1.0;37.81;48.16147;11.55728;501.2;NaN;0.0;3.0;258.5;13 / 21;485622;2018-11-09 17:45:43:671
-3.332;2.576;10.065;1144.0;1.0;38.49;48.16147;11.55728;501.2;NaN;0.0;3.0;258.5;13 / 21;485721;2018-11-09 17:45:43:770
-4.003;2.355;12.028;950.0;1.0;38.49;48.16147;11.55728;501.2;NaN;0.0;3.0;258.5;13 / 21;485822;2018-11-09 17:45:43:871
-3.352;0.957;10.161;2053.0;1.0;38.49;48.16147;11.55728;501.2;NaN;0.0;3.0;258.5;13 / 21;485922;2018-11-09 17:45:43:971
-2.739;1.35;7.278;2353.0;1.0;38.56;48.16147;11.55728;501.2;NaN;0.0;3.0;258.5;13 / 21;486022;2018-11-09 17:45:44:071
-3.275;2.039;8.581;2824.0;1.0;38.56;48.16147;11.55728;501.2;NaN;0.0;3.0;258.5;13 / 21;486122;2018-11-09 17:45:44:171
-4.348;2.442;8.629;3133.0;1.0;38.56;48.16147;11.55728;501.2;NaN;0.0;3.0;258.5;13 / 21;486222;2018-11-09 17:45:44:271
-5.047;3.62;8.226;2040.0;1.0;37.22;48.16147;11.55728;501.2;NaN;0.0;3.0;258.5;13 / 21;486322;2018-11-09 17:45:44:371
-5.363;3.744;9.768;2009.0;1.0;37.22;48.16147;11.55728;501.2;NaN;0.0;3.0;258.5;13 / 21;486422;2018-11-09 17:45:44:471
-7.154;3.217;11.138;2140.0;1.0;37.22;48.16147;11.55728;501.2;NaN;0.0;3.0;258.5;13 / 21;486521;2018-11-09 17:45:44:570
-4.74;1.771;11.176;3192.0;1.0;40.14;48.16147;11.55728;501.2;NaN;0.0;3.0;258.5;13 / 21;486622;2018-11-09 17:45:44:671
-2.921;2.413;6.282;3176.0;1.0;40.14;48.16147;11.55728;501.2;NaN;0.0;3.0;258.5;13 / 21;486722;2018-11-09 17:45:44:771
-4.836;3.591;10.305;2605.0;1.0;40.14;48.16147;11.55728;501.2;NaN;0.0;3.0;258.5;13 / 21;486822;2018-11-09 17:45:44:871
-3.466;4.185;8.59;2933.0;1.0;39.06;48.16147;11.55728;501.2;NaN;0.0;3.0;258.5;13 / 21;486921;2018-11-09 17:45:44:970
-5.928;5.008;8.322;3047.0;1.0;39.06;48.16147;11.55728;501.2;NaN;0.0;3.0;258.5;13 / 21;487022;2018-11-09 17:45:45:071
-4.913;4.07;10.075;3011.0;1.0;39.06;48.16147;11.55728;501.2;NaN;0.0;3.0;258.5;13 / 21;487122;2018-11-09 17:45:45:171
-6.043;4.233;10.391;2830.0;1.0;38.82;48.16147;11.55728;501.2;NaN;0.0;3.0;258.5;13 / 21;487222;2018-11-09 17:45:45:271
-5.583;3.428;9.577;2490.0;1.0;38.82;48.16147;11.55728;501.2;NaN;0.0;3.0;258.5;13 / 21;487322;2018-11-09 17:45:45:371
-4.07;2.777;7.451;2165.0;1.0;38.82;48.16147;11.55728;501.2;NaN;0.0;3.0;258.5;13 / 21;487422;2018-11-09 17:45:45:471
-5.353;3.629;7.814;1724.0;1.0;39.27;48.16147;11.55728;501.2;NaN;0.0;3.0;258.5;13 / 21;487522;2018-11-09 17:45:45:571
-6.368;4.166;7.767;860.0;1.0;39.27;48.16147;11.55728;501.2;NaN;0.0;3.0;258.5;13 / 21;487621;2018-11-09 17:45:45:670
-6.043;4.692;8.236;594.0;1.0;39.27;48.16147;11.55728;501.2;NaN;0.0;3.0;258.5;13 / 21;487722;2018-11-09 17:45:45:771
-5.775;4.922;8.102;564.0;1.0;37.77;48.16147;11.55728;501.2;NaN;0.0;3.0;258.5;13 / 21;487822;2018-11-09 17:45:45:871
-5.966;4.664;9.739;572.0;1.0;37.77;48.16147;11.55728;501.2;NaN;0.0;3.0;258.5;13 / 21;487922;2018-11-09 17:45:45:971
-6.914;4.118;9.634;686.0;1.0;37.77;48.16147;11.55728;501.2;NaN;0.0;3.0;258.5;13 / 21;488023;2018-11-09 17:45:46:072
-4.127;2.48;8.188;1007.0;1.0;37.77;48.16147;11.55728;501.2;NaN;0.0;3.0;258.5;13 / 21;488121;2018-11-09 17:45:46:170
-3.974;2.202;6.981;1146.0;1.0;39.04;48.16147;11.55728;501.2;NaN;0.0;3.0;258.5;13 / 21;488221;2018-11-09 17:45:46:270
-4.06;3.39;9.739;1855.0;1.0;39.04;48.16147;11.55728;501.2;NaN;0.0;3.0;258.5;13 / 21;488321;2018-11-09 17:45:46:370
-4.587;3.878;9.012;2242.0;1.0;39.04;48.16147;11.55728;501.2;NaN;0.0;3.0;258.5;13 / 21;488421;2018-11-09 17:45:46:470
-3.294;4.597;8.983;2443.0;1.0;37.39;48.16147;11.55728;501.2;NaN;0.0;3.0;258.5;13 / 21;488521;2018-11-09 17:45:46:570
-2.892;4.999;8.992;2388.0;1.0;37.39;48.16147;11.55728;501.2;NaN;0.0;3.0;258.5;13 / 21;488622;2018-11-09 17:45:46:671
-3.083;5.267;9.519;2244.0;1.0;37.39;48.16147;11.55728;501.2;NaN;0.0;3.0;258.5;13 / 21;488722;2018-11-09 17:45:46:771
-4.012;5.018;11.147;2057.0;1.0;38.53;48.16147;11.55728;501.2;NaN;0.0;3.0;258.5;13 / 21;488822;2018-11-09 17:45:46:871
-5.813;4.654;5.937;1884.0;1.0;38.53;48.16147;11.55728;501.2;NaN;0.0;3.0;258.5;13 / 21;488922;2018-11-09 17:45:46:971
-5.487;3.696;6.081;1588.0;1.0;38.53;48.16147;11.55728;501.2;NaN;0.0;3.0;258.5;13 / 21;489021;2018-11-09 17:45:47:070
-2.873;1.608;9.098;1385.0;1.0;37.74;48.16147;11.55728;501.2;NaN;0.0;3.0;258.5;13 / 21;489122;2018-11-09 17:45:47:171
-1.225;2.221;9.653;844.0;1.0;37.74;48.16147;11.55728;501.2;NaN;0.0;3.0;258.5;13 / 21;489222;2018-11-09 17:45:47:271
-2.308;2.509;10.362;613.0;1.0;37.74;48.16147;11.55728;501.2;NaN;0.0;3.0;258.5;13 / 21;489322;2018-11-09 17:45:47:371
-2.202;2.643;11.76;355.0;1.0;37.95;48.16147;11.55728;501.2;NaN;0.0;3.0;258.5;13 / 21;489421;2018-11-09 17:45:47:470
-3.486;3.055;10.803;239.0;1.0;37.95;48.16147;11.55728;501.2;NaN;0.0;3.0;258.5;13 / 21;489521;2018-11-09 17:45:47:570
-4.175;2.528;10.065;493.0;1.0;37.95;48.16147;11.55728;501.2;NaN;0.0;3.0;258.5;13 / 21;489622;2018-11-09 17:45:47:671
-5.229;3.007;8.456;720.0;1.0;38.46;48.16147;11.55728;501.2;NaN;0.0;3.0;258.5;13 / 21;489722;2018-11-09 17:45:47:771
-4.846;4.319;9.979;797.0;1.0;38.46;48.16147;11.55728;501.2;NaN;0.0;3.0;258.5;13 / 21;489822;2018-11-09 17:45:47:871
-3.016;4.817;8.399;825.0;1.0;38.46;48.16147;11.55728;501.2;NaN;0.0;3.0;258.5;13 / 21;489922;2018-11-09 17:45:47:971
-1.848;4.807;8.763;663.0;1.0;42.32;48.16147;11.55728;501.2;NaN;0.0;3.0;258.5;13 / 21;490022;2018-11-09 17:45:48:071
-3.428;5.047;9.356;604.0;1.0;42.32;48.16147;11.55728;501.2;NaN;0.0;3.0;258.5;13 / 21;490122;2018-11-09 17:45:48:171
-4.185;7.288;11.233;470.0;1.0;42.32;48.16147;11.55728;501.2;NaN;0.0;3.0;258.5;13 / 21;490222;2018-11-09 17:45:48:271
-4.778;7.278;10.295;215.0;1.0;42.8;48.16147;11.55728;501.2;NaN;0.0;3.0;258.5;13 / 21;490322;2018-11-09 17:45:48:371
-2.365;5.315;7.881;163.0;1.0;42.8;48.16147;11.55728;501.2;NaN;0.0;3.0;258.5;13 / 21;490422;2018-11-09 17:45:48:471
-0.785;2.892;8.293;96.0;1.0;42.8;48.16147;11.55728;501.2;NaN;0.0;3.0;258.5;13 / 21;490522;2018-11-09 17:45:48:571
-3.936;6.838;3.265;108.0;1.0;44.19;48.16147;11.55728;501.2;NaN;0.0;3.0;258.5;13 / 21;490622;2018-11-09 17:45:48:671
-2.49;6.454;7.288;192.0;1.0;44.19;48.16147;11.55728;501.2;NaN;0.0;3.0;258.5;13 / 21;490722;2018-11-09 17:45:48:771
-2.154;5.573;14.365;108.0;1.0;44.19;48.16147;11.55728;501.2;NaN;0.0;3.0;258.5;13 / 21;490822;2018-11-09 17:45:48:871
-1.273;6.799;7.853;96.0;1.0;47.52;48.16147;11.55728;501.2;NaN;0.0;3.0;258.5;13 / 21;490922;2018-11-09 17:45:48:971
-1.714;7.182;6.292;118.0;1.0;47.52;48.16147;11.55728;501.2;NaN;0.0;3.0;258.5;13 / 21;491022;2018-11-09 17:45:49:071
-0.354;7.776;7.556;83.0;1.0;47.52;48.16147;11.55728;501.2;NaN;0.0;3.0;258.5;13 / 21;491121;2018-11-09 17:45:49:170
-0.766;7.46;8.676;67.0;1.0;45.5;48.16147;11.55728;501.2;NaN;0.0;3.0;258.5;13 / 21;491221;2018-11-09 17:45:49:270
-1.886;6.962;9.174;56.0;1.0;45.5;48.16147;11.55728;501.2;NaN;0.0;3.0;258.5;13 / 21;491321;2018-11-09 17:45:49:370
0.881;6.244;9.328;137.0;1.0;45.5;48.16147;11.55728;501.2;NaN;0.0;3.0;258.5;13 / 21;491421;2018-11-09 17:45:49:470
-0.545;5.439;9.941;368.0;1.0;46.18;48.16147;11.55728;501.2;NaN;0.0;3.0;258.5;13 / 21;491522;2018-11-09 17:45:49:571
-0.076;5.746;7.767;640.0;1.0;46.18;48.16147;11.55728;501.2;NaN;0.0;3.0;258.5;13 / 21;491622;2018-11-09 17:45:49:671
0.555;5.822;7.814;570.0;1.0;46.18;48.16147;11.55728;501.2;NaN;0.0;3.0;258.5;13 / 21;491722;2018-11-09 17:45:49:771
1.359;5.995;8.016;402.0;1.0;52.05;48.16147;11.55728;501.2;NaN;0.0;3.0;258.5;13 / 21;491822;2018-11-09 17:45:49:871
0.067;5.909;9.098;256.0;1.0;52.05;48.16147;11.55728;501.2;NaN;0.0;3.0;258.5;13 / 21;491922;2018-11-09 17:45:49:971
0.928;7.02;7.987;212.0;1.0;52.05;48.16147;11.55728;501.2;NaN;0.0;3.0;258.5;13 / 21;492022;2018-11-09 17:45:50:071
0.679;7.288;8.696;184.0;1.0;46.52;48.16147;11.55728;501.2;NaN;0.0;3.0;258.5;13 / 21;492121;2018-11-09 17:45:50:170
1.513;6.675;7.834;143.0;1.0;46.52;48.16147;11.55728;501.2;NaN;0.0;3.0;258.5;13 / 21;492222;2018-11-09 17:45:50:271
1.379;6.914;6.569;143.0;1.0;46.52;48.16147;11.55728;501.2;NaN;0.0;3.0;258.5;13 / 21;492322;2018-11-09 17:45:50:371
0.996;6.828;7.431;135.0;1.0;42.3;48.16147;11.55728;501.2;NaN;0.0;3.0;258.5;13 / 21;492422;2018-11-09 17:45:50:471
0.919;7.297;8.312;134.0;1.0;42.3;48.16147;11.55728;501.2;NaN;0.0;3.0;258.5;13 / 21;492522;2018-11-09 17:45:50:571
0.469;6.953;8.092;132.0;1.0;42.3;48.16147;11.55728;501.2;NaN;0.0;3.0;258.5;13 / 21;492621;2018-11-09 17:45:50:670
1.245;6.809;6.56;133.0;1.0;58.35;48.16147;11.55728;501.2;NaN;0.0;3.0;258.5;13 / 21;492721;2018-11-09 17:45:50:770
-0.526;7.747;7.958;157.0;1.0;58.35;48.16147;11.55728;501.2;NaN;0.0;3.0;258.5;13 / 21;492821;2018-11-09 17:45:50:870
-2.375;7.058;7.604;171.0;1.0;58.35;48.16147;11.55728;501.2;NaN;0.0;3.0;258.5;13 / 21;492921;2018-11-09 17:45:50:970
-1.733;7.46;8.561;191.0;1.0;47.08;48.16147;11.55728;501.2;NaN;0.0;3.0;258.5;13 / 21;493021;2018-11-09 17:45:51:070
-0.507;6.981;9.787;187.0;1.0;47.08;48.16147;11.55728;501.2;NaN;0.0;3.0;258.5;13 / 21;493121;2018-11-09 17:45:51:170
-0.201;6.397;10.266;187.0;1.0;47.08;48.16147;11.55728;501.2;NaN;0.0;3.0;258.5;13 / 21;493222;2018-11-09 17:45:51:271
-0.306;4.108;11.233;216.0;1.0;42.19;48.16147;11.55728;501.2;NaN;0.0;3.0;258.5;13 / 21;493321;2018-11-09 17:45:51:370
-0.411;3.648;9.921;231.0;1.0;42.19;48.16147;11.55728;501.2;NaN;0.0;3.0;258.5;13 / 21;493421;2018-11-09 17:45:51:470
-1.398;3.763;9.72;242.0;1.0;42.19;48.16147;11.55728;501.2;NaN;0.0;3.0;258.5;13 / 21;493521;2018-11-09 17:45:51:570
-2.662;3.802;7.259;312.0;1.0;40.15;48.16147;11.55728;501.2;NaN;0.0;3.0;258.5;13 / 21;493621;2018-11-09 17:45:51:670
-2.815;2.317;8.849;404.0;1.0;40.15;48.16147;11.55728;501.2;NaN;0.0;3.0;258.5;13 / 21;493721;2018-11-09 17:45:51:770
-4.654;2.796;9.768;272.0;1.0;40.15;48.16147;11.55728;501.2;NaN;0.0;3.0;258.5;13 / 21;493822;2018-11-09 17:45:51:871
-1.436;4.453;7.029;333.0;1.0;40.42;48.16147;11.55728;501.2;NaN;0.0;3.0;258.5;13 / 21;493921;2018-11-09 17:45:51:970
-3.658;5.794;12.66;497.0;1.0;40.42;48.16147;11.55728;501.2;NaN;0.0;3.0;258.5;13 / 21;494021;2018-11-09 17:45:52:070
0.114;5.909;7.805;690.0;1.0;40.42;48.16147;11.55728;501.2;NaN;0.0;3.0;258.5;13 / 21;494122;2018-11-09 17:45:52:171
-0.565;5.765;10.075;805.0;1.0;42.11;48.16147;11.55728;501.2;NaN;0.0;3.0;258.5;13 / 21;494222;2018-11-09 17:45:52:271
-0.383;5.698;9.653;852.0;1.0;42.11;48.16147;11.55728;501.2;NaN;0.0;3.0;258.5;13 / 21;494322;2018-11-09 17:45:52:371
0.459;6.502;7.47;790.0;1.0;42.11;48.16147;11.55728;501.2;NaN;0.0;3.0;258.5;13 / 21;494421;2018-11-09 17:45:52:470
1.369;6.043;8.351;757.0;1.0;43.6;48.16147;11.55728;501.2;NaN;0.0;3.0;258.5;13 / 21;494521;2018-11-09 17:45:52:570
0.076;5.928;7.297;654.0;1.0;43.6;48.16147;11.55728;501.2;NaN;0.0;3.0;258.5;13 / 21;494621;2018-11-09 17:45:52:670
1.934;5.181;10.18;536.0;1.0;43.6;48.16147;11.55728;501.2;NaN;0.0;3.0;258.5;13 / 21;494721;2018-11-09 17:45:52:770
-0.028;3.495;12.019;812.0;1.0;47.04;48.16147;11.55728;501.2;NaN;0.0;3.0;258.5;13 / 21;494822;2018-11-09 17:45:52:871
0.478;4.491;11.885;829.0;1.0;47.04;48.16147;11.55728;501.2;NaN;0.0;3.0;258.5;13 / 21;494922;2018-11-09 17:45:52:971
-0.067;5.593;8.427;708.0;1.0;47.04;48.16147;11.55728;501.2;NaN;0.0;3.0;258.5;13 / 21;495022;2018-11-09 17:45:53:071
0.871;4.941;9.644;576.0;1.0;49.29;48.16147;11.55728;501.2;NaN;0.0;3.0;258.5;13 / 21;495122;2018-11-09 17:45:53:171
0.699;4.635;9.356;591.0;1.0;49.29;48.16147;11.55728;501.2;NaN;0.0;3.0;258.5;13 / 21;495221;2018-11-09 17:45:53:270
0.086;4.654;11.013;629.0;1.0;49.29;48.16147;11.55728;501.2;NaN;0.0;3.0;258.5;13 / 21;495321;2018-11-09 17:45:53:370
0.22;4.462;11.272;457.0;1.0;49.29;48.16147;11.55728;501.2;NaN;0.0;3.0;258.5;13 / 21;495422;2018-11-09 17:45:53:471
0.009;5.909;9.117;304.0;1.0;43.35;48.16147;11.55728;501.2;NaN;0.0;3.0;258.5;13 / 21;495521;2018-11-09 17:45:53:570
0.076;4.913;9.069;287.0;1.0;43.35;48.16147;11.55728;501.2;NaN;0.0;3.0;258.5;13 / 21;495621;2018-11-09 17:45:53:670
-0.584;5.257;9.874;291.0;1.0;43.35;48.16147;11.55728;501.2;NaN;0.0;3.0;258.5;13 / 21;495721;2018-11-09 17:45:53:770
0.354;4.558;9.596;291.0;1.0;45.01;48.16147;11.55728;501.2;NaN;0.0;3.0;258.5;13 / 21;495821;2018-11-09 17:45:53:870
-1.034;4.654;10.448;374.0;1.0;45.01;48.16147;11.55728;501.2;NaN;0.0;3.0;258.5;13 / 21;495921;2018-11-09 17:45:53:970
0.028;4.261;10.41;560.0;1.0;45.01;48.16147;11.55728;501.2;NaN;0.0;3.0;258.5;13 / 21;496021;2018-11-09 17:45:54:070
-0.421;4.194;10.774;646.0;1.0;47.35;48.16147;11.55728;501.2;NaN;0.0;3.0;258.5;13 / 21;496122;2018-11-09 17:45:54:171
0.181;3.869;11.272;663.0;1.0;47.35;48.16147;11.55728;501.2;NaN;0.0;3.0;258.5;13 / 21;496222;2018-11-09 17:45:54:271
0.038;4.443;9.816;508.0;1.0;47.35;48.16147;11.55728;501.2;NaN;0.0;3.0;258.5;13 / 21;496321;2018-11-09 17:45:54:370
-0.727;5.286;8.293;310.0;1.0;47.86;48.16147;11.55728;501.2;NaN;0.0;3.0;258.5;13 / 21;496422;2018-11-09 17:45:54:471
-0.766;4.731;10.506;273.0;1.0;47.86;48.16147;11.55728;501.2;NaN;0.0;3.0;258.5;13 / 21;496522;2018-11-09 17:45:54:571
-0.201;4.367;9.395;288.0;1.0;47.86;48.16147;11.55728;501.2;NaN;0.0;3.0;258.5;13 / 21;496622;2018-11-09 17:45:54:671
-0.526;4.999;9.567;295.0;1.0;44.81;48.16147;11.55728;501.2;NaN;0.0;3.0;258.5;13 / 21;496722;2018-11-09 17:45:54:771
-0.488;4.74;9.701;337.0;1.0;44.81;48.16147;11.55728;501.2;NaN;0.0;3.0;258.5;13 / 21;496822;2018-11-09 17:45:54:871
-0.268;5.066;9.423;307.0;1.0;44.81;48.16147;11.55728;501.2;NaN;0.0;3.0;258.5;13 / 21;496922;2018-11-09 17:45:54:971
0.105;4.501;9.634;315.0;1.0;47.35;48.16147;11.55728;501.2;NaN;0.0;3.0;258.5;13 / 21;497022;2018-11-09 17:45:55:071
0.143;4.06;9.941;362.0;1.0;47.35;48.16145;11.55736;508.1;NaN;0.0;3.7;111.7;12 / 21;497122;2018-11-09 17:45:55:171
0.239;3.811;10.333;442.0;1.0;47.35;48.16145;11.55736;508.1;NaN;0.0;3.7;111.7;12 / 21;497222;2018-11-09 17:45:55:271
0.268;3.342;11.071;487.0;1.0;47.72;48.16145;11.55736;508.1;NaN;0.0;3.7;111.7;12 / 21;497323;2018-11-09 17:45:55:372
0.191;3.131;10.419;494.0;1.0;47.72;48.16145;11.55736;508.1;NaN;0.0;3.7;111.7;12 / 21;497422;2018-11-09 17:45:55:471
-0.143;3.38;10.659;489.0;1.0;47.72;48.16145;11.55736;508.1;NaN;0.0;3.7;111.7;12 / 21;497522;2018-11-09 17:45:55:571
0.067;3.17;10.716;499.0;1.0;48.11;48.16145;11.55736;508.1;NaN;0.0;3.7;111.7;12 / 21;497622;2018-11-09 17:45:55:671
0.325;3.304;10.314;510.0;1.0;48.11;48.16145;11.55736;508.1;NaN;0.0;3.7;111.7;12 / 21;497722;2018-11-09 17:45:55:771
0.047;3.486;10.745;506.0;1.0;48.11;48.16145;11.55736;508.1;NaN;0.0;3.7;111.7;12 / 21;497822;2018-11-09 17:45:55:871
-0.162;3.754;10.486;495.0;1.0;49.36;48.16145;11.55736;508.1;NaN;0.0;3.7;111.7;12 / 21;497921;2018-11-09 17:45:55:970
-0.181;3.754;10.305;487.0;1.0;49.36;48.16145;11.55736;508.1;NaN;0.0;3.7;111.7;12 / 21;498022;2018-11-09 17:45:56:071
-0.057;3.581;10.841;481.0;1.0;49.36;48.16145;11.55734;508.0;NaN;0.0;3.8;111.7;12 / 21;498122;2018-11-09 17:45:56:171
-0.134;3.888;10.477;482.0;1.0;49.71;48.16145;11.55734;508.0;NaN;0.0;3.8;111.7;12 / 21;498221;2018-11-09 17:45:56:270
-0.153;3.696;10.63;479.0;1.0;49.71;48.16145;11.55734;508.0;NaN;0.0;3.8;111.7;12 / 21;498321;2018-11-09 17:45:56:370
0.21;3.553;10.343;474.0;1.0;49.71;48.16145;11.55734;508.0;NaN;0.0;3.8;111.7;12 / 21;498422;2018-11-09 17:45:56:471
0.095;3.505;10.697;463.0;1.0;49.39;48.16145;11.55734;508.0;NaN;0.0;3.8;111.7;12 / 21;498522;2018-11-09 17:45:56:571
0.0;3.677;10.726;474.0;1.0;49.39;48.16145;11.55734;508.0;NaN;0.0;3.8;111.7;12 / 21;498622;2018-11-09 17:45:56:671
-0.124;3.763;10.688;460.0;1.0;49.39;48.16145;11.55734;508.0;NaN;0.0;3.8;111.7;12 / 21;498722;2018-11-09 17:45:56:771
0.086;3.533;10.486;468.0;1.0;50.87;48.16145;11.55734;508.0;NaN;0.0;3.8;111.7;12 / 21;498822;2018-11-09 17:45:56:871
0.009;3.725;10.678;468.0;1.0;50.87;48.16145;11.55734;508.0;NaN;0.0;3.8;111.7;12 / 21;498922;2018-11-09 17:45:56:971
-0.306;3.763;10.85;451.0;1.0;50.87;48.16145;11.55734;508.0;NaN;0.0;3.8;111.7;12 / 21;499021;2018-11-09 17:45:57:070
-0.028;3.802;10.362;469.0;1.0;48.85;48.16145;11.55729;508.4;NaN;0.0;3.8;111.7;12 / 21;499121;2018-11-09 17:45:57:170
-0.057;3.687;10.716;461.0;1.0;48.85;48.16145;11.55729;508.4;NaN;0.0;3.8;111.7;12 / 21;499221;2018-11-09 17:45:57:270
-0.191;3.725;10.879;459.0;1.0;48.85;48.16145;11.55729;508.4;NaN;0.0;3.8;111.7;12 / 21;499322;2018-11-09 17:45:57:371
-0.373;3.955;10.726;451.0;1.0;50.1;48.16145;11.55729;508.4;NaN;0.0;3.8;111.7;12 / 21;499422;2018-11-09 17:45:57:471
-0.258;3.811;10.697;462.0;1.0;50.1;48.16145;11.55729;508.4;NaN;0.0;3.8;111.7;12 / 21;499522;2018-11-09 17:45:57:571
-0.383;3.83;10.63;458.0;1.0;50.1;48.16145;11.55729;508.4;NaN;0.0;3.8;111.7;12 / 21;499621;2018-11-09 17:45:57:670
-0.392;3.821;10.764;483.0;1.0;52.5;48.16145;11.55729;508.4;NaN;0.0;3.8;111.7;12 / 21;499721;2018-11-09 17:45:57:770
-0.459;3.811;11.502;452.0;1.0;52.5;48.16145;11.55729;508.4;NaN;0.0;3.8;111.7;12 / 21;499821;2018-11-09 17:45:57:870
-0.287;3.735;10.735;481.0;1.0;52.5;48.16145;11.55729;508.4;NaN;0.0;3.8;111.7;12 / 21;499922;2018-11-09 17:45:57:971
-0.124;3.84;10.515;456.0;1.0;54.03;48.16145;11.55729;508.4;NaN;0.0;3.8;111.7;12 / 21;500022;2018-11-09 17:45:58:071
-0.44;3.792;11.176;448.0;1.0;54.03;48.16145;11.55724;508.9;NaN;0.0;3.9;111.7;12 / 21;500122;2018-11-09 17:45:58:171
-0.191;3.735;10.419;447.0;1.0;54.03;48.16145;11.55724;508.9;NaN;0.0;3.9;111.7;12 / 21;500222;2018-11-09 17:45:58:271
-0.21;3.897;10.372;453.0;1.0;51.69;48.16145;11.55724;508.9;NaN;0.0;3.9;111.7;12 / 21;500322;2018-11-09 17:45:58:371
-0.153;3.648;10.87;408.0;1.0;51.69;48.16145;11.55724;508.9;NaN;0.0;3.9;111.7;12 / 21;500422;2018-11-09 17:45:58:471
0.201;3.715;10.908;430.0;1.0;51.69;48.16145;11.55724;508.9;NaN;0.0;3.9;111.7;12 / 21;500522;2018-11-09 17:45:58:571
-0.143;3.917;10.649;412.0;1.0;51.03;48.16145;11.55724;508.9;NaN;0.0;3.9;111.7;12 / 21;500622;2018-11-09 17:45:58:671
-0.047;4.022;10.314;356.0;1.0;51.03;48.16145;11.55724;508.9;NaN;0.0;3.9;111.7;12 / 21;500722;2018-11-09 17:45:58:771
-0.344;4.118;10.649;374.0;1.0;51.03;48.16145;11.55724;508.9;NaN;0.0;3.9;111.7;12 / 21;500822;2018-11-09 17:45:58:871
-0.296;3.945;10.103;362.0;1.0;51.36;48.16145;11.55724;508.9;NaN;0.0;3.9;111.7;12 / 21;500922;2018-11-09 17:45:58:971
-0.076;3.917;10.515;368.0;1.0;51.36;48.16145;11.55724;508.9;NaN;0.0;3.9;111.7;12 / 21;501022;2018-11-09 17:45:59:071
-0.095;3.888;11.004;358.0;1.0;51.36;48.16145;11.55717;509.0;NaN;0.0;3.9;111.7;12 / 21;501122;2018-11-09 17:45:59:171
-0.306;4.089;10.659;341.0;1.0;50.43;48.16145;11.55717;509.0;NaN;0.0;3.9;111.7;12 / 21;501222;2018-11-09 17:45:59:271
-0.747;4.252;10.563;339.0;1.0;50.43;48.16145;11.55717;509.0;NaN;0.0;3.9;111.7;12 / 21;501322;2018-11-09 17:45:59:371
-0.641;3.945;10.937;334.0;1.0;50.43;48.16145;11.55717;509.0;NaN;0.0;3.9;111.7;12 / 21;501422;2018-11-09 17:45:59:471
-0.871;3.601;10.774;343.0;1.0;50.32;48.16145;11.55717;509.0;NaN;0.0;3.9;111.7;12 / 21;501522;2018-11-09 17:45:59:571
-0.574;3.677;11.023;341.0;1.0;50.32;48.16145;11.55717;509.0;NaN;0.0;3.9;111.7;12 / 21;501622;2018-11-09 17:45:59:671
-0.306;3.629;10.573;326.0;1.0;50.32;48.16145;11.55717;509.0;NaN;0.0;3.9;111.7;12 / 21;501722;2018-11-09 17:45:59:771
-0.201;3.553;10.621;319.0;1.0;52.1;48.16145;11.55717;509.0;NaN;0.0;3.9;111.7;12 / 21;501822;2018-11-09 17:45:59:871
-0.507;3.687;10.678;323.0;1.0;52.1;48.16145;11.55717;509.0;NaN;0.0;3.9;111.7;12 / 21;501922;2018-11-09 17:45:59:971
-0.392;3.591;10.908;316.0;1.0;52.1;48.16145;11.55717;509.0;NaN;0.0;3.9;111.7;12 / 21;502023;2018-11-09 17:46:00:072
-0.277;3.658;10.898;317.0;1.0;50.02;48.16145;11.55717;509.0;NaN;0.0;3.9;111.7;12 / 21;502121;2018-11-09 17:46:00:170
-0.383;3.505;10.85;309.0;1.0;50.02;48.16146;11.55711;509.4;NaN;0.0;4.0;111.7;12 / 21;502221;2018-11-09 17:46:00:270
-0.411;3.447;10.975;335.0;1.0;50.02;48.16146;11.55711;509.4;NaN;0.0;4.0;111.7;12 / 21;502321;2018-11-09 17:46:00:370
-0.095;3.112;10.582;321.0;1.0;50.59;48.16146;11.55711;509.4;NaN;0.0;4.0;111.7;12 / 21;502422;2018-11-09 17:46:00:471
-0.181;3.284;10.515;349.0;1.0;50.59;48.16146;11.55711;509.4;NaN;0.0;4.0;111.7;12 / 21;502522;2018-11-09 17:46:00:571
-0.21;3.208;10.86;349.0;1.0;50.59;48.16146;11.55711;509.4;NaN;0.0;4.0;111.7;12 / 21;502622;2018-11-09 17:46:00:671
-0.402;3.495;11.109;395.0;1.0;53.45;48.16146;11.55711;509.4;NaN;0.0;4.0;111.7;12 / 21;502722;2018-11-09 17:46:00:771
-0.172;3.256;10.764;443.0;1.0;53.45;48.16146;11.55711;509.4;NaN;0.0;4.0;111.7;12 / 21;502822;2018-11-09 17:46:00:871
-0.296;3.581;11.157;473.0;1.0;53.45;48.16146;11.55711;509.4;NaN;0.0;4.0;111.7;12 / 21;502922;2018-11-09 17:46:00:971
-0.411;3.524;11.023;494.0;1.0;49.51;48.16146;11.55711;509.4;NaN;0.0;4.0;111.7;12 / 21;503022;2018-11-09 17:46:01:071
-0.191;3.495;10.19;575.0;1.0;49.51;48.16146;11.55704;509.5;NaN;13.0;4.1;273.7;12 / 21;503121;2018-11-09 17:46:01:170
-0.392;3.658;10.63;686.0;1.0;49.51;48.16146;11.55704;509.5;NaN;13.0;4.1;273.7;12 / 21;503221;2018-11-09 17:46:01:270
-0.727;3.371;10.937;922.0;1.0;51.9;48.16146;11.55704;509.5;NaN;13.0;4.1;273.7;12 / 21;503321;2018-11-09 17:46:01:370
-1.024;3.189;10.975;1014.0;1.0;51.9;48.16146;11.55704;509.5;NaN;13.0;4.1;273.7;12 / 21;503421;2018-11-09 17:46:01:470
-0.852;3.342;10.391;1065.0;1.0;51.9;48.16146;11.55704;509.5;NaN;13.0;4.1;273.7;12 / 21;503522;2018-11-09 17:46:01:571
-0.775;3.725;11.186;1035.0;1.0;51.5;48.16146;11.55704;509.5;NaN;13.0;4.1;273.7;12 / 21;503622;2018-11-09 17:46:01:671
-0.785;3.61;10.123;978.0;1.0;51.5;48.16146;11.55704;509.5;NaN;13.0;4.1;273.7;12 / 21;503722;2018-11-09 17:46:01:771
-1.321;3.629;10.142;666.0;1.0;51.5;48.16146;11.55704;509.5;NaN;13.0;4.1;273.7;12 / 21;503822;2018-11-09 17:46:01:871
-1.666;3.284;10.027;600.0;1.0;51.5;48.16146;11.55704;509.5;NaN;13.0;4.1;273.7;12 / 21;503922;2018-11-09 17:46:01:971
-1.57;4.319;11.674;521.0;1.0;52.06;48.16146;11.55704;509.5;NaN;13.0;4.1;273.7;12 / 21;504022;2018-11-09 17:46:02:071
-1.091;3.926;10.601;475.0;1.0;52.06;48.16146;11.55695;509.4;NaN;14.5;4.1;274.0;12 / 21;504122;2018-11-09 17:46:02:171
-0.105;4.041;9.672;445.0;1.0;52.06;48.16146;11.55695;509.4;NaN;14.5;4.1;274.0;12 / 21;504222;2018-11-09 17:46:02:271
0.948;3.371;10.582;444.0;1.0;53.82;48.16146;11.55695;509.4;NaN;14.5;4.1;274.0;12 / 21;504321;2018-11-09 17:46:02:370
0.737;3.122;10.63;546.0;1.0;53.82;48.16146;11.55695;509.4;NaN;14.5;4.1;274.0;12 / 21;504421;2018-11-09 17:46:02:470
0.239;3.217;10.419;596.0;1.0;53.82;48.16146;11.55695;509.4;NaN;14.5;4.1;274.0;12 / 21;504521;2018-11-09 17:46:02:570
0.44;3.304;11.281;617.0;1.0;52.97;48.16146;11.55695;509.4;NaN;14.5;4.1;274.0;12 / 21;504621;2018-11-09 17:46:02:670
0.162;3.38;11.31;638.0;1.0;52.97;48.16146;11.55695;509.4;NaN;14.5;4.1;274.0;12 / 21;504721;2018-11-09 17:46:02:770
-0.277;3.754;10.601;645.0;1.0;52.97;48.16146;11.55695;509.4;NaN;14.5;4.1;274.0;12 / 21;504822;2018-11-09 17:46:02:871
0.201;3.83;9.912;584.0;1.0;55.65;48.16146;11.55695;509.4;NaN;14.5;4.1;274.0;12 / 21;504922;2018-11-09 17:46:02:971
0.44;3.524;10.075;589.0;1.0;55.65;48.16146;11.55695;509.4;NaN;14.5;4.1;274.0;12 / 21;505022;2018-11-09 17:46:03:071
0.44;3.658;10.266;601.0;1.0;55.65;48.16147;11.55687;508.4;NaN;15.7;4.2;274.8;12 / 21;505122;2018-11-09 17:46:03:171
0.143;3.945;10.745;614.0;1.0;51.56;48.16147;11.55687;508.4;NaN;15.7;4.2;274.8;12 / 21;505222;2018-11-09 17:46:03:271
0.22;3.84;10.084;577.0;1.0;51.56;48.16147;11.55687;508.4;NaN;15.7;4.2;274.8;12 / 21;505322;2018-11-09 17:46:03:371
0.067;3.639;10.707;561.0;1.0;51.56;48.16147;11.55687;508.4;NaN;15.7;4.2;274.8;12 / 21;505422;2018-11-09 17:46:03:471
0.421;3.926;10.372;578.0;1.0;55.23;48.16147;11.55687;508.4;NaN;15.7;4.2;274.8;12 / 21;505521;2018-11-09 17:46:03:570
0.718;3.352;10.419;594.0;1.0;55.23;48.16147;11.55687;508.4;NaN;15.7;4.2;274.8;12 / 21;505621;2018-11-09 17:46:03:670
0.833;3.524;10.151;594.0;1.0;55.23;48.16147;11.55687;508.4;NaN;15.7;4.2;274.8;12 / 21;505722;2018-11-09 17:46:03:771
0.296;4.012;11.061;588.0;1.0;50.69;48.16147;11.55687;508.4;NaN;15.7;4.2;274.8;12 / 21;505822;2018-11-09 17:46:03:871
-0.124;4.568;10.506;543.0;1.0;50.69;48.16147;11.55687;508.4;NaN;15.7;4.2;274.8;12 / 21;505922;2018-11-09 17:46:03:971
0.986;4.846;12.392;547.0;1.0;50.69;48.16147;11.55687;508.4;NaN;15.7;4.2;274.8;12 / 21;506022;2018-11-09 17:46:04:071
-0.612;5.19;9.376;647.0;1.0;55.07;48.16148;11.55679;508.5;NaN;16.3;4.3;274.6;12 / 21;506122;2018-11-09 17:46:04:171
-1.34;3.917;10.161;790.0;1.0;55.07;48.16148;11.55679;508.5;NaN;16.3;4.3;274.6;12 / 21;506222;2018-11-09 17:46:04:271
-1.245;4.319;10.391;856.0;1.0;55.07;48.16148;11.55679;508.5;NaN;16.3;4.3;274.6;12 / 21;506322;2018-11-09 17:46:04:371
-1.513;4.491;10.659;939.0;1.0;52.69;48.16148;11.55679;508.5;NaN;16.3;4.3;274.6;12 / 21;506422;2018-11-09 17:46:04:471
0.718;4.06;10.889;912.0;1.0;52.69;48.16148;11.55679;508.5;NaN;16.3;4.3;274.6;12 / 21;506522;2018-11-09 17:46:04:571
0.469;4.999;8.303;640.0;1.0;52.69;48.16148;11.55679;508.5;NaN;16.3;4.3;274.6;12 / 21;506622;2018-11-09 17:46:04:671
-0.794;6.004;6.589;363.0;1.0;57.3;48.16148;11.55679;508.5;NaN;16.3;4.3;274.6;12 / 21;506722;2018-11-09 17:46:04:771
-0.44;7.173;7.652;274.0;1.0;57.3;48.16148;11.55679;508.5;NaN;16.3;4.3;274.6;12 / 21;506822;2018-11-09 17:46:04:871
-0.067;5.813;10.276;250.0;1.0;57.3;48.16148;11.55679;508.5;NaN;16.3;4.3;274.6;12 / 21;506922;2018-11-09 17:46:04:971
-0.641;5.87;8.59;322.0;1.0;52.88;48.16148;11.55679;508.5;NaN;16.3;4.3;274.6;12 / 21;507022;2018-11-09 17:46:05:071
-0.842;6.071;8.447;341.0;1.0;52.88;48.16148;11.55669;507.5;NaN;17.3;4.4;274.4;12 / 21;507122;2018-11-09 17:46:05:171
-1.819;5.468;9.557;358.0;1.0;52.88;48.16148;11.55669;507.5;NaN;17.3;4.4;274.4;12 / 21;507222;2018-11-09 17:46:05:271
-0.919;6.043;9.203;356.0;1.0;57.82;48.16148;11.55669;507.5;NaN;17.3;4.4;274.4;12 / 21;507322;2018-11-09 17:46:05:371
-2.135;5.535;8.581;344.0;1.0;57.82;48.16148;11.55669;507.5;NaN;17.3;4.4;274.4;12 / 21;507422;2018-11-09 17:46:05:471
-1.992;5.2;8.753;333.0;1.0;57.82;48.16148;11.55669;507.5;NaN;17.3;4.4;274.4;12 / 21;507522;2018-11-09 17:46:05:571
-0.852;5.19;9.376;329.0;1.0;52.95;48.16148;11.55669;507.5;NaN;17.3;4.4;274.4;12 / 21;507621;2018-11-09 17:46:05:670
-0.948;5.411;8.293;344.0;1.0;52.95;48.16148;11.55669;507.5;NaN;17.3;4.4;274.4;12 / 21;507722;2018-11-09 17:46:05:771
-1.896;5.104;11.042;333.0;1.0;52.95;48.16148;11.55669;507.5;NaN;17.3;4.4;274.4;12 / 21;507822;2018-11-09 17:46:05:871
-1.618;4.903;9.73;334.0;1.0;57.57;48.16148;11.55669;507.5;NaN;17.3;4.4;274.4;12 / 21;507922;2018-11-09 17:46:05:971
-1.618;5.104;8.83;304.0;1.0;57.57;48.16148;11.55669;507.5;NaN;17.3;4.4;274.4;12 / 21;508021;2018-11-09 17:46:06:070
-1.953;4.98;9.356;302.0;1.0;57.57;48.16149;11.5566;506.1;NaN;18.2;4.6;274.4;12 / 21;508121;2018-11-09 17:46:06:170
-2.212;5.296;9.308;286.0;1.0;53.71;48.16149;11.5566;506.1;NaN;18.2;4.6;274.4;12 / 21;508221;2018-11-09 17:46:06:270
-2.03;5.344;8.581;298.0;1.0;53.71;48.16149;11.5566;506.1;NaN;18.2;4.6;274.4;12 / 21;508321;2018-11-09 17:46:06:370
-2.375;5.593;9.557;287.0;1.0;53.71;48.16149;11.5566;506.1;NaN;18.2;4.6;274.4;12 / 21;508421;2018-11-09 17:46:06:470
-2.47;5.391;9.012;281.0;1.0;55.99;48.16149;11.5566;506.1;NaN;18.2;4.6;274.4;12 / 21;508521;2018-11-09 17:46:06:570
-2.959;4.96;8.82;291.0;1.0;55.99;48.16149;11.5566;506.1;NaN;18.2;4.6;274.4;12 / 21;508622;2018-11-09 17:46:06:671
-2.068;5.679;8.332;322.0;1.0;55.99;48.16149;11.5566;506.1;NaN;18.2;4.6;274.4;12 / 21;508722;2018-11-09 17:46:06:771
-2.269;4.74;9.347;325.0;1.0;54.62;48.16149;11.5566;506.1;NaN;18.2;4.6;274.4;12 / 21;508822;2018-11-09 17:46:06:871
-2.288;3.744;10.065;279.0;1.0;54.62;48.16149;11.5566;506.1;NaN;18.2;4.6;274.4;12 / 21;508922;2018-11-09 17:46:06:971
-2.011;4.031;10.649;299.0;1.0;54.62;48.16149;11.5566;506.1;NaN;18.2;4.6;274.4;12 / 21;509021;2018-11-09 17:46:07:070
-1.666;4.146;10.372;340.0;1.0;54.29;48.1615;11.55648;502.7;NaN;19.4;4.6;274.3;12 / 21;509122;2018-11-09 17:46:07:171
-2.202;4.319;10.601;337.0;1.0;54.29;48.1615;11.55648;502.7;NaN;19.4;4.6;274.3;12 / 21;509222;2018-11-09 17:46:07:271
-1.723;4.137;9.682;346.0;1.0;54.29;48.1615;11.55648;502.7;NaN;19.4;4.6;274.3;12 / 21;509321;2018-11-09 17:46:07:370
-1.695;4.434;10.372;353.0;1.0;57.44;48.1615;11.55648;502.7;NaN;19.4;4.6;274.3;12 / 21;509421;2018-11-09 17:46:07:470
-1.857;4.462;9.337;342.0;1.0;57.44;48.1615;11.55648;502.7;NaN;19.4;4.6;274.3;12 / 21;509522;2018-11-09 17:46:07:571
-2.221;4.338;10.008;327.0;1.0;57.44;48.1615;11.55648;502.7;NaN;19.4;4.6;274.3;12 / 21;509622;2018-11-09 17:46:07:671
-1.953;4.951;9.874;308.0;1.0;58.01;48.1615;11.55648;502.7;NaN;19.4;4.6;274.3;12 / 21;509722;2018-11-09 17:46:07:771
-2.691;4.635;10.305;305.0;1.0;58.01;48.1615;11.55648;502.7;NaN;19.4;4.6;274.3;12 / 21;509821;2018-11-09 17:46:07:870
-3.093;4.51;9.529;284.0;1.0;58.01;48.1615;11.55648;502.7;NaN;19.4;4.6;274.3;12 / 21;509921;2018-11-09 17:46:07:970
-1.992;4.778;8.705;292.0;1.0;59.19;48.1615;11.55648;502.7;NaN;19.4;4.6;274.3;12 / 21;510021;2018-11-09 17:46:08:070
-1.81;4.041;11.301;300.0;1.0;59.19;48.16151;11.55638;502.2;NaN;19.9;4.7;273.7;12 / 21;510122;2018-11-09 17:46:08:171
-1.628;4.443;9.538;311.0;1.0;59.19;48.16151;11.55638;502.2;NaN;19.9;4.7;273.7;12 / 21;510222;2018-11-09 17:46:08:271
-1.79;4.549;9.452;328.0;1.0;56.87;48.16151;11.55638;502.2;NaN;19.9;4.7;273.7;12 / 21;510322;2018-11-09 17:46:08:371
-1.072;4.405;11.368;369.0;1.0;56.87;48.16151;11.55638;502.2;NaN;19.9;4.7;273.7;12 / 21;510422;2018-11-09 17:46:08:471
-0.881;5.152;9.088;396.0;1.0;56.87;48.16151;11.55638;502.2;NaN;19.9;4.7;273.7;12 / 21;510522;2018-11-09 17:46:08:571
-1.81;3.936;11.435;423.0;1.0;58.04;48.16151;11.55638;502.2;NaN;19.9;4.7;273.7;12 / 21;510622;2018-11-09 17:46:08:671
-1.005;4.367;10.927;479.0;1.0;58.04;48.16151;11.55638;502.2;NaN;19.9;4.7;273.7;12 / 21;510721;2018-11-09 17:46:08:770
-1.005;4.022;9.979;480.0;1.0;58.04;48.16151;11.55638;502.2;NaN;19.9;4.7;273.7;12 / 21;510821;2018-11-09 17:46:08:870
-1.963;3.802;10.257;491.0;1.0;58.83;48.16151;11.55638;502.2;NaN;19.9;4.7;273.7;12 / 21;510921;2018-11-09 17:46:08:970
-1.455;3.696;10.822;481.0;1.0;58.83;48.16151;11.55638;502.2;NaN;19.9;4.7;273.7;12 / 21;511022;2018-11-09 17:46:09:071
-1.091;4.865;9.931;502.0;1.0;58.83;48.16151;11.55628;501.6;NaN;20.6;4.9;273.2;12 / 21;511122;2018-11-09 17:46:09:171
-1.743;4.75;9.136;372.0;1.0;58.02;48.16151;11.55628;501.6;NaN;20.6;4.9;273.2;12 / 21;511221;2018-11-09 17:46:09:270
-1.532;4.884;8.743;327.0;1.0;58.02;48.16151;11.55628;501.6;NaN;20.6;4.9;273.2;12 / 21;511321;2018-11-09 17:46:09:370
-0.957;5.181;9.308;322.0;1.0;58.02;48.16151;11.55628;501.6;NaN;20.6;4.9;273.2;12 / 21;511423;2018-11-09 17:46:09:472
-0.632;5.411;8.427;327.0;1.0;58.18;48.16151;11.55628;501.6;NaN;20.6;4.9;273.2;12 / 21;511524;2018-11-09 17:46:09:573
-1.302;4.98;9.931;325.0;1.0;58.18;48.16151;11.55628;501.6;NaN;20.6;4.9;273.2;12 / 21;511621;2018-11-09 17:46:09:670
-1.532;4.826;10.132;343.0;1.0;58.18;48.16151;11.55628;501.6;NaN;20.6;4.9;273.2;12 / 21;511721;2018-11-09 17:46:09:770
-0.928;5.085;9.634;337.0;1.0;56.38;48.16151;11.55628;501.6;NaN;20.6;4.9;273.2;12 / 21;511821;2018-11-09 17:46:09:870
-0.095;5.095;9.625;321.0;1.0;56.38;48.16151;11.55628;501.6;NaN;20.6;4.9;273.2;12 / 21;511921;2018-11-09 17:46:09:970
-0.009;4.539;9.854;317.0;1.0;56.38;48.16151;11.55628;501.6;NaN;20.6;4.9;273.2;12 / 21;512021;2018-11-09 17:46:10:070
0.277;4.616;10.209;286.0;1.0;56.58;48.16151;11.55617;500.2;NaN;21.4;4.9;272.8;12 / 21;512122;2018-11-09 17:46:10:171
0.478;4.482;9.615;287.0;1.0;56.58;48.16151;11.55617;500.2;NaN;21.4;4.9;272.8;12 / 21;512222;2018-11-09 17:46:10:271
0.507;4.558;9.864;296.0;1.0;56.58;48.16151;11.55617;500.2;NaN;21.4;4.9;272.8;12 / 21;512322;2018-11-09 17:46:10:371
0.689;4.807;9.634;289.0;1.0;57.27;48.16151;11.55617;500.2;NaN;21.4;4.9;272.8;12 / 21;512422;2018-11-09 17:46:10:471
0.469;4.376;9.529;282.0;1.0;57.27;48.16151;11.55617;500.2;NaN;21.4;4.9;272.8;12 / 21;512522;2018-11-09 17:46:10:571
0.411;4.223;8.772;323.0;1.0;57.27;48.16151;11.55617;500.2;NaN;21.4;4.9;272.8;12 / 21;512622;2018-11-09 17:46:10:671
-0.66;4.319;10.237;355.0;1.0;57.36;48.16151;11.55617;500.2;NaN;21.4;4.9;272.8;12 / 21;512722;2018-11-09 17:46:10:771
-0.411;4.089;9.95;766.0;1.0;57.36;48.16151;11.55617;500.2;NaN;21.4;4.9;272.8;12 / 21;512821;2018-11-09 17:46:10:870
-0.143;4.051;11.186;802.0;1.0;57.36;48.16151;11.55617;500.2;NaN;21.4;4.9;272.8;12 / 21;512922;2018-11-09 17:46:10:971
-1.091;4.52;11.588;854.0;1.0;55.9;48.16151;11.55617;500.2;NaN;21.4;4.9;272.8;12 / 21;513022;2018-11-09 17:46:11:071
-1.369;4.3;12.038;848.0;1.0;55.9;48.16152;11.55606;499.5;NaN;22.1;5.0;272.7;11 / 21;513122;2018-11-09 17:46:11:171
-0.948;4.501;10.352;750.0;1.0;55.9;48.16152;11.55606;499.5;NaN;22.1;5.0;272.7;11 / 21;513221;2018-11-09 17:46:11:270
-0.517;4.357;9.682;580.0;1.0;57.87;48.16152;11.55606;499.5;NaN;22.1;5.0;272.7;11 / 21;513321;2018-11-09 17:46:11:370
-2.145;4.491;8.447;523.0;1.0;57.87;48.16152;11.55606;499.5;NaN;22.1;5.0;272.7;11 / 21;513422;2018-11-09 17:46:11:471
-1.982;3.802;12.44;484.0;1.0;57.87;48.16152;11.55606;499.5;NaN;22.1;5.0;272.7;11 / 21;513522;2018-11-09 17:46:11:571
-1.446;4.06;9.356;544.0;1.0;55.84;48.16152;11.55606;499.5;NaN;22.1;5.0;272.7;11 / 21;513621;2018-11-09 17:46:11:670
-0.622;5.066;9.902;457.0;1.0;55.84;48.16152;11.55606;499.5;NaN;22.1;5.0;272.7;11 / 21;513722;2018-11-09 17:46:11:771
-0.325;4.529;10.85;510.0;1.0;55.84;48.16152;11.55606;499.5;NaN;22.1;5.0;272.7;11 / 21;513822;2018-11-09 17:46:11:871
-0.249;4.213;10.151;528.0;1.0;55.86;48.16152;11.55606;499.5;NaN;22.1;5.0;272.7;11 / 21;513922;2018-11-09 17:46:11:971
0.076;4.022;9.538;496.0;1.0;55.86;48.16152;11.55606;499.5;NaN;22.1;5.0;272.7;11 / 21;514022;2018-11-09 17:46:12:071
-0.411;5.142;9.452;469.0;1.0;55.86;48.16152;11.55606;499.5;NaN;22.1;5.0;272.7;11 / 21;514122;2018-11-09 17:46:12:171
-1.024;3.993;11.358;456.0;1.0;55.41;48.16154;11.55592;499.5;NaN;23.2;5.1;273.7;10 / 21;514222;2018-11-09 17:46:12:271
-1.187;3.629;10.362;491.0;1.0;55.41;48.16154;11.55592;499.5;NaN;23.2;5.1;273.7;10 / 21;514322;2018-11-09 17:46:12:371
-1.139;3.505;11.099;483.0;1.0;55.41;48.16154;11.55592;499.5;NaN;23.2;5.1;273.7;10 / 21;514421;2018-11-09 17:46:12:470
-1.235;2.892;10.065;460.0;1.0;54.55;48.16154;11.55592;499.5;NaN;23.2;5.1;273.7;10 / 21;514522;2018-11-09 17:46:12:571
-1.101;3.782;11.454;436.0;1.0;54.55;48.16154;11.55592;499.5;NaN;23.2;5.1;273.7;10 / 21;514622;2018-11-09 17:46:12:671
-0.9;4.127;11.253;463.0;1.0;54.55;48.16154;11.55592;499.5;NaN;23.2;5.1;273.7;10 / 21;514722;2018-11-09 17:46:12:771
-1.206;3.888;10.352;466.0;1.0;57.91;48.16154;11.55592;499.5;NaN;23.2;5.1;273.7;10 / 21;514822;2018-11-09 17:46:12:871
-1.072;4.118;10.822;438.0;1.0;57.91;48.16154;11.55592;499.5;NaN;23.2;5.1;273.7;10 / 21;514922;2018-11-09 17:46:12:971
-1.57;4.156;10.18;449.0;1.0;57.91;48.16154;11.55592;499.5;NaN;23.2;5.1;273.7;10 / 21;515022;2018-11-09 17:46:13:071
-2.087;3.639;10.716;477.0;1.0;57.91;48.16154;11.55592;499.5;NaN;23.2;5.1;273.7;10 / 21;515122;2018-11-09 17:46:13:171
-1.177;4.166;10.333;479.0;1.0;53.33;48.16155;11.55582;499.6;NaN;23.7;5.2;274.2;10 / 21;515222;2018-11-09 17:46:13:271
-1.177;4.577;9.443;486.0;1.0;53.33;48.16155;11.55582;499.6;NaN;23.7;5.2;274.2;10 / 21;515322;2018-11-09 17:46:13:371
-1.455;4.625;10.372;486.0;1.0;53.33;48.16155;11.55582;499.6;NaN;23.7;5.2;274.2;10 / 21;515422;2018-11-09 17:46:13:471
-1.388;4.3;9.874;491.0;1.0;56.06;48.16155;11.55582;499.6;NaN;23.7;5.2;274.2;10 / 21;515522;2018-11-09 17:46:13:571
-1.206;4.778;9.921;508.0;1.0;56.06;48.16155;11.55582;499.6;NaN;23.7;5.2;274.2;10 / 21;515621;2018-11-09 17:46:13:670
-0.66;4.855;9.289;529.0;1.0;56.06;48.16155;11.55582;499.6;NaN;23.7;5.2;274.2;10 / 21;515721;2018-11-09 17:46:13:770
-1.072;4.683;10.285;522.0;1.0;53.02;48.16155;11.55582;499.6;NaN;23.7;5.2;274.2;10 / 21;515822;2018-11-09 17:46:13:871
-0.9;4.664;9.462;535.0;1.0;53.02;48.16155;11.55582;499.6;NaN;23.7;5.2;274.2;10 / 21;515921;2018-11-09 17:46:13:970
-1.168;4.903;10.4;530.0;1.0;53.02;48.16155;11.55582;499.6;NaN;23.7;5.2;274.2;10 / 21;516022;2018-11-09 17:46:14:071
-1.206;4.558;10.027;528.0;1.0;57.06;48.16157;11.5557;499.6;NaN;24.3;5.3;275.0;10 / 21;516122;2018-11-09 17:46:14:171
-1.245;4.453;10.209;524.0;1.0;57.06;48.16157;11.5557;499.6;NaN;24.3;5.3;275.0;10 / 21;516222;2018-11-09 17:46:14:271
-1.091;4.376;10.601;523.0;1.0;57.06;48.16157;11.5557;499.6;NaN;24.3;5.3;275.0;10 / 21;516321;2018-11-09 17:46:14:370
-0.957;4.462;10.161;527.0;1.0;54.58;48.16157;11.5557;499.6;NaN;24.3;5.3;275.0;10 / 21;516422;2018-11-09 17:46:14:471
-0.785;4.597;10.41;499.0;1.0;54.58;48.16157;11.5557;499.6;NaN;24.3;5.3;275.0;10 / 21;516521;2018-11-09 17:46:14:570
-0.708;4.625;9.941;476.0;1.0;54.58;48.16157;11.5557;499.6;NaN;24.3;5.3;275.0;10 / 21;516622;2018-11-09 17:46:14:671
-0.517;4.721;10.324;477.0;1.0;55.78;48.16157;11.5557;499.6;NaN;24.3;5.3;275.0;10 / 21;516721;2018-11-09 17:46:14:770
-0.871;4.654;10.314;436.0;1.0;55.78;48.16157;11.5557;499.6;NaN;24.3;5.3;275.0;10 / 21;516822;2018-11-09 17:46:14:871
-1.216;4.472;9.845;432.0;1.0;55.78;48.16157;11.5557;499.6;NaN;24.3;5.3;275.0;10 / 21;516921;2018-11-09 17:46:14:970
-0.919;4.549;9.893;438.0;1.0;54.58;48.16157;11.5557;499.6;NaN;24.3;5.3;275.0;10 / 21;517022;2018-11-09 17:46:15:071
-0.794;4.836;10.247;440.0;1.0;54.58;48.16157;11.55555;497.0;NaN;25.3;5.4;275.0;10 / 21;517122;2018-11-09 17:46:15:171
-0.603;4.711;9.941;462.0;1.0;54.58;48.16157;11.55555;497.0;NaN;25.3;5.4;275.0;10 / 21;517222;2018-11-09 17:46:15:271
-0.833;4.922;9.759;460.0;1.0;56.06;48.16157;11.55555;497.0;NaN;25.3;5.4;275.0;10 / 21;517322;2018-11-09 17:46:15:371
-0.861;4.874;9.883;440.0;1.0;56.06;48.16157;11.55555;497.0;NaN;25.3;5.4;275.0;10 / 21;517421;2018-11-09 17:46:15:470
-0.679;5.018;9.893;445.0;1.0;56.06;48.16157;11.55555;497.0;NaN;25.3;5.4;275.0;10 / 21;517522;2018-11-09 17:46:15:571
-0.89;4.759;9.96;436.0;1.0;55.65;48.16157;11.55555;497.0;NaN;25.3;5.4;275.0;10 / 21;517622;2018-11-09 17:46:15:671
-1.015;4.692;9.443;447.0;1.0;55.65;48.16157;11.55555;497.0;NaN;25.3;5.4;275.0;10 / 21;517721;2018-11-09 17:46:15:770
-0.766;5.028;10.017;448.0;1.0;55.65;48.16157;11.55555;497.0;NaN;25.3;5.4;275.0;10 / 21;517822;2018-11-09 17:46:15:871
-0.747;4.721;9.615;448.0;1.0;55.53;48.16157;11.55555;497.0;NaN;25.3;5.4;275.0;10 / 21;517922;2018-11-09 17:46:15:971
-0.727;4.798;10.199;439.0;1.0;55.53;48.16157;11.55555;497.0;NaN;25.3;5.4;275.0;10 / 21;518021;2018-11-09 17:46:16:070
-0.766;4.778;9.816;461.0;1.0;55.53;48.16156;11.55536;500.6;NaN;27.3;5.4;273.8;10 / 21;518121;2018-11-09 17:46:16:170
-0.871;4.817;10.4;468.0;1.0;56.71;48.16156;11.55536;500.6;NaN;27.3;5.4;273.8;10 / 21;518221;2018-11-09 17:46:16:270
-0.737;4.846;9.893;465.0;1.0;56.71;48.16156;11.55536;500.6;NaN;27.3;5.4;273.8;10 / 21;518321;2018-11-09 17:46:16:370
-0.957;4.616;10.247;467.0;1.0;56.71;48.16156;11.55536;500.6;NaN;27.3;5.4;273.8;10 / 21;518422;2018-11-09 17:46:16:471
-1.043;4.415;11.013;479.0;1.0;54.53;48.16156;11.55536;500.6;NaN;27.3;5.4;273.8;10 / 21;518522;2018-11-09 17:46:16:571
-0.852;4.568;10.027;457.0;1.0;54.53;48.16156;11.55536;500.6;NaN;27.3;5.4;273.8;10 / 21;518622;2018-11-09 17:46:16:671
-0.976;4.453;10.984;471.0;1.0;54.53;48.16156;11.55536;500.6;NaN;27.3;5.4;273.8;10 / 21;518722;2018-11-09 17:46:16:771
-0.785;4.261;9.864;501.0;1.0;56.93;48.16156;11.55536;500.6;NaN;27.3;5.4;273.8;10 / 21;518822;2018-11-09 17:46:16:871
-0.976;4.491;10.975;492.0;1.0;56.93;48.16156;11.55536;500.6;NaN;27.3;5.4;273.8;10 / 21;518922;2018-11-09 17:46:16:971
-0.833;4.242;10.046;487.0;1.0;56.93;48.16156;11.55536;500.6;NaN;27.3;5.4;273.8;10 / 21;519022;2018-11-09 17:46:17:071
-1.005;4.338;11.004;497.0;1.0;54.11;48.16155;11.55515;500.1;NaN;29.4;5.4;272.9;10 / 21;519131;2018-11-09 17:46:17:180
-1.024;4.041;9.941;493.0;1.0;54.11;48.16155;11.55515;500.1;NaN;29.4;5.4;272.9;10 / 21;519221;2018-11-09 17:46:17:270
-1.283;4.127;11.157;483.0;1.0;54.11;48.16155;11.55515;500.1;NaN;29.4;5.4;272.9;10 / 21;519321;2018-11-09 17:46:17:370
-0.938;4.271;9.73;495.0;1.0;53.77;48.16155;11.55515;500.1;NaN;29.4;5.4;272.9;10 / 21;519422;2018-11-09 17:46:17:471
-1.043;4.194;11.837;486.0;1.0;53.77;48.16155;11.55515;500.1;NaN;29.4;5.4;272.9;10 / 21;519521;2018-11-09 17:46:17:570
-0.593;4.089;10.295;500.0;1.0;53.77;48.16155;11.55515;500.1;NaN;29.4;5.4;272.9;10 / 21;519623;2018-11-09 17:46:17:672
-0.948;4.271;11.08;514.0;1.0;57.67;48.16155;11.55515;500.1;NaN;29.4;5.4;272.9;10 / 21;519721;2018-11-09 17:46:17:770
-1.005;3.974;10.056;502.0;1.0;57.67;48.16155;11.55515;500.1;NaN;29.4;5.4;272.9;10 / 21;519822;2018-11-09 17:46:17:871
-0.948;4.357;10.831;519.0;1.0;57.67;48.16155;11.55515;500.1;NaN;29.4;5.4;272.9;10 / 21;519922;2018-11-09 17:46:17:971
-0.89;4.242;10.228;501.0;1.0;53.19;48.16155;11.55515;500.1;NaN;29.4;5.4;272.9;10 / 21;520022;2018-11-09 17:46:18:071
-0.89;4.3;10.755;519.0;1.0;53.19;48.16153;11.55493;499.8;NaN;31.2;5.4;271.9;10 / 21;520122;2018-11-09 17:46:18:171
-0.976;4.166;10.305;504.0;1.0;53.19;48.16153;11.55493;499.8;NaN;31.2;5.4;271.9;9 / 21;520222;2018-11-09 17:46:18:271
-1.139;4.175;10.075;508.0;1.0;54.33;48.16153;11.55493;499.8;NaN;31.2;5.4;271.9;9 / 21;520322;2018-11-09 17:46:18:371
-1.12;4.156;10.132;497.0;1.0;54.33;48.16153;11.55493;499.8;NaN;31.2;5.4;271.9;9 / 21;520422;2018-11-09 17:46:18:471
-1.206;4.146;9.634;512.0;1.0;54.33;48.16153;11.55493;499.8;NaN;31.2;5.4;271.9;9 / 21;520521;2018-11-09 17:46:18:570
-1.235;4.012;11.636;497.0;1.0;55.34;48.16153;11.55493;499.8;NaN;31.2;5.4;271.9;9 / 21;520622;2018-11-09 17:46:18:671
-0.823;4.51;9.241;494.0;1.0;55.34;48.16153;11.55493;499.8;NaN;31.2;5.4;271.9;9 / 21;520722;2018-11-09 17:46:18:771
-1.245;4.252;10.199;504.0;1.0;55.34;48.16153;11.55493;499.8;NaN;31.2;5.4;271.9;9 / 21;520822;2018-11-09 17:46:18:871
-1.455;3.85;10.534;512.0;1.0;53.95;48.16153;11.55493;499.8;NaN;31.2;5.4;271.9;9 / 21;520922;2018-11-09 17:46:18:971
-0.842;4.434;10.573;507.0;1.0;53.95;48.16153;11.55493;499.8;NaN;31.2;5.4;271.9;9 / 21;521022;2018-11-09 17:46:19:071
-0.852;4.577;9.634;525.0;1.0;53.95;48.16153;11.55478;499.5;NaN;31.6;5.4;271.6;9 / 21;521121;2018-11-09 17:46:19:170
-1.465;3.945;11.08;526.0;1.0;52.99;48.16153;11.55478;499.5;NaN;31.6;5.4;271.6;9 / 21;521222;2018-11-09 17:46:19:271
-1.245;4.041;10.544;522.0;1.0;52.99;48.16153;11.55478;499.5;NaN;31.6;5.4;271.6;9 / 21;521322;2018-11-09 17:46:19:371
-0.881;4.462;9.395;540.0;1.0;52.99;48.16153;11.55478;499.5;NaN;31.6;5.4;271.6;9 / 21;521422;2018-11-09 17:46:19:471
-1.292;4.099;11.454;511.0;1.0;52.59;48.16153;11.55478;499.5;NaN;31.6;5.4;271.6;9 / 21;521522;2018-11-09 17:46:19:571
-0.928;4.185;10.123;536.0;1.0;52.59;48.16153;11.55478;499.5;NaN;31.6;5.4;271.6;9 / 21;521622;2018-11-09 17:46:19:671
-1.177;4.223;10.18;535.0;1.0;52.59;48.16153;11.55478;499.5;NaN;31.6;5.4;271.6;9 / 21;521722;2018-11-09 17:46:19:771
-1.312;4.3;11.626;525.0;1.0;55.86;48.16153;11.55478;499.5;NaN;31.6;5.4;271.6;9 / 21;521821;2018-11-09 17:46:19:870
-1.005;4.233;9.778;534.0;1.0;55.86;48.16153;11.55478;499.5;NaN;31.6;5.4;271.6;9 / 21;521922;2018-11-09 17:46:19:971
-1.216;4.462;10.573;527.0;1.0;55.86;48.16153;11.55478;499.5;NaN;31.6;5.4;271.6;9 / 21;522022;2018-11-09 17:46:20:071
-1.13;4.386;9.596;549.0;1.0;52.78;48.16154;11.55467;499.1;NaN;30.8;5.4;272.1;9 / 21;522121;2018-11-09 17:46:20:170
-1.072;4.587;10.927;551.0;1.0;52.78;48.16154;11.55467;499.1;NaN;30.8;5.4;272.1;9 / 21;522222;2018-11-09 17:46:20:271
-0.976;4.549;9.443;539.0;1.0;52.78;48.16154;11.55467;499.1;NaN;30.8;5.4;272.1;9 / 21;522322;2018-11-09 17:46:20:371
-1.168;4.673;10.19;533.0;1.0;51.52;48.16154;11.55467;499.1;NaN;30.8;5.4;272.1;9 / 21;522421;2018-11-09 17:46:20:470
-1.13;4.539;10.036;529.0;1.0;51.52;48.16154;11.55467;499.1;NaN;30.8;5.4;272.1;9 / 21;522521;2018-11-09 17:46:20:570
-1.13;4.836;10.803;515.0;1.0;51.52;48.16154;11.55467;499.1;NaN;30.8;5.4;272.1;9 / 21;522621;2018-11-09 17:46:20:670
-1.177;4.635;9.088;522.0;1.0;50.72;48.16154;11.55467;499.1;NaN;30.8;5.4;272.1;9 / 21;522721;2018-11-09 17:46:20:770
-1.407;4.74;10.525;531.0;1.0;50.72;48.16154;11.55467;499.1;NaN;30.8;5.4;272.1;9 / 21;522822;2018-11-09 17:46:20:871
-1.177;4.472;9.557;536.0;1.0;50.72;48.16154;11.55467;499.1;NaN;30.8;5.4;272.1;9 / 21;522922;2018-11-09 17:46:20:971
-1.34;4.664;10.764;537.0;1.0;51.13;48.16154;11.55467;499.1;NaN;30.8;5.4;272.1;9 / 21;523022;2018-11-09 17:46:21:071
-1.139;4.549;9.998;533.0;1.0;51.13;48.16156;11.55453;499.0;NaN;30.7;5.4;272.6;9 / 21;523121;2018-11-09 17:46:21:170
-1.197;4.692;9.596;538.0;1.0;51.13;48.16156;11.55453;499.0;NaN;30.7;5.4;272.6;9 / 20;523221;2018-11-09 17:46:21:270
-1.158;4.778;9.921;533.0;1.0;51.24;48.16156;11.55453;499.0;NaN;30.7;5.4;272.6;9 / 20;523321;2018-11-09 17:46:21:370
-0.948;5.104;9.328;555.0;1.0;51.24;48.16156;11.55453;499.0;NaN;30.7;5.4;272.6;9 / 20;523421;2018-11-09 17:46:21:470
-1.398;4.692;9.443;545.0;1.0;51.24;48.16156;11.55453;499.0;NaN;30.7;5.4;272.6;9 / 20;523522;2018-11-09 17:46:21:571
-1.474;4.807;10.362;537.0;1.0;51.24;48.16156;11.55453;499.0;NaN;30.7;5.4;272.6;9 / 20;523622;2018-11-09 17:46:21:671
-1.034;4.711;9.337;540.0;1.0;50.08;48.16156;11.55453;499.0;NaN;30.7;5.4;272.6;9 / 20;523722;2018-11-09 17:46:21:771
-1.407;4.491;10.774;568.0;1.0;50.08;48.16156;11.55453;499.0;NaN;30.7;5.4;272.6;9 / 20;523822;2018-11-09 17:46:21:871
-0.335;5.535;9.73;551.0;1.0;50.08;48.16156;11.55453;499.0;NaN;30.7;5.4;272.6;9 / 20;523922;2018-11-09 17:46:21:971
-1.34;4.692;9.701;536.0;1.0;49.63;48.16156;11.55453;499.0;NaN;30.7;5.4;272.6;9 / 20;524022;2018-11-09 17:46:22:071
-1.57;4.558;10.439;554.0;1.0;49.63;48.16157;11.5544;498.9;NaN;30.1;5.3;272.9;9 / 20;524122;2018-11-09 17:46:22:171
-0.909;5.133;9.625;563.0;1.0;49.63;48.16157;11.5544;498.9;NaN;30.1;5.3;272.9;9 / 20;524222;2018-11-09 17:46:22:271
-0.727;5.2;9.519;555.0;1.0;48.82;48.16157;11.5544;498.9;NaN;30.1;5.3;272.9;9 / 20;524322;2018-11-09 17:46:22:371
-1.091;4.769;8.83;575.0;1.0;48.82;48.16157;11.5544;498.9;NaN;30.1;5.3;272.9;9 / 20;524422;2018-11-09 17:46:22:471
-1.312;4.673;10.477;573.0;1.0;48.82;48.16157;11.5544;498.9;NaN;30.1;5.3;272.9;9 / 20;524522;2018-11-09 17:46:22:571
-1.082;4.721;9.672;571.0;1.0;48.93;48.16157;11.5544;498.9;NaN;30.1;5.3;272.9;9 / 20;524621;2018-11-09 17:46:22:670
-1.091;4.74;10.697;559.0;1.0;48.93;48.16157;11.5544;498.9;NaN;30.1;5.3;272.9;9 / 20;524722;2018-11-09 17:46:22:771
-0.536;4.817;9.778;595.0;1.0;48.93;48.16157;11.5544;498.9;NaN;30.1;5.3;272.9;9 / 20;524822;2018-11-09 17:46:22:871
-0.986;4.989;10.19;584.0;1.0;47.53;48.16157;11.5544;498.9;NaN;30.1;5.3;272.9;9 / 20;524921;2018-11-09 17:46:22:970
-0.938;4.415;9.433;604.0;1.0;47.53;48.16157;11.5544;498.9;NaN;30.1;5.3;272.9;9 / 20;525021;2018-11-09 17:46:23:070
-1.082;4.683;10.908;605.0;1.0;47.53;48.16159;11.55426;499.0;NaN;29.5;5.3;273.2;9 / 20;525122;2018-11-09 17:46:23:171
-0.967;4.376;10.582;607.0;1.0;48.91;48.16159;11.55426;499.0;NaN;29.5;5.3;273.2;9 / 20;525222;2018-11-09 17:46:23:271
-1.082;4.051;10.161;599.0;1.0;48.91;48.16159;11.55426;499.0;NaN;29.5;5.3;273.2;9 / 20;525322;2018-11-09 17:46:23:371
-0.794;4.175;10.467;600.0;1.0;48.91;48.16159;11.55426;499.0;NaN;29.5;5.3;273.2;9 / 20;525422;2018-11-09 17:46:23:471
-0.603;4.204;10.362;577.0;1.0;50.84;48.16159;11.55426;499.0;NaN;29.5;5.3;273.2;9 / 20;525522;2018-11-09 17:46:23:571
-0.89;4.28;10.879;600.0;1.0;50.84;48.16159;11.55426;499.0;NaN;29.5;5.3;273.2;9 / 20;525622;2018-11-09 17:46:23:671
0.076;4.309;8.964;584.0;1.0;50.84;48.16159;11.55426;499.0;NaN;29.5;5.3;273.2;9 / 20;525721;2018-11-09 17:46:23:770
-0.957;4.472;11.329;570.0;1.0;51.88;48.16159;11.55426;499.0;NaN;29.5;5.3;273.2;9 / 20;525822;2018-11-09 17:46:23:871
-0.833;4.386;10.19;568.0;1.0;51.88;48.16159;11.55426;499.0;NaN;29.5;5.3;273.2;9 / 20;525922;2018-11-09 17:46:23:971
-1.532;4.127;10.419;631.0;1.0;51.88;48.16159;11.55426;499.0;NaN;29.5;5.3;273.2;9 / 20;526022;2018-11-09 17:46:24:071
-1.321;3.917;10.075;575.0;1.0;54.98;48.16161;11.55413;499.2;NaN;28.9;5.3;272.7;9 / 20;526122;2018-11-09 17:46:24:171
-1.024;4.252;10.486;592.0;1.0;54.98;48.16161;11.55413;499.2;NaN;28.9;5.3;272.7;9 / 20;526221;2018-11-09 17:46:24:270
-0.584;3.993;10.745;600.0;1.0;54.98;48.16161;11.55413;499.2;NaN;28.9;5.3;272.7;9 / 20;526322;2018-11-09 17:46:24:371
-0.536;4.099;10.707;581.0;1.0;53.02;48.16161;11.55413;499.2;NaN;28.9;5.3;272.7;9 / 20;526422;2018-11-09 17:46:24:471
-0.785;4.482;10.477;589.0;1.0;53.02;48.16161;11.55413;499.2;NaN;28.9;5.3;272.7;9 / 20;526522;2018-11-09 17:46:24:571
-0.823;5.334;10.056;592.0;1.0;53.02;48.16161;11.55413;499.2;NaN;28.9;5.3;272.7;9 / 20;526622;2018-11-09 17:46:24:671
-0.842;5.047;9.845;599.0;1.0;52.18;48.16161;11.55413;499.2;NaN;28.9;5.3;272.7;9 / 20;526722;2018-11-09 17:46:24:771
-0.804;5.449;9.385;588.0;1.0;52.18;48.16161;11.55413;499.2;NaN;28.9;5.3;272.7;9 / 20;526822;2018-11-09 17:46:24:871
-1.024;5.229;8.964;620.0;1.0;52.18;48.16161;11.55413;499.2;NaN;28.9;5.3;272.7;9 / 20;526922;2018-11-09 17:46:24:971
-1.522;5.028;10.764;644.0;1.0;47.46;48.16161;11.55413;499.2;NaN;28.9;5.3;272.7;9 / 20;527021;2018-11-09 17:46:25:070
-1.149;4.836;9.366;645.0;1.0;47.46;48.16161;11.55413;499.2;NaN;28.9;5.3;272.7;9 / 20;527121;2018-11-09 17:46:25:170
-0.938;5.162;9.998;619.0;1.0;47.46;48.16161;11.55399;499.2;NaN;28.9;5.3;272.6;9 / 20;527221;2018-11-09 17:46:25:270
-0.421;5.439;9.184;597.0;1.0;49.97;48.16161;11.55399;499.2;NaN;28.9;5.3;272.6;9 / 20;527321;2018-11-09 17:46:25:370
-0.852;5.229;9.826;587.0;1.0;49.97;48.16161;11.55399;499.2;NaN;28.9;5.3;272.6;9 / 20;527422;2018-11-09 17:46:25:471
-0.9;5.458;9.174;621.0;1.0;49.97;48.16161;11.55399;499.2;NaN;28.9;5.3;272.6;9 / 20;527522;2018-11-09 17:46:25:571
-1.34;5.095;9.874;602.0;1.0;45.81;48.16161;11.55399;499.2;NaN;28.9;5.3;272.6;9 / 20;527622;2018-11-09 17:46:25:671
-0.976;4.951;9.308;616.0;1.0;45.81;48.16161;11.55399;499.2;NaN;28.9;5.3;272.6;9 / 20;527721;2018-11-09 17:46:25:770
-0.823;5.133;9.835;601.0;1.0;45.81;48.16161;11.55399;499.2;NaN;28.9;5.3;272.6;9 / 20;527821;2018-11-09 17:46:25:870
-0.928;4.97;9.778;587.0;1.0;41.5;48.16161;11.55399;499.2;NaN;28.9;5.3;272.6;9 / 20;527922;2018-11-09 17:46:25:971
-0.66;4.903;9.759;575.0;1.0;41.5;48.16161;11.55399;499.2;NaN;28.9;5.3;272.6;9 / 20;528022;2018-11-09 17:46:26:071
-0.861;4.74;9.941;576.0;1.0;41.5;48.16159;11.55384;499.6;NaN;29.0;5.2;272.0;9 / 20;528122;2018-11-09 17:46:26:171
-0.89;4.616;9.692;556.0;1.0;47.48;48.16159;11.55384;499.6;NaN;29.0;5.2;272.0;9 / 20;528222;2018-11-09 17:46:26:271
-0.871;4.826;9.931;551.0;1.0;47.48;48.16159;11.55384;499.6;NaN;29.0;5.2;272.0;9 / 20;528322;2018-11-09 17:46:26:371
-0.9;4.635;9.845;545.0;1.0;47.48;48.16159;11.55384;499.6;NaN;29.0;5.2;272.0;9 / 20;528422;2018-11-09 17:46:26:471
-0.833;4.788;10.18;542.0;1.0;41.65;48.16159;11.55384;499.6;NaN;29.0;5.2;272.0;9 / 20;528522;2018-11-09 17:46:26:571
-0.766;4.855;9.95;557.0;1.0;41.65;48.16159;11.55384;499.6;NaN;29.0;5.2;272.0;9 / 20;528622;2018-11-09 17:46:26:671
-1.072;4.51;10.228;549.0;1.0;41.65;48.16159;11.55384;499.6;NaN;29.0;5.2;272.0;9 / 20;528722;2018-11-09 17:46:26:771
-1.235;4.338;10.228;554.0;1.0;43.27;48.16159;11.55384;499.6;NaN;29.0;5.2;272.0;9 / 20;528822;2018-11-09 17:46:26:871
-1.12;4.453;10.486;543.0;1.0;43.27;48.16159;11.55384;499.6;NaN;29.0;5.2;272.0;9 / 20;528922;2018-11-09 17:46:26:971
-0.842;4.711;9.921;536.0;1.0;43.27;48.16159;11.55384;499.6;NaN;29.0;5.2;272.0;9 / 20;529022;2018-11-09 17:46:27:071
-0.948;4.539;10.228;522.0;1.0;42.32;48.16158;11.55368;500.5;NaN;29.3;5.2;271.8;9 / 20;529122;2018-11-09 17:46:27:171
-0.9;4.539;9.96;533.0;1.0;42.32;48.16158;11.55368;500.5;NaN;29.3;5.2;271.8;9 / 20;529223;2018-11-09 17:46:27:272
-1.063;4.348;10.458;537.0;1.0;42.32;48.16158;11.55368;500.5;NaN;29.3;5.2;271.8;9 / 20;529322;2018-11-09 17:46:27:371
-1.053;4.51;10.132;536.0;1.0;42.13;48.16158;11.55368;500.5;NaN;29.3;5.2;271.8;9 / 20;529421;2018-11-09 17:46:27:470
-1.072;4.328;10.218;528.0;1.0;42.13;48.16158;11.55368;500.5;NaN;29.3;5.2;271.8;9 / 20;529521;2018-11-09 17:46:27:570
-0.871;4.549;10.151;537.0;1.0;42.13;48.16158;11.55368;500.5;NaN;29.3;5.2;271.8;9 / 20;529621;2018-11-09 17:46:27:670
-0.9;4.491;10.554;543.0;1.0;44.15;48.16158;11.55368;500.5;NaN;29.3;5.2;271.8;9 / 20;529721;2018-11-09 17:46:27:770
-0.66;4.635;10.199;543.0;1.0;44.15;48.16158;11.55368;500.5;NaN;29.3;5.2;271.8;9 / 20;529821;2018-11-09 17:46:27:870
-0.833;4.52;10.362;530.0;1.0;44.15;48.16158;11.55368;500.5;NaN;29.3;5.2;271.8;9 / 20;529922;2018-11-09 17:46:27:971
-0.833;4.568;9.979;547.0;1.0;51.71;48.16158;11.55368;500.5;NaN;29.3;5.2;271.8;9 / 20;530022;2018-11-09 17:46:28:071
-0.986;4.328;10.467;541.0;1.0;51.71;48.16158;11.55354;501.2;NaN;29.4;5.2;271.6;9 / 20;530122;2018-11-09 17:46:28:171
-0.928;4.558;10.161;520.0;1.0;51.71;48.16158;11.55354;501.2;NaN;29.4;5.2;271.6;8 / 20;530223;2018-11-09 17:46:28:272
-0.727;4.577;10.707;535.0;1.0;43.34;48.16158;11.55354;501.2;NaN;29.4;5.2;271.6;8 / 20;530322;2018-11-09 17:46:28:371
-0.67;4.644;10.036;535.0;1.0;43.34;48.16158;11.55354;501.2;NaN;29.4;5.2;271.6;8 / 20;530422;2018-11-09 17:46:28:471
-1.494;4.06;10.87;536.0;1.0;43.34;48.16158;11.55354;501.2;NaN;29.4;5.2;271.6;8 / 20;530522;2018-11-09 17:46:28:571
-0.881;4.644;10.477;549.0;1.0;46.12;48.16158;11.55354;501.2;NaN;29.4;5.2;271.6;8 / 20;530622;2018-11-09 17:46:28:671
-0.67;4.769;10.266;506.0;1.0;46.12;48.16158;11.55354;501.2;NaN;29.4;5.2;271.6;8 / 20;530722;2018-11-09 17:46:28:771
-0.871;4.654;9.644;493.0;1.0;46.12;48.16158;11.55354;501.2;NaN;29.4;5.2;271.6;8 / 20;530822;2018-11-09 17:46:28:871
-1.005;5.047;9.749;535.0;1.0;43.63;48.16158;11.55354;501.2;NaN;29.4;5.2;271.6;8 / 20;530922;2018-11-09 17:46:28:971
-0.565;5.008;9.414;554.0;1.0;43.63;48.16158;11.55354;501.2;NaN;29.4;5.2;271.6;8 / 20;531022;2018-11-09 17:46:29:071
-0.373;4.702;9.759;598.0;1.0;43.63;48.16157;11.55344;501.2;NaN;29.1;5.2;271.0;8 / 20;531122;2018-11-09 17:46:29:171
-0.44;4.96;10.343;614.0;1.0;44.55;48.16157;11.55344;501.2;NaN;29.1;5.2;271.0;8 / 20;531221;2018-11-09 17:46:29:270
-0.584;4.74;9.682;591.0;1.0;44.55;48.16157;11.55344;501.2;NaN;29.1;5.2;271.0;8 / 20;531321;2018-11-09 17:46:29:370
-0.766;4.644;10.391;591.0;1.0;44.55;48.16157;11.55344;501.2;NaN;29.1;5.2;271.0;8 / 20;531422;2018-11-09 17:46:29:471
-0.277;4.807;9.845;590.0;1.0;39.91;48.16157;11.55344;501.2;NaN;29.1;5.2;271.0;8 / 20;531521;2018-11-09 17:46:29:570
-0.641;4.721;10.506;581.0;1.0;39.91;48.16157;11.55344;501.2;NaN;29.1;5.2;271.0;8 / 20;531622;2018-11-09 17:46:29:671
-0.536;4.798;9.854;591.0;1.0;39.91;48.16157;11.55344;501.2;NaN;29.1;5.2;271.0;8 / 20;531722;2018-11-09 17:46:29:771
-0.737;4.893;9.816;592.0;1.0;43.42;48.16157;11.55344;501.2;NaN;29.1;5.2;271.0;8 / 20;531822;2018-11-09 17:46:29:871
-0.66;5.047;9.95;610.0;1.0;43.42;48.16157;11.55344;501.2;NaN;29.1;5.2;271.0;8 / 20;531922;2018-11-09 17:46:29:971
-0.651;4.951;9.816;612.0;1.0;43.42;48.16157;11.55344;501.2;NaN;29.1;5.2;271.0;8 / 20;532022;2018-11-09 17:46:30:071
-0.909;4.855;10.084;607.0;1.0;43.42;48.16154;11.55335;501.7;NaN;28.2;5.2;269.0;8 / 20;532122;2018-11-09 17:46:30:171
-0.785;4.711;10.17;624.0;1.0;43.89;48.16154;11.55335;501.7;NaN;28.2;5.2;269.0;8 / 20;532221;2018-11-09 17:46:30:270
-0.593;5.066;9.548;607.0;1.0;43.89;48.16154;11.55335;501.7;NaN;28.2;5.2;269.0;8 / 20;532322;2018-11-09 17:46:30:371
-0.612;4.826;10.276;586.0;1.0;43.89;48.16154;11.55335;501.7;NaN;28.2;5.2;269.0;8 / 20;532422;2018-11-09 17:46:30:471
-0.775;4.501;10.419;566.0;1.0;41.74;48.16154;11.55335;501.7;NaN;28.2;5.2;269.0;8 / 20;532522;2018-11-09 17:46:30:571
0.277;4.491;10.017;564.0;1.0;41.74;48.16154;11.55335;501.7;NaN;28.2;5.2;269.0;8 / 20;532622;2018-11-09 17:46:30:671
-0.478;4.673;9.433;559.0;1.0;41.74;48.16154;11.55335;501.7;NaN;28.2;5.2;269.0;8 / 20;532722;2018-11-09 17:46:30:771
-1.168;4.51;10.247;662.0;1.0;42.42;48.16154;11.55335;501.7;NaN;28.2;5.2;269.0;8 / 20;532822;2018-11-09 17:46:30:871
-0.708;4.549;10.324;732.0;1.0;42.42;48.16154;11.55335;501.7;NaN;28.2;5.2;269.0;8 / 20;532922;2018-11-09 17:46:30:971
0.0;4.539;10.659;781.0;1.0;42.42;48.16154;11.55335;501.7;NaN;28.2;5.2;269.0;8 / 20;533021;2018-11-09 17:46:31:070
-0.019;4.597;10.209;821.0;1.0;42.96;48.16152;11.55325;501.8;NaN;27.8;5.2;267.6;8 / 20;533123;2018-11-09 17:46:31:172
-1.034;4.51;10.324;926.0;1.0;42.96;48.16152;11.55325;501.8;NaN;27.8;5.2;267.6;9 / 20;533221;2018-11-09 17:46:31:270
-2.212;2.93;9.835;1057.0;1.0;42.96;48.16152;11.55325;501.8;NaN;27.8;5.2;267.6;9 / 20;533322;2018-11-09 17:46:31:371
-0.411;3.744;9.605;1059.0;1.0;43.43;48.16152;11.55325;501.8;NaN;27.8;5.2;267.6;9 / 20;533423;2018-11-09 17:46:31:472
0.814;4.654;10.036;974.0;1.0;43.43;48.16152;11.55325;501.8;NaN;27.8;5.2;267.6;9 / 20;533522;2018-11-09 17:46:31:571
-0.172;4.587;9.356;921.0;1.0;43.43;48.16152;11.55325;501.8;NaN;27.8;5.2;267.6;9 / 20;533622;2018-11-09 17:46:31:671
-2.078;3.17;10.017;903.0;1.0;46.21;48.16152;11.55325;501.8;NaN;27.8;5.2;267.6;9 / 20;533722;2018-11-09 17:46:31:771
-1.35;4.453;12.0;870.0;1.0;46.21;48.16152;11.55325;501.8;NaN;27.8;5.2;267.6;9 / 20;533821;2018-11-09 17:46:31:870
0.277;4.338;8.887;771.0;1.0;46.21;48.16152;11.55325;501.8;NaN;27.8;5.2;267.6;9 / 20;533922;2018-11-09 17:46:31:971
-0.948;4.482;10.946;748.0;1.0;43.91;48.16152;11.55325;501.8;NaN;27.8;5.2;267.6;9 / 20;534021;2018-11-09 17:46:32:070
-1.532;3.936;10.333;786.0;1.0;43.91;48.16149;11.55318;502.1;NaN;26.9;5.1;266.0;9 / 20;534122;2018-11-09 17:46:32:171
-1.264;3.926;9.95;784.0;1.0;43.91;48.16149;11.55318;502.1;NaN;26.9;5.1;266.0;10 / 20;534222;2018-11-09 17:46:32:271
-1.005;4.242;10.582;788.0;1.0;43.5;48.16149;11.55318;502.1;NaN;26.9;5.1;266.0;10 / 20;534322;2018-11-09 17:46:32:371
-0.593;4.529;11.147;739.0;1.0;43.5;48.16149;11.55318;502.1;NaN;26.9;5.1;266.0;10 / 20;534422;2018-11-09 17:46:32:471
-0.948;4.376;10.429;742.0;1.0;43.5;48.16149;11.55318;502.1;NaN;26.9;5.1;266.0;10 / 20;534522;2018-11-09 17:46:32:571
-1.321;4.185;10.237;755.0;1.0;43.9;48.16149;11.55318;502.1;NaN;26.9;5.1;266.0;10 / 20;534622;2018-11-09 17:46:32:671
-1.819;3.61;10.113;782.0;1.0;43.9;48.16149;11.55318;502.1;NaN;26.9;5.1;266.0;10 / 20;534722;2018-11-09 17:46:32:771
-0.967;4.434;10.937;787.0;1.0;43.9;48.16149;11.55318;502.1;NaN;26.9;5.1;266.0;10 / 20;534822;2018-11-09 17:46:32:871
-0.574;4.941;9.308;767.0;1.0;42.21;48.16149;11.55318;502.1;NaN;26.9;5.1;266.0;10 / 20;534922;2018-11-09 17:46:32:971
-1.666;3.869;10.745;799.0;1.0;42.21;48.16149;11.55318;502.1;NaN;26.9;5.1;266.0;10 / 20;535022;2018-11-09 17:46:33:071
-1.225;4.242;10.123;833.0;1.0;42.21;48.16148;11.55309;502.3;NaN;26.4;5.1;265.1;10 / 20;535121;2018-11-09 17:46:33:170
-1.005;4.721;9.874;845.0;1.0;54.8;48.16148;11.55309;502.3;NaN;26.4;5.1;265.1;9 / 20;535221;2018-11-09 17:46:33:270
-1.034;4.443;10.046;840.0;1.0;54.8;48.16148;11.55309;502.3;NaN;26.4;5.1;265.1;9 / 20;535321;2018-11-09 17:46:33:370
-1.302;4.328;10.285;852.0;1.0;54.8;48.16148;11.55309;502.3;NaN;26.4;5.1;265.1;9 / 20;535423;2018-11-09 17:46:33:472
-1.091;4.348;10.19;854.0;1.0;47.16;48.16148;11.55309;502.3;NaN;26.4;5.1;265.1;9 / 20;535521;2018-11-09 17:46:33:570
-1.043;4.453;10.544;854.0;1.0;47.16;48.16148;11.55309;502.3;NaN;26.4;5.1;265.1;9 / 20;535621;2018-11-09 17:46:33:670
-0.842;4.415;10.008;857.0;1.0;47.16;48.16148;11.55309;502.3;NaN;26.4;5.1;265.1;9 / 20;535721;2018-11-09 17:46:33:770
-0.976;4.29;10.324;854.0;1.0;48.06;48.16148;11.55309;502.3;NaN;26.4;5.1;265.1;9 / 20;535821;2018-11-09 17:46:33:870
-1.043;4.29;10.113;857.0;1.0;48.06;48.16148;11.55309;502.3;NaN;26.4;5.1;265.1;9 / 20;535922;2018-11-09 17:46:33:971
-0.967;4.252;10.554;847.0;1.0;48.06;48.16148;11.55309;502.3;NaN;26.4;5.1;265.1;9 / 20;536021;2018-11-09 17:46:34:070
-0.833;4.376;10.218;841.0;1.0;45.63;48.16147;11.55303;502.0;NaN;25.4;5.1;264.9;9 / 20;536122;2018-11-09 17:46:34:171
-1.024;4.415;10.812;866.0;1.0;45.63;48.16147;11.55303;502.0;NaN;25.4;5.1;264.9;9 / 20;536221;2018-11-09 17:46:34:270
-0.976;4.252;10.525;865.0;1.0;45.63;48.16147;11.55303;502.0;NaN;25.4;5.1;264.9;9 / 20;536321;2018-11-09 17:46:34:370
-1.005;4.252;10.228;856.0;1.0;44.3;48.16147;11.55303;502.0;NaN;25.4;5.1;264.9;9 / 20;536422;2018-11-09 17:46:34:471
-1.015;4.376;10.17;855.0;1.0;44.3;48.16147;11.55303;502.0;NaN;25.4;5.1;264.9;9 / 20;536522;2018-11-09 17:46:34:571
-0.967;4.29;10.132;853.0;1.0;44.3;48.16147;11.55303;502.0;NaN;25.4;5.1;264.9;9 / 20;536622;2018-11-09 17:46:34:671
-0.986;4.434;10.257;861.0;1.0;46.33;48.16147;11.55303;502.0;NaN;25.4;5.1;264.9;9 / 20;536722;2018-11-09 17:46:34:771
-0.948;4.376;10.592;835.0;1.0;46.33;48.16147;11.55303;502.0;NaN;25.4;5.1;264.9;9 / 20;536822;2018-11-09 17:46:34:871
-0.881;4.319;10.084;854.0;1.0;46.33;48.16147;11.55303;502.0;NaN;25.4;5.1;264.9;9 / 20;536922;2018-11-09 17:46:34:971
-0.996;4.367;10.525;841.0;1.0;46.78;48.16147;11.55303;502.0;NaN;25.4;5.1;264.9;9 / 20;537021;2018-11-09 17:46:35:070
-0.794;4.386;10.285;835.0;1.0;46.78;48.16147;11.55299;501.6;NaN;23.8;5.1;265.8;9 / 20;537124;2018-11-09 17:46:35:173
-0.948;4.319;10.419;837.0;1.0;46.78;48.16147;11.55299;501.6;NaN;23.8;5.1;265.8;9 / 20;537222;2018-11-09 17:46:35:271
-0.775;4.415;10.496;825.0;1.0;43.85;48.16147;11.55299;501.6;NaN;23.8;5.1;265.8;9 / 20;537322;2018-11-09 17:46:35:371
-0.919;4.271;10.305;835.0;1.0;43.85;48.16147;11.55299;501.6;NaN;23.8;5.1;265.8;9 / 20;537424;2018-11-09 17:46:35:473
-0.909;4.434;10.439;842.0;1.0;43.85;48.16147;11.55299;501.6;NaN;23.8;5.1;265.8;9 / 20;537522;2018-11-09 17:46:35:571
-0.986;4.233;10.4;836.0;1.0;52.01;48.16147;11.55299;501.6;NaN;23.8;5.1;265.8;9 / 20;537622;2018-11-09 17:46:35:671
-1.264;4.252;10.515;839.0;1.0;52.01;48.16147;11.55299;501.6;NaN;23.8;5.1;265.8;9 / 20;537722;2018-11-09 17:46:35:771
-1.091;4.319;10.017;844.0;1.0;52.01;48.16147;11.55299;501.6;NaN;23.8;5.1;265.8;9 / 20;537821;2018-11-09 17:46:35:870
-1.034;4.223;10.333;854.0;1.0;43.26;48.16147;11.55299;501.6;NaN;23.8;5.1;265.8;9 / 20;537922;2018-11-09 17:46:35:971
-0.967;4.252;10.266;882.0;1.0;43.26;48.16147;11.55299;501.6;NaN;23.8;5.1;265.8;9 / 20;538022;2018-11-09 17:46:36:071
-0.737;4.3;10.314;913.0;1.0;43.26;48.16147;11.55293;501.5;NaN;23.0;5.1;265.8;9 / 20;538121;2018-11-09 17:46:36:170
-0.545;4.367;10.4;940.0;1.0;40.94;48.16147;11.55293;501.5;NaN;23.0;5.1;265.8;9 / 20;538221;2018-11-09 17:46:36:270
-0.325;4.194;10.515;952.0;1.0;40.94;48.16147;11.55293;501.5;NaN;23.0;5.1;265.8;9 / 20;538322;2018-11-09 17:46:36:371
-0.344;4.137;10.649;950.0;1.0;40.94;48.16147;11.55293;501.5;NaN;23.0;5.1;265.8;9 / 20;538422;2018-11-09 17:46:36:471
-0.526;4.118;10.697;944.0;1.0;40.58;48.16147;11.55293;501.5;NaN;23.0;5.1;265.8;9 / 20;538521;2018-11-09 17:46:36:570
-0.545;4.386;10.601;866.0;1.0;40.58;48.16147;11.55293;501.5;NaN;23.0;5.1;265.8;9 / 20;538621;2018-11-09 17:46:36:670
-0.45;4.386;10.257;812.0;1.0;40.58;48.16147;11.55293;501.5;NaN;23.0;5.1;265.8;9 / 20;538722;2018-11-09 17:46:36:771
-0.612;4.376;10.352;799.0;1.0;40.95;48.16147;11.55293;501.5;NaN;23.0;5.1;265.8;9 / 20;538822;2018-11-09 17:46:36:871
-0.881;4.386;10.515;804.0;1.0;40.95;48.16147;11.55293;501.5;NaN;23.0;5.1;265.8;9 / 20;538921;2018-11-09 17:46:36:970
-0.67;4.491;10.027;796.0;1.0;40.95;48.16147;11.55293;501.5;NaN;23.0;5.1;265.8;9 / 20;539022;2018-11-09 17:46:37:071
-0.622;4.616;10.266;791.0;1.0;42.2;48.16146;11.55288;501.3;NaN;22.2;5.2;265.4;9 / 20;539121;2018-11-09 17:46:37:170
-0.708;4.501;10.678;791.0;1.0;42.2;48.16146;11.55288;501.3;NaN;22.2;5.2;265.4;9 / 20;539221;2018-11-09 17:46:37:270
-0.66;4.683;10.19;774.0;1.0;42.2;48.16146;11.55288;501.3;NaN;22.2;5.2;265.4;9 / 20;539322;2018-11-09 17:46:37:371
-0.43;4.913;10.486;806.0;1.0;41.71;48.16146;11.55288;501.3;NaN;22.2;5.2;265.4;9 / 20;539422;2018-11-09 17:46:37:471
-0.641;4.453;9.443;797.0;1.0;41.71;48.16146;11.55288;501.3;NaN;22.2;5.2;265.4;9 / 20;539522;2018-11-09 17:46:37:571
-1.005;4.309;10.056;798.0;1.0;41.71;48.16146;11.55288;501.3;NaN;22.2;5.2;265.4;9 / 20;539621;2018-11-09 17:46:37:670
-0.517;5.401;10.352;775.0;1.0;41.68;48.16146;11.55288;501.3;NaN;22.2;5.2;265.4;9 / 20;539721;2018-11-09 17:46:37:770
-0.45;7.115;12.057;764.0;1.0;41.68;48.16146;11.55288;501.3;NaN;22.2;5.2;265.4;9 / 20;539821;2018-11-09 17:46:37:870
-0.028;7.01;12.287;729.0;1.0;41.68;48.16146;11.55288;501.3;NaN;22.2;5.2;265.4;9 / 20;539921;2018-11-09 17:46:37:970
0.766;5.267;10.554;694.0;1.0;40.53;48.16146;11.55288;501.3;NaN;22.2;5.2;265.4;9 / 20;540022;2018-11-09 17:46:38:071
0.201;3.83;9.356;764.0;1.0;40.53;48.16146;11.55284;501.2;NaN;21.7;5.2;265.8;9 / 20;540121;2018-11-09 17:46:38:170
-0.354;3.869;7.814;1007.0;1.0;40.53;48.16146;11.55284;501.2;NaN;21.7;5.2;265.8;10 / 20;540221;2018-11-09 17:46:38:270
-1.024;5.526;5.066;900.0;1.0;40.7;48.16146;11.55284;501.2;NaN;21.7;5.2;265.8;10 / 20;540322;2018-11-09 17:46:38:371
-1.158;7.067;6.033;654.0;1.0;40.7;48.16146;11.55284;501.2;NaN;21.7;5.2;265.8;10 / 20;540421;2018-11-09 17:46:38:470
-1.063;8.169;6.32;498.0;1.0;40.7;48.16146;11.55284;501.2;NaN;21.7;5.2;265.8;10 / 20;540522;2018-11-09 17:46:38:571
0.162;7.556;7.776;356.0;1.0;42.78;48.16146;11.55284;501.2;NaN;21.7;5.2;265.8;10 / 20;540622;2018-11-09 17:46:38:671
0.565;7.862;6.933;334.0;1.0;42.78;48.16146;11.55284;501.2;NaN;21.7;5.2;265.8;10 / 20;540722;2018-11-09 17:46:38:771
0.0;7.901;6.704;304.0;1.0;42.78;48.16146;11.55284;501.2;NaN;21.7;5.2;265.8;10 / 20;540822;2018-11-09 17:46:38:871
-0.842;7.786;8.341;293.0;1.0;44.95;48.16146;11.55284;501.2;NaN;21.7;5.2;265.8;10 / 20;540922;2018-11-09 17:46:38:971
-0.804;8.111;7.422;293.0;1.0;44.95;48.16146;11.55284;501.2;NaN;21.7;5.2;265.8;10 / 20;541022;2018-11-09 17:46:39:071
-0.593;8.38;7.0;285.0;1.0;44.95;48.16144;11.55282;501.8;NaN;20.7;5.2;265.2;10 / 20;541123;2018-11-09 17:46:39:172
0.689;8.322;5.037;267.0;1.0;43.54;48.16144;11.55282;501.8;NaN;20.7;5.2;265.2;10 / 20;541222;2018-11-09 17:46:39:271
-0.201;7.891;8.485;279.0;1.0;43.54;48.16144;11.55282;501.8;NaN;20.7;5.2;265.2;10 / 20;541322;2018-11-09 17:46:39:371
-2.106;6.55;7.182;262.0;1.0;43.54;48.16144;11.55282;501.8;NaN;20.7;5.2;265.2;10 / 20;541422;2018-11-09 17:46:39:471
0.421;7.872;2.844;231.0;1.0;42.89;48.16144;11.55282;501.8;NaN;20.7;5.2;265.2;10 / 20;541522;2018-11-09 17:46:39:571
-0.833;6.723;3.84;236.0;1.0;42.89;48.16144;11.55282;501.8;NaN;20.7;5.2;265.2;10 / 20;541621;2018-11-09 17:46:39:670
-0.325;5.535;8.332;269.0;1.0;42.89;48.16144;11.55282;501.8;NaN;20.7;5.2;265.2;10 / 20;541722;2018-11-09 17:46:39:771
-1.302;5.545;7.527;341.0;1.0;43.12;48.16144;11.55282;501.8;NaN;20.7;5.2;265.2;10 / 20;541822;2018-11-09 17:46:39:871
-7.029;2.174;12.411;640.0;1.0;43.12;48.16144;11.55282;501.8;NaN;20.7;5.2;265.2;10 / 20;541922;2018-11-09 17:46:39:971
-4.28;-0.775;20.284;794.0;1.0;43.12;48.16144;11.55282;501.8;NaN;20.7;5.2;265.2;10 / 20;542022;2018-11-09 17:46:40:071
0.124;4.731;13.082;324.0;1.0;49.56;48.16143;11.55283;502.4;NaN;19.1;5.2;264.8;10 / 20;542122;2018-11-09 17:46:40:171
0.363;4.951;9.04;341.0;1.0;49.56;48.16143;11.55283;502.4;NaN;19.1;5.2;264.8;10 / 20;542222;2018-11-09 17:46:40:271
-1.944;5.775;9.739;293.0;1.0;49.56;48.16143;11.55283;502.4;NaN;19.1;5.2;264.8;10 / 20;542322;2018-11-09 17:46:40:371
-0.517;5.344;7.776;309.0;1.0;41.34;48.16143;11.55283;502.4;NaN;19.1;5.2;264.8;10 / 20;542423;2018-11-09 17:46:40:472
-0.249;4.041;11.406;336.0;1.0;41.34;48.16143;11.55283;502.4;NaN;19.1;5.2;264.8;10 / 20;542522;2018-11-09 17:46:40:571
-0.277;5.353;8.705;412.0;1.0;41.34;48.16143;11.55283;502.4;NaN;19.1;5.2;264.8;10 / 20;542622;2018-11-09 17:46:40:671
0.363;5.066;6.981;338.0;1.0;47.45;48.16143;11.55283;502.4;NaN;19.1;5.2;264.8;10 / 20;542722;2018-11-09 17:46:40:771
0.861;4.702;8.494;322.0;1.0;47.45;48.16143;11.55283;502.4;NaN;19.1;5.2;264.8;10 / 20;542821;2018-11-09 17:46:40:870
0.823;4.453;10.305;515.0;1.0;47.45;48.16143;11.55283;502.4;NaN;19.1;5.2;264.8;10 / 20;542921;2018-11-09 17:46:40:970
2.039;5.095;9.299;673.0;1.0;44.23;48.16143;11.55283;502.4;NaN;19.1;5.2;264.8;10 / 20;543022;2018-11-09 17:46:41:071
2.739;4.204;12.919;878.0;1.0;44.23;48.16143;11.5528;502.4;NaN;18.0;5.2;265.3;10 / 20;543121;2018-11-09 17:46:41:170
0.517;4.031;8.207;985.0;1.0;44.23;48.16143;11.5528;502.4;NaN;18.0;5.2;265.3;10 / 20;543221;2018-11-09 17:46:41:270
0.603;3.17;12.728;1286.0;1.0;40.35;48.16143;11.5528;502.4;NaN;18.0;5.2;265.3;10 / 20;543321;2018-11-09 17:46:41:370
0.344;3.256;10.362;1513.0;1.0;40.35;48.16143;11.5528;502.4;NaN;18.0;5.2;265.3;10 / 20;543421;2018-11-09 17:46:41:470
0.134;3.543;10.879;1532.0;1.0;40.35;48.16143;11.5528;502.4;NaN;18.0;5.2;265.3;10 / 20;543521;2018-11-09 17:46:41:570
0.689;4.099;10.285;1501.0;1.0;40.21;48.16143;11.5528;502.4;NaN;18.0;5.2;265.3;10 / 20;543622;2018-11-09 17:46:41:671
0.363;4.156;10.123;1382.0;1.0;40.21;48.16143;11.5528;502.4;NaN;18.0;5.2;265.3;10 / 20;543722;2018-11-09 17:46:41:771
0.143;4.462;9.768;1126.0;1.0;40.21;48.16143;11.5528;502.4;NaN;18.0;5.2;265.3;10 / 20;543822;2018-11-09 17:46:41:871
-1.8;4.568;9.778;1040.0;1.0;39.7;48.16143;11.5528;502.4;NaN;18.0;5.2;265.3;10 / 20;543922;2018-11-09 17:46:41:971
-1.302;4.376;10.515;968.0;1.0;39.7;48.16143;11.5528;502.4;NaN;18.0;5.2;265.3;10 / 20;544021;2018-11-09 17:46:42:070
-1.12;4.577;9.95;921.0;1.0;39.7;48.16143;11.55278;502.6;NaN;16.9;5.2;265.0;10 / 20;544121;2018-11-09 17:46:42:170
-0.938;4.606;9.941;844.0;1.0;40.67;48.16143;11.55278;502.6;NaN;16.9;5.2;265.0;10 / 20;544221;2018-11-09 17:46:42:270
-1.273;4.405;10.343;666.0;1.0;40.67;48.16143;11.55278;502.6;NaN;16.9;5.2;265.0;10 / 20;544321;2018-11-09 17:46:42:370
-1.541;4.118;9.672;664.0;1.0;40.67;48.16143;11.55278;502.6;NaN;16.9;5.2;265.0;10 / 20;544422;2018-11-09 17:46:42:471
-1.685;4.06;11.109;637.0;1.0;40.67;48.16143;11.55278;502.6;NaN;16.9;5.2;265.0;10 / 20;544522;2018-11-09 17:46:42:571
-1.723;4.108;9.883;647.0;1.0;41.6;48.16143;11.55278;502.6;NaN;16.9;5.2;265.0;10 / 20;544622;2018-11-09 17:46:42:671
-2.269;4.099;11.866;629.0;1.0;41.6;48.16143;11.55278;502.6;NaN;16.9;5.2;265.0;10 / 20;544721;2018-11-09 17:46:42:770
-0.794;5.028;8.954;590.0;1.0;41.6;48.16143;11.55278;502.6;NaN;16.9;5.2;265.0;10 / 20;544821;2018-11-09 17:46:42:870
0.114;5.104;8.81;511.0;1.0;40.97;48.16143;11.55278;502.6;NaN;16.9;5.2;265.0;10 / 20;544922;2018-11-09 17:46:42:971
-0.373;4.491;11.233;728.0;1.0;40.97;48.16143;11.55278;502.6;NaN;16.9;5.2;265.0;10 / 20;545022;2018-11-09 17:46:43:071
-0.268;4.031;10.716;815.0;1.0;40.97;48.16143;11.55277;502.3;NaN;15.8;5.2;264.0;10 / 20;545122;2018-11-09 17:46:43:171
-0.842;4.443;9.768;662.0;1.0;41.76;48.16143;11.55277;502.3;NaN;15.8;5.2;264.0;10 / 20;545222;2018-11-09 17:46:43:271
-0.612;4.415;10.716;561.0;1.0;41.76;48.16143;11.55277;502.3;NaN;15.8;5.2;264.0;10 / 20;545322;2018-11-09 17:46:43:371
0.201;4.338;10.305;515.0;1.0;41.76;48.16143;11.55277;502.3;NaN;15.8;5.2;264.0;10 / 20;545422;2018-11-09 17:46:43:471
-0.009;4.664;9.739;391.0;1.0;40.07;48.16143;11.55277;502.3;NaN;15.8;5.2;264.0;10 / 20;545522;2018-11-09 17:46:43:571
-0.172;4.625;9.759;377.0;1.0;40.07;48.16143;11.55277;502.3;NaN;15.8;5.2;264.0;10 / 20;545622;2018-11-09 17:46:43:671
-0.143;4.52;10.161;362.0;1.0;40.07;48.16143;11.55277;502.3;NaN;15.8;5.2;264.0;10 / 20;545722;2018-11-09 17:46:43:771
0.057;4.386;10.008;373.0;1.0;41.13;48.16143;11.55277;502.3;NaN;15.8;5.2;264.0;10 / 20;545821;2018-11-09 17:46:43:870
0.105;4.328;10.142;391.0;1.0;41.13;48.16143;11.55277;502.3;NaN;15.8;5.2;264.0;10 / 20;545922;2018-11-09 17:46:43:971
-0.086;4.319;10.199;392.0;1.0;41.13;48.16143;11.55277;502.3;NaN;15.8;5.2;264.0;10 / 20;546022;2018-11-09 17:46:44:071
-0.038;4.424;10.247;388.0;1.0;40.15;48.16142;11.55274;502.1;NaN;15.0;5.3;263.5;10 / 20;546121;2018-11-09 17:46:44:170
-0.124;4.597;10.19;388.0;1.0;40.15;48.16142;11.55274;502.1;NaN;15.0;5.3;263.5;10 / 20;546222;2018-11-09 17:46:44:271
3.074;3.533;11.176;331.0;1.0;40.15;48.16142;11.55274;502.1;NaN;15.0;5.3;263.5;10 / 20;546321;2018-11-09 17:46:44:370
-0.517;5.506;8.83;280.0;1.0;39.86;48.16142;11.55274;502.1;NaN;15.0;5.3;263.5;10 / 20;546422;2018-11-09 17:46:44:471
-0.785;5.784;8.025;254.0;1.0;39.86;48.16142;11.55274;502.1;NaN;15.0;5.3;263.5;10 / 20;546521;2018-11-09 17:46:44:570
-1.015;5.822;10.305;271.0;1.0;39.86;48.16142;11.55274;502.1;NaN;15.0;5.3;263.5;10 / 20;546621;2018-11-09 17:46:44:670
-0.89;5.889;8.992;272.0;1.0;42.73;48.16142;11.55274;502.1;NaN;15.0;5.3;263.5;10 / 20;546721;2018-11-09 17:46:44:770
-0.861;6.196;8.772;270.0;1.0;42.73;48.16142;11.55274;502.1;NaN;15.0;5.3;263.5;10 / 20;546822;2018-11-09 17:46:44:871
-1.12;5.956;8.303;263.0;1.0;42.73;48.16142;11.55274;502.1;NaN;15.0;5.3;263.5;10 / 20;546922;2018-11-09 17:46:44:971
-1.331;5.899;9.251;278.0;1.0;43.0;48.16142;11.55274;502.1;NaN;15.0;5.3;263.5;10 / 20;547022;2018-11-09 17:46:45:071
-1.187;5.966;8.973;275.0;1.0;43.0;48.16142;11.55274;502.1;NaN;15.0;5.3;263.5;10 / 20;547122;2018-11-09 17:46:45:171
-1.034;6.129;8.437;256.0;1.0;43.0;48.16142;11.55271;501.9;NaN;14.5;5.3;263.2;10 / 20;547222;2018-11-09 17:46:45:271
-1.024;6.014;8.542;272.0;1.0;44.98;48.16142;11.55271;501.9;NaN;14.5;5.3;263.2;10 / 20;547324;2018-11-09 17:46:45:373
-1.781;5.928;7.518;266.0;1.0;44.98;48.16142;11.55271;501.9;NaN;14.5;5.3;263.2;10 / 20;547422;2018-11-09 17:46:45:471
-0.881;5.458;8.619;312.0;1.0;44.98;48.16142;11.55271;501.9;NaN;14.5;5.3;263.2;10 / 20;547522;2018-11-09 17:46:45:571
-0.814;4.462;10.841;374.0;1.0;45.61;48.16142;11.55271;501.9;NaN;14.5;5.3;263.2;10 / 20;547621;2018-11-09 17:46:45:670
-0.775;4.099;11.645;462.0;1.0;45.61;48.16142;11.55271;501.9;NaN;14.5;5.3;263.2;10 / 20;547722;2018-11-09 17:46:45:771
-1.158;3.888;9.998;505.0;1.0;45.61;48.16142;11.55271;501.9;NaN;14.5;5.3;263.2;10 / 20;547822;2018-11-09 17:46:45:871
-1.426;3.581;10.544;540.0;1.0;46.92;48.16142;11.55271;501.9;NaN;14.5;5.3;263.2;10 / 20;547922;2018-11-09 17:46:45:971
0.009;3.926;11.684;600.0;1.0;46.92;48.16142;11.55271;501.9;NaN;14.5;5.3;263.2;10 / 20;548021;2018-11-09 17:46:46:070
0.66;3.533;10.314;585.0;1.0;46.92;48.16143;11.5527;501.8;NaN;13.6;5.4;263.9;10 / 20;548121;2018-11-09 17:46:46:170
0.009;3.658;10.448;586.0;1.0;47.47;48.16143;11.5527;501.8;NaN;13.6;5.4;263.9;10 / 20;548222;2018-11-09 17:46:46:271
0.172;3.601;10.649;574.0;1.0;47.47;48.16143;11.5527;501.8;NaN;13.6;5.4;263.9;10 / 20;548322;2018-11-09 17:46:46:371
0.134;3.639;10.563;577.0;1.0;47.47;48.16143;11.5527;501.8;NaN;13.6;5.4;263.9;10 / 20;548422;2018-11-09 17:46:46:471
-0.134;3.792;10.362;577.0;1.0;50.57;48.16143;11.5527;501.8;NaN;13.6;5.4;263.9;10 / 20;548522;2018-11-09 17:46:46:571
-0.21;3.821;10.582;588.0;1.0;50.57;48.16143;11.5527;501.8;NaN;13.6;5.4;263.9;10 / 20;548621;2018-11-09 17:46:46:670
-0.134;3.792;10.726;598.0;1.0;50.57;48.16143;11.5527;501.8;NaN;13.6;5.4;263.9;10 / 20;548721;2018-11-09 17:46:46:770
-0.229;3.974;10.458;579.0;1.0;45.11;48.16143;11.5527;501.8;NaN;13.6;5.4;263.9;10 / 20;548821;2018-11-09 17:46:46:870
-0.306;4.003;10.659;567.0;1.0;45.11;48.16143;11.5527;501.8;NaN;13.6;5.4;263.9;10 / 20;548922;2018-11-09 17:46:46:971
-0.162;3.888;10.697;576.0;1.0;45.11;48.16143;11.5527;501.8;NaN;13.6;5.4;263.9;10 / 20;549022;2018-11-09 17:46:47:071
-0.134;3.945;10.927;588.0;1.0;48.24;48.16142;11.5527;501.6;NaN;12.5;5.4;263.1;10 / 20;549121;2018-11-09 17:46:47:170
-0.009;3.763;10.582;580.0;1.0;48.24;48.16142;11.5527;501.6;NaN;12.5;5.4;263.1;10 / 20;549221;2018-11-09 17:46:47:270
-0.162;3.945;10.582;554.0;1.0;48.24;48.16142;11.5527;501.6;NaN;12.5;5.4;263.1;10 / 20;549322;2018-11-09 17:46:47:371
0.0;3.926;10.601;552.0;1.0;54.88;48.16142;11.5527;501.6;NaN;12.5;5.4;263.1;10 / 20;549422;2018-11-09 17:46:47:471
-0.316;4.06;10.18;533.0;1.0;54.88;48.16142;11.5527;501.6;NaN;12.5;5.4;263.1;10 / 20;549521;2018-11-09 17:46:47:570
-0.316;3.984;10.343;555.0;1.0;54.88;48.16142;11.5527;501.6;NaN;12.5;5.4;263.1;10 / 20;549622;2018-11-09 17:46:47:671
-0.43;4.28;10.525;561.0;1.0;47.99;48.16142;11.5527;501.6;NaN;12.5;5.4;263.1;10 / 20;549722;2018-11-09 17:46:47:771
-0.794;4.041;10.726;575.0;1.0;47.99;48.16142;11.5527;501.6;NaN;12.5;5.4;263.1;10 / 20;549822;2018-11-09 17:46:47:871
-0.498;4.099;10.573;582.0;1.0;47.99;48.16142;11.5527;501.6;NaN;12.5;5.4;263.1;10 / 20;549922;2018-11-09 17:46:47:971
-0.335;4.118;10.582;576.0;1.0;52.97;48.16142;11.5527;501.6;NaN;12.5;5.4;263.1;10 / 20;550022;2018-11-09 17:46:48:071
-0.747;3.964;10.554;589.0;1.0;52.97;48.16142;11.55271;501.7;NaN;11.3;5.4;262.5;10 / 20;550122;2018-11-09 17:46:48:171
-0.823;3.926;10.525;598.0;1.0;52.97;48.16142;11.55271;501.7;NaN;11.3;5.4;262.5;10 / 20;550221;2018-11-09 17:46:48:270
-0.478;3.964;10.573;598.0;1.0;39.21;48.16142;11.55271;501.7;NaN;11.3;5.4;262.5;10 / 20;550321;2018-11-09 17:46:48:370
-0.22;4.089;10.592;602.0;1.0;39.21;48.16142;11.55271;501.7;NaN;11.3;5.4;262.5;10 / 20;550422;2018-11-09 17:46:48:471
-0.392;4.07;10.745;592.0;1.0;39.21;48.16142;11.55271;501.7;NaN;11.3;5.4;262.5;10 / 20;550522;2018-11-09 17:46:48:571
-1.043;3.591;11.176;630.0;1.0;37.71;48.16142;11.55271;501.7;NaN;11.3;5.4;262.5;10 / 20;550622;2018-11-09 17:46:48:671
-0.43;3.984;10.573;625.0;1.0;37.71;48.16142;11.55271;501.7;NaN;11.3;5.4;262.5;10 / 20;550722;2018-11-09 17:46:48:771
-0.134;4.022;10.142;593.0;1.0;37.71;48.16142;11.55271;501.7;NaN;11.3;5.4;262.5;10 / 20;550821;2018-11-09 17:46:48:870
-0.517;4.683;10.276;622.0;1.0;39.54;48.16142;11.55271;501.7;NaN;11.3;5.4;262.5;10 / 20;550921;2018-11-09 17:46:48:970
-0.545;4.357;10.017;653.0;1.0;39.54;48.16142;11.55271;501.7;NaN;11.3;5.4;262.5;10 / 20;551021;2018-11-09 17:46:49:070
-0.488;4.529;10.362;656.0;1.0;39.54;48.16141;11.55272;501.9;NaN;10.0;5.4;261.4;10 / 20;551121;2018-11-09 17:46:49:170
-0.296;4.568;10.755;622.0;1.0;41.76;48.16141;11.55272;501.9;NaN;10.0;5.4;261.4;10 / 20;551222;2018-11-09 17:46:49:271
-0.402;4.635;11.004;599.0;1.0;41.76;48.16141;11.55272;501.9;NaN;10.0;5.4;261.4;10 / 20;551321;2018-11-09 17:46:49:370
-0.43;4.644;10.218;586.0;1.0;41.76;48.16141;11.55272;501.9;NaN;10.0;5.4;261.4;10 / 20;551421;2018-11-09 17:46:49:470
-0.593;4.846;10.199;588.0;1.0;46.58;48.16141;11.55272;501.9;NaN;10.0;5.4;261.4;10 / 20;551522;2018-11-09 17:46:49:571
-0.66;4.807;10.209;608.0;1.0;46.58;48.16141;11.55272;501.9;NaN;10.0;5.4;261.4;10 / 20;551622;2018-11-09 17:46:49:671
-0.277;4.769;10.477;605.0;1.0;46.58;48.16141;11.55272;501.9;NaN;10.0;5.4;261.4;10 / 20;551722;2018-11-09 17:46:49:771
-0.833;5.056;9.682;613.0;1.0;48.21;48.16141;11.55272;501.9;NaN;10.0;5.4;261.4;10 / 20;551822;2018-11-09 17:46:49:871
-0.976;5.037;9.663;621.0;1.0;48.21;48.16141;11.55272;501.9;NaN;10.0;5.4;261.4;10 / 20;551922;2018-11-09 17:46:49:971
-0.689;4.97;9.902;603.0;1.0;48.21;48.16141;11.55272;501.9;NaN;10.0;5.4;261.4;10 / 20;552022;2018-11-09 17:46:50:071
0.268;4.558;10.601;543.0;1.0;51.73;48.16136;11.55307;506.5;NaN;5.7;5.0;246.1;10 / 20;552122;2018-11-09 17:46:50:171
0.067;4.922;8.925;424.0;1.0;51.73;48.16136;11.55307;506.5;NaN;5.7;5.0;246.1;10 / 20;552221;2018-11-09 17:46:50:270
0.172;4.999;10.151;529.0;1.0;51.73;48.16136;11.55307;506.5;NaN;5.7;5.0;246.1;10 / 20;552322;2018-11-09 17:46:50:371
-1.043;4.673;8.906;505.0;1.0;47.66;48.16136;11.55307;506.5;NaN;5.7;5.0;246.1;10 / 20;552422;2018-11-09 17:46:50:471
-0.938;4.893;11.052;399.0;1.0;47.66;48.16136;11.55307;506.5;NaN;5.7;5.0;246.1;10 / 20;552521;2018-11-09 17:46:50:570
-1.177;4.194;10.745;477.0;1.0;47.66;48.16136;11.55307;506.5;NaN;5.7;5.0;246.1;10 / 20;552621;2018-11-09 17:46:50:670
-1.168;4.577;9.308;412.0;1.0;47.31;48.16136;11.55307;506.5;NaN;5.7;5.0;246.1;10 / 20;552722;2018-11-09 17:46:50:771
-0.574;5.784;9.902;354.0;1.0;47.31;48.16136;11.55307;506.5;NaN;5.7;5.0;246.1;10 / 20;552822;2018-11-09 17:46:50:871
-0.689;5.123;9.251;304.0;1.0;47.31;48.16136;11.55307;506.5;NaN;5.7;5.0;246.1;10 / 20;552922;2018-11-09 17:46:50:971
-0.957;5.008;10.036;328.0;1.0;50.3;48.16136;11.55307;506.5;NaN;5.7;5.0;246.1;10 / 20;553022;2018-11-09 17:46:51:071
-0.316;4.721;10.142;345.0;1.0;50.3;48.16136;11.55307;506.4;NaN;5.2;5.0;246.1;10 / 20;553122;2018-11-09 17:46:51:171
0.316;5.286;8.82;480.0;1.0;50.3;48.16136;11.55307;506.4;NaN;5.2;5.0;246.1;10 / 20;553221;2018-11-09 17:46:51:270
-0.316;5.478;9.701;555.0;1.0;49.89;48.16136;11.55307;506.4;NaN;5.2;5.0;246.1;10 / 20;553321;2018-11-09 17:46:51:370
-0.9;5.478;8.456;574.0;1.0;49.89;48.16136;11.55307;506.4;NaN;5.2;5.0;246.1;10 / 20;553421;2018-11-09 17:46:51:470
-0.622;5.851;9.318;583.0;1.0;49.89;48.16136;11.55307;506.4;NaN;5.2;5.0;246.1;10 / 20;553521;2018-11-09 17:46:51:570
-0.718;5.401;9.165;580.0;1.0;52.89;48.16136;11.55307;506.4;NaN;5.2;5.0;246.1;10 / 20;553623;2018-11-09 17:46:51:672
-0.498;5.688;9.95;625.0;1.0;52.89;48.16136;11.55307;506.4;NaN;5.2;5.0;246.1;10 / 20;553721;2018-11-09 17:46:51:770
-0.679;5.612;9.069;648.0;1.0;52.89;48.16136;11.55307;506.4;NaN;5.2;5.0;246.1;10 / 20;553821;2018-11-09 17:46:51:870
-0.871;5.315;9.337;634.0;1.0;50.92;48.16136;11.55307;506.4;NaN;5.2;5.0;246.1;10 / 20;553921;2018-11-09 17:46:51:970
-0.651;5.229;10.601;586.0;1.0;50.92;48.16136;11.55307;506.4;NaN;5.2;5.0;246.1;10 / 20;554021;2018-11-09 17:46:52:070
-0.153;5.458;8.906;601.0;1.0;50.92;48.16136;11.55309;506.7;NaN;5.1;4.9;246.1;10 / 20;554122;2018-11-09 17:46:52:171
0.258;5.209;9.28;658.0;1.0;52.28;48.16136;11.55309;506.7;NaN;5.1;4.9;246.1;10 / 20;554222;2018-11-09 17:46:52:271
0.316;5.037;10.295;1010.0;1.0;52.28;48.16136;11.55309;506.7;NaN;5.1;4.9;246.1;10 / 20;554322;2018-11-09 17:46:52:371
-0.172;5.286;8.676;1045.0;1.0;52.28;48.16136;11.55309;506.7;NaN;5.1;4.9;246.1;10 / 20;554422;2018-11-09 17:46:52:471
-0.249;5.497;10.218;1055.0;1.0;52.28;48.16136;11.55309;506.7;NaN;5.1;4.9;246.1;10 / 20;554522;2018-11-09 17:46:52:571
-0.402;5.382;8.743;1090.0;1.0;52.47;48.16136;11.55309;506.7;NaN;5.1;4.9;246.1;10 / 20;554622;2018-11-09 17:46:52:671
-0.047;5.842;9.634;1078.0;1.0;52.47;48.16136;11.55309;506.7;NaN;5.1;4.9;246.1;10 / 20;554721;2018-11-09 17:46:52:770
-0.67;5.65;8.782;1012.0;1.0;52.47;48.16136;11.55309;506.7;NaN;5.1;4.9;246.1;10 / 20;554821;2018-11-09 17:46:52:870
-0.651;6.004;9.05;1028.0;1.0;53.75;48.16136;11.55309;506.7;NaN;5.1;4.9;246.1;10 / 20;554922;2018-11-09 17:46:52:971
-0.938;5.535;9.088;1051.0;1.0;53.75;48.16136;11.55309;506.7;NaN;5.1;4.9;246.1;10 / 20;555021;2018-11-09 17:46:53:070
-0.526;5.851;9.519;1084.0;1.0;53.75;48.16136;11.55306;506.7;NaN;5.7;4.9;254.4;9 / 20;555122;2018-11-09 17:46:53:171
-0.392;6.014;9.356;1100.0;1.0;54.5;48.16136;11.55306;506.7;NaN;5.7;4.9;254.4;9 / 20;555221;2018-11-09 17:46:53:270
-0.268;5.698;8.81;1079.0;1.0;54.5;48.16136;11.55306;506.7;NaN;5.7;4.9;254.4;9 / 20;555321;2018-11-09 17:46:53:370
-0.44;5.88;9.04;1137.0;1.0;54.5;48.16136;11.55306;506.7;NaN;5.7;4.9;254.4;9 / 20;555421;2018-11-09 17:46:53:470
-0.162;5.698;9.146;1136.0;1.0;54.12;48.16136;11.55306;506.7;NaN;5.7;4.9;254.4;9 / 20;555522;2018-11-09 17:46:53:571
-0.517;5.928;8.494;1123.0;1.0;54.12;48.16136;11.55306;506.7;NaN;5.7;4.9;254.4;9 / 20;555622;2018-11-09 17:46:53:671
-0.651;5.995;9.414;1119.0;1.0;54.12;48.16136;11.55306;506.7;NaN;5.7;4.9;254.4;9 / 20;555722;2018-11-09 17:46:53:771
-0.306;5.794;8.83;1167.0;1.0;53.8;48.16136;11.55306;506.7;NaN;5.7;4.9;254.4;9 / 20;555822;2018-11-09 17:46:53:871
-0.086;6.282;8.571;1064.0;1.0;53.8;48.16136;11.55306;506.7;NaN;5.7;4.9;254.4;9 / 20;555921;2018-11-09 17:46:53:970
-0.689;5.985;9.04;1033.0;1.0;53.8;48.16136;11.55306;506.7;NaN;5.7;4.9;254.4;9 / 20;556022;2018-11-09 17:46:54:071
-0.842;5.966;9.261;952.0;1.0;54.39;48.16136;11.55302;506.7;NaN;9.2;4.9;257.1;9 / 20;556122;2018-11-09 17:46:54:171
-0.708;5.956;7.862;807.0;1.0;54.39;48.16136;11.55302;506.7;NaN;9.2;4.9;257.1;9 / 20;556221;2018-11-09 17:46:54:270
-0.526;5.976;9.337;686.0;1.0;54.39;48.16136;11.55302;506.7;NaN;9.2;4.9;257.1;9 / 20;556322;2018-11-09 17:46:54:371
-0.871;5.028;10.113;706.0;1.0;54.76;48.16136;11.55302;506.7;NaN;9.2;4.9;257.1;9 / 20;556421;2018-11-09 17:46:54:470
-0.814;5.487;9.308;712.0;1.0;54.76;48.16136;11.55302;506.7;NaN;9.2;4.9;257.1;9 / 20;556521;2018-11-09 17:46:54:570
-0.507;5.123;9.835;742.0;1.0;54.76;48.16136;11.55302;506.7;NaN;9.2;4.9;257.1;9 / 20;556622;2018-11-09 17:46:54:671
-0.45;5.066;9.672;713.0;1.0;55.29;48.16136;11.55302;506.7;NaN;9.2;4.9;257.1;9 / 20;556722;2018-11-09 17:46:54:771
-0.411;5.334;10.075;735.0;1.0;55.29;48.16136;11.55302;506.7;NaN;9.2;4.9;257.1;9 / 20;556821;2018-11-09 17:46:54:870
-0.363;5.066;9.778;766.0;1.0;55.29;48.16136;11.55302;506.7;NaN;9.2;4.9;257.1;9 / 20;556921;2018-11-09 17:46:54:970
-0.44;5.401;9.251;764.0;1.0;55.3;48.16136;11.55302;506.7;NaN;9.2;4.9;257.1;9 / 20;557021;2018-11-09 17:46:55:070
-0.411;5.324;9.787;773.0;1.0;55.3;48.16136;11.55296;506.8;NaN;14.6;4.8;254.8;9 / 20;557122;2018-11-09 17:46:55:171
-0.957;4.778;9.615;796.0;1.0;55.3;48.16136;11.55296;506.8;NaN;14.6;4.8;254.8;9 / 20;557221;2018-11-09 17:46:55:270
-0.689;5.066;10.151;798.0;1.0;56.36;48.16136;11.55296;506.8;NaN;14.6;4.8;254.8;9 / 20;557321;2018-11-09 17:46:55:370
-1.072;4.922;9.883;821.0;1.0;56.36;48.16136;11.55296;506.8;NaN;14.6;4.8;254.8;9 / 20;557422;2018-11-09 17:46:55:471
-0.392;4.884;10.199;826.0;1.0;56.36;48.16136;11.55296;506.8;NaN;14.6;4.8;254.8;9 / 20;557522;2018-11-09 17:46:55:571
-0.181;4.233;10.486;833.0;1.0;55.78;48.16136;11.55296;506.8;NaN;14.6;4.8;254.8;9 / 20;557622;2018-11-09 17:46:55:671
0.306;4.702;10.4;785.0;1.0;55.78;48.16136;11.55296;506.8;NaN;14.6;4.8;254.8;9 / 20;557722;2018-11-09 17:46:55:771
0.43;4.654;9.567;730.0;1.0;55.78;48.16136;11.55296;506.8;NaN;14.6;4.8;254.8;9 / 20;557823;2018-11-09 17:46:55:872
0.21;4.903;9.615;629.0;1.0;53.23;48.16136;11.55296;506.8;NaN;14.6;4.8;254.8;9 / 20;557921;2018-11-09 17:46:55:970
0.249;4.932;9.692;647.0;1.0;53.23;48.16136;11.55296;506.8;NaN;14.6;4.8;254.8;9 / 20;558022;2018-11-09 17:46:56:071
0.019;5.028;9.232;610.0;1.0;53.23;48.16135;11.55293;506.9;NaN;16.9;4.8;259.8;10 / 20;558122;2018-11-09 17:46:56:171
0.296;5.277;9.682;590.0;1.0;52.85;48.16135;11.55293;506.9;NaN;16.9;4.8;259.8;10 / 20;558222;2018-11-09 17:46:56:271
0.067;5.305;9.404;525.0;1.0;52.85;48.16135;11.55293;506.9;NaN;16.9;4.8;259.8;10 / 20;558322;2018-11-09 17:46:56:371
0.44;5.133;8.303;479.0;1.0;52.85;48.16135;11.55293;506.9;NaN;16.9;4.8;259.8;10 / 20;558422;2018-11-09 17:46:56:471
0.354;5.008;9.519;451.0;1.0;52.98;48.16135;11.55293;506.9;NaN;16.9;4.8;259.8;10 / 20;558522;2018-11-09 17:46:56:571
-0.009;4.817;10.391;484.0;1.0;52.98;48.16135;11.55293;506.9;NaN;16.9;4.8;259.8;10 / 20;558622;2018-11-09 17:46:56:671
0.325;4.817;10.63;508.0;1.0;52.98;48.16135;11.55293;506.9;NaN;16.9;4.8;259.8;10 / 20;558722;2018-11-09 17:46:56:771
0.67;4.395;10.41;571.0;1.0;52.52;48.16135;11.55293;506.9;NaN;16.9;4.8;259.8;10 / 20;558822;2018-11-09 17:46:56:871
-1.292;4.185;9.692;543.0;1.0;52.52;48.16135;11.55293;506.9;NaN;16.9;4.8;259.8;10 / 20;558922;2018-11-09 17:46:56:971
-1.522;4.012;9.586;459.0;1.0;52.52;48.16135;11.55293;506.9;NaN;16.9;4.8;259.8;10 / 20;559022;2018-11-09 17:46:57:071
-1.398;4.472;9.596;425.0;1.0;52.98;48.16135;11.55286;507.0;NaN;21.7;4.8;264.7;10 / 20;559123;2018-11-09 17:46:57:172
0.277;5.248;8.696;353.0;1.0;52.98;48.16135;11.55286;507.0;NaN;21.7;4.8;264.7;10 / 20;559222;2018-11-09 17:46:57:271
-0.545;6.483;10.123;328.0;1.0;52.98;48.16135;11.55286;507.0;NaN;21.7;4.8;264.7;10 / 20;559322;2018-11-09 17:46:57:371
-0.574;6.158;8.475;343.0;1.0;52.07;48.16135;11.55286;507.0;NaN;21.7;4.8;264.7;10 / 20;559422;2018-11-09 17:46:57:471
-1.426;5.593;8.408;359.0;1.0;52.07;48.16135;11.55286;507.0;NaN;21.7;4.8;264.7;10 / 20;559524;2018-11-09 17:46:57:573
-1.541;6.081;8.868;432.0;1.0;52.07;48.16135;11.55286;507.0;NaN;21.7;4.8;264.7;10 / 20;559621;2018-11-09 17:46:57:670
-2.202;5.832;8.303;479.0;1.0;54.99;48.16135;11.55286;507.0;NaN;21.7;4.8;264.7;10 / 20;559722;2018-11-09 17:46:57:771
-1.177;5.612;9.059;556.0;1.0;54.99;48.16135;11.55286;507.0;NaN;21.7;4.8;264.7;10 / 20;559823;2018-11-09 17:46:57:872
-0.574;6.033;9.893;604.0;1.0;54.99;48.16135;11.55286;507.0;NaN;21.7;4.8;264.7;10 / 20;559921;2018-11-09 17:46:57:970
-0.593;5.296;9.969;625.0;1.0;49.94;48.16135;11.55286;507.0;NaN;21.7;4.8;264.7;10 / 20;560022;2018-11-09 17:46:58:071
-0.105;5.545;8.801;426.0;1.0;49.94;48.16136;11.55278;507.0;NaN;23.9;4.8;267.6;11 / 20;560121;2018-11-09 17:46:58:170
0.067;6.062;8.198;330.0;1.0;49.94;48.16136;11.55278;507.0;NaN;23.9;4.8;267.6;11 / 20;560222;2018-11-09 17:46:58:271
0.019;6.167;9.883;279.0;1.0;53.84;48.16136;11.55278;507.0;NaN;23.9;4.8;267.6;11 / 20;560322;2018-11-09 17:46:58:371
-0.852;6.531;8.063;291.0;1.0;53.84;48.16136;11.55278;507.0;NaN;23.9;4.8;267.6;11 / 20;560422;2018-11-09 17:46:58:471
-0.086;6.474;7.221;291.0;1.0;53.84;48.16136;11.55278;507.0;NaN;23.9;4.8;267.6;11 / 20;560522;2018-11-09 17:46:58:571
-0.249;6.024;9.079;348.0;1.0;55.45;48.16136;11.55278;507.0;NaN;23.9;4.8;267.6;11 / 20;560621;2018-11-09 17:46:58:670
-0.996;6.043;8.561;362.0;1.0;55.45;48.16136;11.55278;507.0;NaN;23.9;4.8;267.6;11 / 20;560721;2018-11-09 17:46:58:770
-1.743;6.426;8.514;358.0;1.0;55.45;48.16136;11.55278;507.0;NaN;23.9;4.8;267.6;11 / 20;560822;2018-11-09 17:46:58:871
-0.794;6.512;8.178;366.0;1.0;52.76;48.16136;11.55278;507.0;NaN;23.9;4.8;267.6;11 / 20;560922;2018-11-09 17:46:58:971
-0.842;6.119;8.954;322.0;1.0;52.76;48.16136;11.55278;507.0;NaN;23.9;4.8;267.6;11 / 20;561022;2018-11-09 17:46:59:071
-0.612;5.928;9.155;349.0;1.0;52.76;48.16136;11.55269;506.9;NaN;25.8;4.8;268.6;11 / 20;561122;2018-11-09 17:46:59:171
-0.689;5.305;10.209;346.0;1.0;51.35;48.16136;11.55269;506.9;NaN;25.8;4.8;268.6;11 / 20;561222;2018-11-09 17:46:59:271
-1.063;5.372;9.241;329.0;1.0;51.35;48.16136;11.55269;506.9;NaN;25.8;4.8;268.6;11 / 20;561322;2018-11-09 17:46:59:371
-0.047;4.836;9.088;298.0;1.0;51.35;48.16136;11.55269;506.9;NaN;25.8;4.8;268.6;11 / 20;561421;2018-11-09 17:46:59:470
-0.756;5.257;9.49;327.0;1.0;51.39;48.16136;11.55269;506.9;NaN;25.8;4.8;268.6;11 / 20;561521;2018-11-09 17:46:59:570
-0.498;5.267;10.276;411.0;1.0;51.39;48.16136;11.55269;506.9;NaN;25.8;4.8;268.6;11 / 20;561622;2018-11-09 17:46:59:671
-0.229;5.947;9.988;428.0;1.0;51.39;48.16136;11.55269;506.9;NaN;25.8;4.8;268.6;11 / 20;561722;2018-11-09 17:46:59:771
-1.886;4.846;9.625;430.0;1.0;50.18;48.16136;11.55269;506.9;NaN;25.8;4.8;268.6;11 / 20;561822;2018-11-09 17:46:59:871
-0.201;4.338;9.988;423.0;1.0;50.18;48.16136;11.55269;506.9;NaN;25.8;4.8;268.6;11 / 20;561922;2018-11-09 17:46:59:971
-1.13;4.07;9.96;414.0;1.0;50.18;48.16136;11.55269;506.9;NaN;25.8;4.8;268.6;11 / 20;562021;2018-11-09 17:47:00:070
-0.095;4.127;10.697;419.0;1.0;51.06;48.16136;11.55258;506.8;NaN;27.4;4.8;269.8;11 / 20;562121;2018-11-09 17:47:00:170
0.028;3.85;10.937;504.0;1.0;51.06;48.16136;11.55258;506.8;NaN;27.4;4.8;269.8;11 / 20;562222;2018-11-09 17:47:00:271
-0.517;4.108;9.289;498.0;1.0;51.06;48.16136;11.55258;506.8;NaN;27.4;4.8;269.8;11 / 20;562322;2018-11-09 17:47:00:371
-1.34;5.372;8.609;422.0;1.0;51.57;48.16136;11.55258;506.8;NaN;27.4;4.8;269.8;11 / 20;562422;2018-11-09 17:47:00:471
-1.963;5.966;8.973;395.0;1.0;51.57;48.16136;11.55258;506.8;NaN;27.4;4.8;269.8;11 / 20;562522;2018-11-09 17:47:00:571
-2.221;5.679;11.396;354.0;1.0;51.57;48.16136;11.55258;506.8;NaN;27.4;4.8;269.8;11 / 20;562621;2018-11-09 17:47:00:670
-0.086;4.884;8.303;290.0;1.0;50.45;48.16136;11.55258;506.8;NaN;27.4;4.8;269.8;11 / 20;562721;2018-11-09 17:47:00:770
-1.992;5.363;8.418;295.0;1.0;50.45;48.16136;11.55258;506.8;NaN;27.4;4.8;269.8;11 / 20;562821;2018-11-09 17:47:00:870
-1.369;5.19;10.19;326.0;1.0;50.45;48.16136;11.55258;506.8;NaN;27.4;4.8;269.8;11 / 20;562921;2018-11-09 17:47:00:970
-2.059;4.711;8.887;442.0;1.0;53.06;48.16136;11.55258;506.8;NaN;27.4;4.8;269.8;11 / 20;563021;2018-11-09 17:47:01:070
-1.944;4.673;9.768;455.0;1.0;53.06;48.16136;11.55249;506.8;NaN;28.6;4.8;270.6;11 / 20;563122;2018-11-09 17:47:01:171
-1.953;4.922;10.305;460.0;1.0;53.06;48.16136;11.55249;506.8;NaN;28.6;4.8;270.6;11 / 20;563223;2018-11-09 17:47:01:272
-1.34;3.859;8.983;405.0;1.0;50.03;48.16136;11.55249;506.8;NaN;28.6;4.8;270.6;11 / 20;563321;2018-11-09 17:47:01:370
-0.641;5.88;8.782;348.0;1.0;50.03;48.16136;11.55249;506.8;NaN;28.6;4.8;270.6;11 / 20;563421;2018-11-09 17:47:01:470
-2.116;3.706;12.23;413.0;1.0;50.03;48.16136;11.55249;506.8;NaN;28.6;4.8;270.6;11 / 20;563521;2018-11-09 17:47:01:570
-0.919;4.482;8.102;453.0;1.0;49.91;48.16136;11.55249;506.8;NaN;28.6;4.8;270.6;11 / 20;563622;2018-11-09 17:47:01:671
-1.398;4.118;11.511;452.0;1.0;49.91;48.16136;11.55249;506.8;NaN;28.6;4.8;270.6;11 / 20;563722;2018-11-09 17:47:01:771
-1.101;5.238;9.95;561.0;1.0;49.91;48.16136;11.55249;506.8;NaN;28.6;4.8;270.6;11 / 20;563822;2018-11-09 17:47:01:871
-1.407;4.855;9.912;522.0;1.0;52.3;48.16136;11.55249;506.8;NaN;28.6;4.8;270.6;11 / 20;563922;2018-11-09 17:47:01:971
-1.101;5.64;8.686;444.0;1.0;52.3;48.16136;11.55249;506.8;NaN;28.6;4.8;270.6;11 / 20;564021;2018-11-09 17:47:02:070
-1.216;5.219;9.232;406.0;1.0;52.3;48.16135;11.55239;507.5;NaN;29.6;4.8;270.4;13 / 20;564122;2018-11-09 17:47:02:171
-1.264;5.133;9.471;387.0;1.0;55.28;48.16135;11.55239;507.5;NaN;29.6;4.8;270.4;13 / 20;564222;2018-11-09 17:47:02:271
-0.89;6.225;9.787;350.0;1.0;55.28;48.16135;11.55239;507.5;NaN;29.6;4.8;270.4;13 / 20;564322;2018-11-09 17:47:02:371
-1.13;5.669;9.567;352.0;1.0;55.28;48.16135;11.55239;507.5;NaN;29.6;4.8;270.4;13 / 20;564422;2018-11-09 17:47:02:471
-1.484;5.257;7.374;348.0;1.0;55.28;48.16135;11.55239;507.5;NaN;29.6;4.8;270.4;13 / 20;564522;2018-11-09 17:47:02:571
-1.781;5.583;9.241;360.0;1.0;49.51;48.16135;11.55239;507.5;NaN;29.6;4.8;270.4;13 / 20;564622;2018-11-09 17:47:02:671
-1.197;5.976;9.529;417.0;1.0;49.51;48.16135;11.55239;507.5;NaN;29.6;4.8;270.4;13 / 20;564721;2018-11-09 17:47:02:770
-0.747;7.412;8.006;376.0;1.0;49.51;48.16135;11.55239;507.5;NaN;29.6;4.8;270.4;13 / 20;564821;2018-11-09 17:47:02:870
-1.58;5.976;8.14;388.0;1.0;50.3;48.16135;11.55239;507.5;NaN;29.6;4.8;270.4;13 / 20;564922;2018-11-09 17:47:02:971
-0.986;5.621;8.006;404.0;1.0;50.3;48.16135;11.55239;507.5;NaN;29.6;4.8;270.4;13 / 20;565021;2018-11-09 17:47:03:070
-0.679;7.144;8.696;376.0;1.0;50.3;48.16134;11.55231;507.9;NaN;28.8;4.7;269.8;13 / 20;565122;2018-11-09 17:47:03:171
-0.852;6.273;7.853;384.0;1.0;51.19;48.16134;11.55231;507.9;NaN;28.8;4.7;269.8;13 / 20;565222;2018-11-09 17:47:03:271
-1.264;5.363;8.408;367.0;1.0;51.19;48.16134;11.55231;507.9;NaN;28.8;4.7;269.8;13 / 20;565321;2018-11-09 17:47:03:370
-1.216;6.253;9.433;401.0;1.0;51.19;48.16134;11.55231;507.9;NaN;28.8;4.7;269.8;13 / 20;565421;2018-11-09 17:47:03:470
-1.11;6.598;8.849;416.0;1.0;47.77;48.16134;11.55231;507.9;NaN;28.8;4.7;269.8;13 / 20;565522;2018-11-09 17:47:03:571
-0.823;5.334;7.949;395.0;1.0;47.77;48.16134;11.55231;507.9;NaN;28.8;4.7;269.8;13 / 20;565622;2018-11-09 17:47:03:671
-1.359;5.621;9.289;390.0;1.0;47.77;48.16134;11.55231;507.9;NaN;28.8;4.7;269.8;13 / 20;565722;2018-11-09 17:47:03:771
-0.612;6.531;11.147;437.0;1.0;49.58;48.16134;11.55231;507.9;NaN;28.8;4.7;269.8;13 / 20;565822;2018-11-09 17:47:03:871
-0.526;5.727;8.13;435.0;1.0;49.58;48.16134;11.55231;507.9;NaN;28.8;4.7;269.8;13 / 20;565922;2018-11-09 17:47:03:971
-1.273;5.688;8.897;441.0;1.0;49.58;48.16134;11.55231;507.9;NaN;28.8;4.7;269.8;13 / 20;566022;2018-11-09 17:47:04:071
-1.149;6.167;9.299;509.0;1.0;49.67;48.16133;11.55223;508.4;NaN;27.9;4.6;268.2;13 / 20;566122;2018-11-09 17:47:04:171
-0.258;6.656;9.931;535.0;1.0;49.67;48.16133;11.55223;508.4;NaN;27.9;4.6;268.2;13 / 20;566222;2018-11-09 17:47:04:271
-1.072;5.487;7.843;574.0;1.0;49.67;48.16133;11.55223;508.4;NaN;27.9;4.6;268.2;13 / 20;566322;2018-11-09 17:47:04:371
-1.388;5.487;8.14;775.0;1.0;48.89;48.16133;11.55223;508.4;NaN;27.9;4.6;268.2;13 / 20;566421;2018-11-09 17:47:04:470
-0.134;5.928;9.155;842.0;1.0;48.89;48.16133;11.55223;508.4;NaN;27.9;4.6;268.2;13 / 20;566521;2018-11-09 17:47:04:570
-0.699;5.526;9.213;822.0;1.0;48.89;48.16133;11.55223;508.4;NaN;27.9;4.6;268.2;13 / 20;566621;2018-11-09 17:47:04:670
-0.986;5.564;8.973;713.0;1.0;48.71;48.16133;11.55223;508.4;NaN;27.9;4.6;268.2;13 / 20;566722;2018-11-09 17:47:04:771
-1.082;5.621;9.174;485.0;1.0;48.71;48.16133;11.55223;508.4;NaN;27.9;4.6;268.2;13 / 20;566822;2018-11-09 17:47:04:871
-1.177;5.889;9.874;295.0;1.0;48.71;48.16133;11.55223;508.4;NaN;27.9;4.6;268.2;13 / 20;566921;2018-11-09 17:47:04:970
-0.517;4.424;9.107;269.0;1.0;50.93;48.16133;11.55223;508.4;NaN;27.9;4.6;268.2;13 / 20;567021;2018-11-09 17:47:05:070
-0.938;5.114;9.27;269.0;1.0;50.93;48.16133;11.55215;508.7;NaN;27.1;4.6;268.9;13 / 20;567122;2018-11-09 17:47:05:171
-0.402;4.874;10.295;299.0;1.0;50.93;48.16133;11.55215;508.7;NaN;27.1;4.6;268.9;13 / 20;567222;2018-11-09 17:47:05:271
-0.881;4.271;10.285;319.0;1.0;50.43;48.16133;11.55215;508.7;NaN;27.1;4.6;268.9;13 / 20;567322;2018-11-09 17:47:05:371
-0.383;4.836;10.64;558.0;1.0;50.43;48.16133;11.55215;508.7;NaN;27.1;4.6;268.9;13 / 20;567422;2018-11-09 17:47:05:471
-0.296;5.564;8.753;581.0;1.0;50.43;48.16133;11.55215;508.7;NaN;27.1;4.6;268.9;13 / 20;567522;2018-11-09 17:47:05:571
-0.737;5.468;9.356;516.0;1.0;49.21;48.16133;11.55215;508.7;NaN;27.1;4.6;268.9;13 / 20;567622;2018-11-09 17:47:05:671
-0.804;4.491;11.071;495.0;1.0;49.21;48.16133;11.55215;508.7;NaN;27.1;4.6;268.9;13 / 20;567721;2018-11-09 17:47:05:770
-1.331;4.692;9.96;469.0;1.0;49.21;48.16133;11.55215;508.7;NaN;27.1;4.6;268.9;13 / 20;567821;2018-11-09 17:47:05:870
-1.168;4.491;10.305;464.0;1.0;51.14;48.16133;11.55215;508.7;NaN;27.1;4.6;268.9;13 / 20;567922;2018-11-09 17:47:05:971
-0.249;5.142;9.682;403.0;1.0;51.14;48.16133;11.55215;508.7;NaN;27.1;4.6;268.9;13 / 20;568022;2018-11-09 17:47:06:071
-0.814;4.903;9.72;378.0;1.0;51.14;48.16134;11.55207;508.8;NaN;25.5;4.5;269.5;13 / 20;568122;2018-11-09 17:47:06:171
-0.833;4.922;9.232;360.0;1.0;51.25;48.16134;11.55207;508.8;NaN;25.5;4.5;269.5;13 / 20;568221;2018-11-09 17:47:06:270
-0.66;5.19;10.218;322.0;1.0;51.25;48.16134;11.55207;508.8;NaN;25.5;4.5;269.5;13 / 20;568322;2018-11-09 17:47:06:371
-0.718;4.951;9.739;288.0;1.0;51.25;48.16134;11.55207;508.8;NaN;25.5;4.5;269.5;13 / 20;568422;2018-11-09 17:47:06:471
1.015;4.252;9.816;222.0;1.0;49.9;48.16134;11.55207;508.8;NaN;25.5;4.5;269.5;13 / 20;568522;2018-11-09 17:47:06:571
1.723;5.104;10.017;236.0;1.0;49.9;48.16134;11.55207;508.8;NaN;25.5;4.5;269.5;13 / 20;568622;2018-11-09 17:47:06:671
0.383;4.74;9.577;231.0;1.0;49.9;48.16134;11.55207;508.8;NaN;25.5;4.5;269.5;13 / 20;568721;2018-11-09 17:47:06:770
0.459;4.817;9.663;232.0;1.0;50.56;48.16134;11.55207;508.8;NaN;25.5;4.5;269.5;13 / 20;568821;2018-11-09 17:47:06:870
1.091;4.989;9.538;244.0;1.0;50.56;48.16134;11.55207;508.8;NaN;25.5;4.5;269.5;13 / 20;568921;2018-11-09 17:47:06:970
0.718;4.558;10.008;236.0;1.0;50.56;48.16134;11.55207;508.8;NaN;25.5;4.5;269.5;13 / 20;569021;2018-11-09 17:47:07:070
0.641;4.491;9.749;233.0;1.0;52.34;48.16134;11.55207;508.8;NaN;25.5;4.5;269.5;13 / 20;569122;2018-11-09 17:47:07:171
0.488;4.932;8.906;239.0;1.0;52.34;48.16135;11.55197;509.3;NaN;24.6;4.5;269.9;13 / 20;569222;2018-11-09 17:47:07:271
0.287;4.98;9.021;229.0;1.0;52.34;48.16135;11.55197;509.3;NaN;24.6;4.5;269.9;13 / 20;569322;2018-11-09 17:47:07:371
0.565;4.702;10.266;255.0;1.0;53.62;48.16135;11.55197;509.3;NaN;24.6;4.5;269.9;13 / 20;569422;2018-11-09 17:47:07:471
0.612;4.788;9.672;379.0;1.0;53.62;48.16135;11.55197;509.3;NaN;24.6;4.5;269.9;13 / 20;569521;2018-11-09 17:47:07:570
0.411;4.941;9.423;470.0;1.0;53.62;48.16135;11.55197;509.3;NaN;24.6;4.5;269.9;13 / 20;569627;2018-11-09 17:47:07:676
0.335;4.855;9.414;547.0;1.0;53.62;48.16135;11.55197;509.3;NaN;24.6;4.5;269.9;13 / 20;569721;2018-11-09 17:47:07:770
-0.143;5.2;9.232;566.0;1.0;52.11;48.16135;11.55197;509.3;NaN;24.6;4.5;269.9;13 / 20;569821;2018-11-09 17:47:07:870
0.718;4.702;10.123;502.0;1.0;52.11;48.16135;11.55197;509.3;NaN;24.6;4.5;269.9;13 / 20;569922;2018-11-09 17:47:07:971
1.561;5.842;8.475;421.0;1.0;52.11;48.16135;11.55197;509.3;NaN;24.6;4.5;269.9;13 / 20;570022;2018-11-09 17:47:08:071
0.986;4.616;8.686;227.0;1.0;49.42;48.16136;11.55188;510.1;NaN;23.6;4.4;271.1;13 / 20;570121;2018-11-09 17:47:08:170
-1.58;4.386;9.251;239.0;1.0;49.42;48.16136;11.55188;510.1;NaN;23.6;4.4;271.1;13 / 20;570222;2018-11-09 17:47:08:271
-0.928;4.395;12.076;334.0;1.0;49.42;48.16136;11.55188;510.1;NaN;23.6;4.4;271.1;13 / 20;570322;2018-11-09 17:47:08:371
-1.053;4.3;10.429;447.0;1.0;52.09;48.16136;11.55188;510.1;NaN;23.6;4.4;271.1;13 / 20;570422;2018-11-09 17:47:08:471
0.057;4.635;9.672;459.0;1.0;52.09;48.16136;11.55188;510.1;NaN;23.6;4.4;271.1;13 / 20;570521;2018-11-09 17:47:08:570
-0.181;4.721;10.601;468.0;1.0;52.09;48.16136;11.55188;510.1;NaN;23.6;4.4;271.1;13 / 20;570621;2018-11-09 17:47:08:670
-0.191;4.568;9.988;490.0;1.0;50.86;48.16136;11.55188;510.1;NaN;23.6;4.4;271.1;13 / 20;570722;2018-11-09 17:47:08:771
-0.555;4.424;9.174;507.0;1.0;50.86;48.16136;11.55188;510.1;NaN;23.6;4.4;271.1;13 / 20;570822;2018-11-09 17:47:08:871
0.153;4.75;10.247;493.0;1.0;50.86;48.16136;11.55188;510.1;NaN;23.6;4.4;271.1;13 / 20;570922;2018-11-09 17:47:08:971
0.363;4.587;9.337;453.0;1.0;50.7;48.16136;11.55188;510.1;NaN;23.6;4.4;271.1;13 / 20;571022;2018-11-09 17:47:09:071
-0.076;4.731;9.739;481.0;1.0;50.7;48.16136;11.5518;510.8;NaN;23.0;4.3;270.8;13 / 20;571122;2018-11-09 17:47:09:171
-0.43;4.721;9.874;540.0;1.0;50.7;48.16136;11.5518;510.8;NaN;23.0;4.3;270.8;13 / 20;571222;2018-11-09 17:47:09:271
0.277;4.654;9.366;533.0;1.0;47.83;48.16136;11.5518;510.8;NaN;23.0;4.3;270.8;13 / 20;571322;2018-11-09 17:47:09:371
-0.162;5.277;9.73;527.0;1.0;47.83;48.16136;11.5518;510.8;NaN;23.0;4.3;270.8;13 / 20;571422;2018-11-09 17:47:09:471
-0.316;4.424;9.146;549.0;1.0;47.83;48.16136;11.5518;510.8;NaN;23.0;4.3;270.8;13 / 20;571521;2018-11-09 17:47:09:570
-0.057;4.664;9.883;576.0;1.0;50.45;48.16136;11.5518;510.8;NaN;23.0;4.3;270.8;13 / 20;571621;2018-11-09 17:47:09:670
0.766;4.233;10.592;637.0;1.0;50.45;48.16136;11.5518;510.8;NaN;23.0;4.3;270.8;13 / 20;571721;2018-11-09 17:47:09:770
1.177;4.099;9.941;651.0;1.0;50.45;48.16136;11.5518;510.8;NaN;23.0;4.3;270.8;13 / 20;571822;2018-11-09 17:47:09:871
0.067;4.146;9.012;631.0;1.0;50.48;48.16136;11.5518;510.8;NaN;23.0;4.3;270.8;13 / 20;571922;2018-11-09 17:47:09:971
-0.067;3.936;9.711;616.0;1.0;50.48;48.16136;11.5518;510.8;NaN;23.0;4.3;270.8;13 / 20;572022;2018-11-09 17:47:10:071
-0.823;4.989;10.889;720.0;1.0;50.48;48.16136;11.55172;511.1;NaN;22.9;4.3;269.8;13 / 20;572122;2018-11-09 17:47:10:171
-1.024;4.807;10.716;731.0;1.0;50.16;48.16136;11.55172;511.1;NaN;22.9;4.3;269.8;13 / 20;572222;2018-11-09 17:47:10:271
-0.201;4.625;10.285;722.0;1.0;50.16;48.16136;11.55172;511.1;NaN;22.9;4.3;269.8;13 / 20;572322;2018-11-09 17:47:10:371
-0.009;4.817;10.276;706.0;1.0;50.16;48.16136;11.55172;511.1;NaN;22.9;4.3;269.8;13 / 20;572421;2018-11-09 17:47:10:470
-0.507;5.229;8.111;651.0;1.0;49.9;48.16136;11.55172;511.1;NaN;22.9;4.3;269.8;13 / 20;572521;2018-11-09 17:47:10:570
-0.316;4.941;9.031;605.0;1.0;49.9;48.16136;11.55172;511.1;NaN;22.9;4.3;269.8;13 / 20;572621;2018-11-09 17:47:10:670
-0.172;5.047;9.548;470.0;1.0;49.9;48.16136;11.55172;511.1;NaN;22.9;4.3;269.8;13 / 20;572721;2018-11-09 17:47:10:770
0.114;5.152;9.423;508.0;1.0;47.31;48.16136;11.55172;511.1;NaN;22.9;4.3;269.8;13 / 20;572823;2018-11-09 17:47:10:872
0.89;4.424;8.523;595.0;1.0;47.31;48.16136;11.55172;511.1;NaN;22.9;4.3;269.8;13 / 20;572922;2018-11-09 17:47:10:971
1.743;3.572;10.496;717.0;1.0;47.31;48.16136;11.55172;511.1;NaN;22.9;4.3;269.8;13 / 20;573022;2018-11-09 17:47:11:071
0.747;3.955;10.592;851.0;1.0;51.33;48.16137;11.55164;511.3;NaN;21.6;4.3;271.9;13 / 20;573122;2018-11-09 17:47:11:171
0.363;3.495;11.339;1101.0;1.0;51.33;48.16137;11.55164;511.3;NaN;21.6;4.3;271.9;14 / 20;573222;2018-11-09 17:47:11:271
0.153;3.141;10.237;1175.0;1.0;51.33;48.16137;11.55164;511.3;NaN;21.6;4.3;271.9;14 / 20;573322;2018-11-09 17:47:11:371
0.268;3.466;9.787;1250.0;1.0;50.71;48.16137;11.55164;511.3;NaN;21.6;4.3;271.9;14 / 20;573422;2018-11-09 17:47:11:471
-0.028;4.003;10.209;1219.0;1.0;50.71;48.16137;11.55164;511.3;NaN;21.6;4.3;271.9;14 / 20;573527;2018-11-09 17:47:11:576
0.143;4.127;10.63;1176.0;1.0;50.71;48.16137;11.55164;511.3;NaN;21.6;4.3;271.9;14 / 20;573622;2018-11-09 17:47:11:671
0.143;4.07;9.902;1173.0;1.0;53.77;48.16137;11.55164;511.3;NaN;21.6;4.3;271.9;14 / 20;573722;2018-11-09 17:47:11:771
-0.45;3.964;11.262;1190.0;1.0;53.77;48.16137;11.55164;511.3;NaN;21.6;4.3;271.9;14 / 20;573821;2018-11-09 17:47:11:870
-0.469;3.993;10.563;1194.0;1.0;53.77;48.16137;11.55164;511.3;NaN;21.6;4.3;271.9;14 / 20;573922;2018-11-09 17:47:11:971
-0.517;4.204;9.988;1194.0;1.0;49.93;48.16137;11.55164;511.3;NaN;21.6;4.3;271.9;14 / 20;574021;2018-11-09 17:47:12:070
-0.028;4.099;10.486;1135.0;1.0;49.93;48.16137;11.55157;511.3;NaN;21.5;4.4;269.8;14 / 20;574121;2018-11-09 17:47:12:170
-0.105;4.118;10.343;1124.0;1.0;49.93;48.16137;11.55157;511.3;NaN;21.5;4.4;269.8;14 / 20;574221;2018-11-09 17:47:12:270
-0.047;4.012;10.17;1156.0;1.0;50.77;48.16137;11.55157;511.3;NaN;21.5;4.4;269.8;14 / 20;574321;2018-11-09 17:47:12:370
-0.641;4.29;9.893;1192.0;1.0;50.77;48.16137;11.55157;511.3;NaN;21.5;4.4;269.8;14 / 20;574422;2018-11-09 17:47:12:471
-0.756;4.185;10.554;1213.0;1.0;50.77;48.16137;11.55157;511.3;NaN;21.5;4.4;269.8;14 / 20;574522;2018-11-09 17:47:12:571
-0.9;4.233;10.027;1245.0;1.0;50.38;48.16137;11.55157;511.3;NaN;21.5;4.4;269.8;14 / 20;574622;2018-11-09 17:47:12:671
-0.43;4.146;10.803;1235.0;1.0;50.38;48.16137;11.55157;511.3;NaN;21.5;4.4;269.8;14 / 20;574722;2018-11-09 17:47:12:771
-0.335;3.984;9.739;1205.0;1.0;50.38;48.16137;11.55157;511.3;NaN;21.5;4.4;269.8;14 / 20;574822;2018-11-09 17:47:12:871
-0.498;4.175;10.343;1208.0;1.0;50.46;48.16137;11.55157;511.3;NaN;21.5;4.4;269.8;14 / 20;574922;2018-11-09 17:47:12:971
-0.536;4.453;10.477;1155.0;1.0;50.46;48.16137;11.55157;511.3;NaN;21.5;4.4;269.8;14 / 20;575021;2018-11-09 17:47:13:070
-0.612;4.357;10.391;1117.0;1.0;50.46;48.16137;11.55149;511.4;NaN;21.0;4.5;268.0;14 / 20;575122;2018-11-09 17:47:13:171
-0.057;4.29;10.4;1081.0;1.0;52.22;48.16137;11.55149;511.4;NaN;21.0;4.5;268.0;14 / 20;575221;2018-11-09 17:47:13:270
-0.047;4.558;9.883;955.0;1.0;52.22;48.16137;11.55149;511.4;NaN;21.0;4.5;268.0;14 / 20;575321;2018-11-09 17:47:13:370
0.028;4.386;10.534;898.0;1.0;52.22;48.16137;11.55149;511.4;NaN;21.0;4.5;268.0;14 / 20;575421;2018-11-09 17:47:13:470
-0.191;4.903;10.046;862.0;1.0;50.65;48.16137;11.55149;511.4;NaN;21.0;4.5;268.0;14 / 20;575522;2018-11-09 17:47:13:571
-0.009;4.74;9.749;808.0;1.0;50.65;48.16137;11.55149;511.4;NaN;21.0;4.5;268.0;14 / 20;575622;2018-11-09 17:47:13:671
-0.344;4.951;9.443;809.0;1.0;50.65;48.16137;11.55149;511.4;NaN;21.0;4.5;268.0;14 / 20;575722;2018-11-09 17:47:13:771
-0.526;4.769;10.151;840.0;1.0;49.51;48.16137;11.55149;511.4;NaN;21.0;4.5;268.0;14 / 20;575822;2018-11-09 17:47:13:871
-0.44;4.826;9.988;840.0;1.0;49.51;48.16137;11.55149;511.4;NaN;21.0;4.5;268.0;14 / 20;575922;2018-11-09 17:47:13:971
-0.392;4.826;9.701;847.0;1.0;49.51;48.16137;11.55149;511.4;NaN;21.0;4.5;268.0;14 / 20;576022;2018-11-09 17:47:14:071
-0.316;4.893;10.372;851.0;1.0;51.43;48.16136;11.55139;511.5;NaN;22.8;4.6;264.5;14 / 20;576122;2018-11-09 17:47:14:171
-0.143;4.635;9.95;865.0;1.0;51.43;48.16136;11.55139;511.5;NaN;22.8;4.6;264.5;14 / 20;576222;2018-11-09 17:47:14:271
-0.632;4.798;10.525;862.0;1.0;51.43;48.16136;11.55139;511.5;NaN;22.8;4.6;264.5;14 / 20;576322;2018-11-09 17:47:14:371
0.095;4.415;9.653;935.0;1.0;51.79;48.16136;11.55139;511.5;NaN;22.8;4.6;264.5;14 / 20;576422;2018-11-09 17:47:14:471
0.047;4.386;10.63;949.0;1.0;51.79;48.16136;11.55139;511.5;NaN;22.8;4.6;264.5;14 / 20;576522;2018-11-09 17:47:14:571
0.105;4.28;9.902;977.0;1.0;51.79;48.16136;11.55139;511.5;NaN;22.8;4.6;264.5;14 / 20;576621;2018-11-09 17:47:14:670
-0.191;4.51;10.305;977.0;1.0;52.22;48.16136;11.55139;511.5;NaN;22.8;4.6;264.5;14 / 20;576721;2018-11-09 17:47:14:770
-0.124;4.817;9.586;961.0;1.0;52.22;48.16136;11.55139;511.5;NaN;22.8;4.6;264.5;14 / 20;576821;2018-11-09 17:47:14:870
-0.45;5.142;10.008;904.0;1.0;52.22;48.16136;11.55139;511.5;NaN;22.8;4.6;264.5;14 / 20;576922;2018-11-09 17:47:14:971
-0.756;5.142;9.213;888.0;1.0;50.81;48.16136;11.55139;511.5;NaN;22.8;4.6;264.5;14 / 20;577022;2018-11-09 17:47:15:071
-0.679;4.836;9.902;920.0;1.0;50.81;48.16135;11.5513;511.6;NaN;22.8;4.6;263.1;14 / 20;577122;2018-11-09 17:47:15:171
-0.967;5.162;9.663;919.0;1.0;50.81;48.16135;11.5513;511.6;NaN;22.8;4.6;263.1;14 / 20;577221;2018-11-09 17:47:15:270
-0.45;4.999;9.739;921.0;1.0;52.62;48.16135;11.5513;511.6;NaN;22.8;4.6;263.1;14 / 20;577321;2018-11-09 17:47:15:370
-0.268;4.817;9.433;881.0;1.0;52.62;48.16135;11.5513;511.6;NaN;22.8;4.6;263.1;14 / 20;577422;2018-11-09 17:47:15:471
-0.095;5.037;9.931;879.0;1.0;52.62;48.16135;11.5513;511.6;NaN;22.8;4.6;263.1;14 / 20;577522;2018-11-09 17:47:15:571
-0.344;5.171;9.826;862.0;1.0;54.84;48.16135;11.5513;511.6;NaN;22.8;4.6;263.1;14 / 20;577622;2018-11-09 17:47:15:671
-0.402;5.353;8.657;842.0;1.0;54.84;48.16135;11.5513;511.6;NaN;22.8;4.6;263.1;14 / 20;577722;2018-11-09 17:47:15:771
-0.22;5.391;9.625;814.0;1.0;54.84;48.16135;11.5513;511.6;NaN;22.8;4.6;263.1;14 / 20;577822;2018-11-09 17:47:15:871
-0.622;5.2;9.835;846.0;1.0;57.7;48.16135;11.5513;511.6;NaN;22.8;4.6;263.1;14 / 20;577922;2018-11-09 17:47:15:971
-0.43;5.506;9.615;826.0;1.0;57.7;48.16135;11.5513;511.6;NaN;22.8;4.6;263.1;14 / 20;578021;2018-11-09 17:47:16:070
-0.632;5.64;8.542;825.0;1.0;57.7;48.16134;11.55122;511.7;NaN;22.2;4.6;262.1;14 / 20;578122;2018-11-09 17:47:16:171
-1.034;5.736;8.638;821.0;1.0;52.52;48.16134;11.55122;511.7;NaN;22.2;4.6;262.1;14 / 20;578222;2018-11-09 17:47:16:271
-0.354;5.813;9.184;832.0;1.0;52.52;48.16134;11.55122;511.7;NaN;22.2;4.6;262.1;14 / 20;578322;2018-11-09 17:47:16:371
-0.957;5.65;9.289;843.0;1.0;52.52;48.16134;11.55122;511.7;NaN;22.2;4.6;262.1;14 / 20;578422;2018-11-09 17:47:16:471
-0.881;5.487;8.533;836.0;1.0;54.6;48.16134;11.55122;511.7;NaN;22.2;4.6;262.1;14 / 20;578521;2018-11-09 17:47:16:570
-0.737;5.564;10.17;852.0;1.0;54.6;48.16134;11.55122;511.7;NaN;22.2;4.6;262.1;14 / 20;578621;2018-11-09 17:47:16:670
-0.344;5.209;8.437;851.0;1.0;54.6;48.16134;11.55122;511.7;NaN;22.2;4.6;262.1;14 / 20;578722;2018-11-09 17:47:16:771
0.009;5.497;9.356;843.0;1.0;60.15;48.16134;11.55122;511.7;NaN;22.2;4.6;262.1;14 / 20;578822;2018-11-09 17:47:16:871
-0.019;4.577;9.605;866.0;1.0;60.15;48.16134;11.55122;511.7;NaN;22.2;4.6;262.1;14 / 20;578922;2018-11-09 17:47:16:971
0.0;4.683;9.462;869.0;1.0;60.15;48.16134;11.55122;511.7;NaN;22.2;4.6;262.1;14 / 20;579022;2018-11-09 17:47:17:071
0.076;5.478;9.433;849.0;1.0;61.0;48.16133;11.55115;512.0;NaN;21.6;4.6;260.9;14 / 20;579122;2018-11-09 17:47:17:171
-0.392;5.64;9.136;841.0;1.0;61.0;48.16133;11.55115;512.0;NaN;21.6;4.6;260.9;14 / 20;579222;2018-11-09 17:47:17:271
-1.053;5.449;10.285;780.0;1.0;61.0;48.16133;11.55115;512.0;NaN;21.6;4.6;260.9;14 / 20;579322;2018-11-09 17:47:17:371
-0.9;5.506;9.404;798.0;1.0;63.73;48.16133;11.55115;512.0;NaN;21.6;4.6;260.9;14 / 20;579421;2018-11-09 17:47:17:470
-0.622;5.669;9.059;790.0;1.0;63.73;48.16133;11.55115;512.0;NaN;21.6;4.6;260.9;14 / 20;579521;2018-11-09 17:47:17:570
-0.507;5.583;8.226;823.0;1.0;63.73;48.16133;11.55115;512.0;NaN;21.6;4.6;260.9;14 / 20;579621;2018-11-09 17:47:17:670
-0.344;5.324;11.262;798.0;1.0;52.04;48.16133;11.55115;512.0;NaN;21.6;4.6;260.9;14 / 20;579722;2018-11-09 17:47:17:771
-0.44;5.487;7.968;848.0;1.0;52.04;48.16133;11.55115;512.0;NaN;21.6;4.6;260.9;14 / 20;579822;2018-11-09 17:47:17:871
-0.699;5.497;10.209;820.0;1.0;52.04;48.16133;11.55115;512.0;NaN;21.6;4.6;260.9;14 / 20;579921;2018-11-09 17:47:17:970
-0.335;5.219;8.973;808.0;1.0;61.48;48.16133;11.55115;512.0;NaN;21.6;4.6;260.9;14 / 20;580021;2018-11-09 17:47:18:070
-0.153;5.181;9.979;806.0;1.0;61.48;48.16132;11.55107;512.1;NaN;21.6;4.6;259.8;13 / 20;580122;2018-11-09 17:47:18:171
-0.43;5.267;9.251;804.0;1.0;61.48;48.16132;11.55107;512.1;NaN;21.6;4.6;259.8;13 / 20;580222;2018-11-09 17:47:18:271
-0.43;5.257;9.481;827.0;1.0;59.65;48.16132;11.55107;512.1;NaN;21.6;4.6;259.8;13 / 20;580322;2018-11-09 17:47:18:371
-0.507;5.162;10.314;831.0;1.0;59.65;48.16132;11.55107;512.1;NaN;21.6;4.6;259.8;13 / 20;580422;2018-11-09 17:47:18:471
0.047;4.932;8.945;799.0;1.0;59.65;48.16132;11.55107;512.1;NaN;21.6;4.6;259.8;13 / 20;580521;2018-11-09 17:47:18:570
-0.622;5.439;8.906;786.0;1.0;60.91;48.16132;11.55107;512.1;NaN;21.6;4.6;259.8;13 / 20;580622;2018-11-09 17:47:18:671
-0.574;5.018;10.113;802.0;1.0;60.91;48.16132;11.55107;512.1;NaN;21.6;4.6;259.8;13 / 20;580722;2018-11-09 17:47:18:771
-0.469;5.344;9.433;803.0;1.0;60.91;48.16132;11.55107;512.1;NaN;21.6;4.6;259.8;13 / 20;580822;2018-11-09 17:47:18:871
-0.45;5.411;9.768;830.0;1.0;56.14;48.16132;11.55107;512.1;NaN;21.6;4.6;259.8;13 / 20;580921;2018-11-09 17:47:18:970
-0.488;5.324;9.289;826.0;1.0;56.14;48.16132;11.55107;512.1;NaN;21.6;4.6;259.8;13 / 20;581022;2018-11-09 17:47:19:071
-0.421;5.324;9.672;834.0;1.0;56.14;48.16131;11.55099;512.2;NaN;22.0;4.7;259.9;13 / 20;581122;2018-11-09 17:47:19:171
-0.268;5.267;9.299;821.0;1.0;53.76;48.16131;11.55099;512.2;NaN;22.0;4.7;259.9;13 / 20;581221;2018-11-09 17:47:19:270
-0.507;5.363;9.529;825.0;1.0;53.76;48.16131;11.55099;512.2;NaN;22.0;4.7;259.9;13 / 20;581321;2018-11-09 17:47:19:370
-0.498;5.449;9.107;852.0;1.0;53.76;48.16131;11.55099;512.2;NaN;22.0;4.7;259.9;13 / 20;581421;2018-11-09 17:47:19:470
-0.737;5.391;9.414;842.0;1.0;53.24;48.16131;11.55099;512.2;NaN;22.0;4.7;259.9;13 / 20;581522;2018-11-09 17:47:19:571
-1.005;5.114;9.49;835.0;1.0;53.24;48.16131;11.55099;512.2;NaN;22.0;4.7;259.9;13 / 20;581622;2018-11-09 17:47:19:671
-0.89;5.162;9.663;842.0;1.0;53.24;48.16131;11.55099;512.2;NaN;22.0;4.7;259.9;13 / 20;581722;2018-11-09 17:47:19:771
-0.823;5.277;9.414;848.0;1.0;53.24;48.16131;11.55099;512.2;NaN;22.0;4.7;259.9;13 / 20;581822;2018-11-09 17:47:19:871
-0.651;5.171;9.864;853.0;1.0;53.14;48.16131;11.55099;512.2;NaN;22.0;4.7;259.9;13 / 20;581922;2018-11-09 17:47:19:971
-0.555;5.238;9.73;865.0;1.0;53.14;48.16131;11.55099;512.2;NaN;22.0;4.7;259.9;13 / 20;582022;2018-11-09 17:47:20:071
-0.584;5.2;9.423;860.0;1.0;53.14;48.1613;11.55091;512.3;NaN;22.7;4.8;260.2;13 / 20;582126;2018-11-09 17:47:20:175
-0.459;5.152;9.634;870.0;1.0;54.39;48.1613;11.55091;512.3;NaN;22.7;4.8;260.2;13 / 20;582222;2018-11-09 17:47:20:271
-0.833;4.999;9.778;842.0;1.0;54.39;48.1613;11.55091;512.3;NaN;22.7;4.8;260.2;13 / 20;582322;2018-11-09 17:47:20:371
-0.794;5.085;9.998;864.0;1.0;54.39;48.1613;11.55091;512.3;NaN;22.7;4.8;260.2;13 / 20;582422;2018-11-09 17:47:20:471
-0.498;5.315;9.72;842.0;1.0;54.43;48.1613;11.55091;512.3;NaN;22.7;4.8;260.2;13 / 20;582522;2018-11-09 17:47:20:571
-0.766;5.277;9.155;826.0;1.0;54.43;48.1613;11.55091;512.3;NaN;22.7;4.8;260.2;13 / 20;582621;2018-11-09 17:47:20:670
-0.737;5.324;10.046;802.0;1.0;54.43;48.1613;11.55091;512.3;NaN;22.7;4.8;260.2;13 / 20;582721;2018-11-09 17:47:20:770
-0.43;5.372;9.04;805.0;1.0;55.49;48.1613;11.55091;512.3;NaN;22.7;4.8;260.2;13 / 20;582821;2018-11-09 17:47:20:870
-0.402;5.334;9.376;821.0;1.0;55.49;48.1613;11.55091;512.3;NaN;22.7;4.8;260.2;13 / 20;582921;2018-11-09 17:47:20:970
-0.488;5.056;9.701;825.0;1.0;55.49;48.1613;11.55091;512.3;NaN;22.7;4.8;260.2;13 / 20;583022;2018-11-09 17:47:21:071
-0.229;5.095;9.414;806.0;1.0;56.08;48.1613;11.55091;512.3;NaN;22.7;4.8;260.2;13 / 20;583121;2018-11-09 17:47:21:170
-0.641;5.238;10.017;808.0;1.0;56.08;48.1613;11.55083;512.3;NaN;22.2;4.9;263.5;13 / 20;583222;2018-11-09 17:47:21:271
-0.842;5.085;9.653;798.0;1.0;56.08;48.1613;11.55083;512.3;NaN;22.2;4.9;263.5;13 / 20;583321;2018-11-09 17:47:21:370
-0.775;5.257;9.672;814.0;1.0;55.58;48.1613;11.55083;512.3;NaN;22.2;4.9;263.5;13 / 20;583422;2018-11-09 17:47:21:471
-0.689;5.066;10.19;842.0;1.0;55.58;48.1613;11.55083;512.3;NaN;22.2;4.9;263.5;13 / 20;583522;2018-11-09 17:47:21:571
-0.766;5.142;8.945;850.0;1.0;55.58;48.1613;11.55083;512.3;NaN;22.2;4.9;263.5;13 / 20;583622;2018-11-09 17:47:21:671
-0.44;5.047;9.807;841.0;1.0;53.32;48.1613;11.55083;512.3;NaN;22.2;4.9;263.5;13 / 20;583721;2018-11-09 17:47:21:770
-0.555;4.941;9.749;853.0;1.0;53.32;48.1613;11.55083;512.3;NaN;22.2;4.9;263.5;13 / 20;583822;2018-11-09 17:47:21:871
-0.555;4.807;11.023;867.0;1.0;53.32;48.1613;11.55083;512.3;NaN;22.2;4.9;263.5;13 / 20;583922;2018-11-09 17:47:21:971
-0.038;5.162;9.433;829.0;1.0;54.44;48.1613;11.55083;512.3;NaN;22.2;4.9;263.5;13 / 20;584022;2018-11-09 17:47:22:071
-0.785;5.755;9.443;820.0;1.0;54.44;48.1613;11.55074;512.4;NaN;23.6;5.0;266.3;13 / 20;584124;2018-11-09 17:47:22:173
-0.392;5.985;9.184;774.0;1.0;54.44;48.1613;11.55074;512.4;NaN;23.6;5.0;266.3;13 / 20;584221;2018-11-09 17:47:22:270
-0.517;6.847;8.81;753.0;1.0;51.86;48.1613;11.55074;512.4;NaN;23.6;5.0;266.3;13 / 20;584321;2018-11-09 17:47:22:370
-1.197;6.186;7.958;773.0;1.0;51.86;48.1613;11.55074;512.4;NaN;23.6;5.0;266.3;13 / 20;584423;2018-11-09 17:47:22:472
-1.015;6.416;8.763;752.0;1.0;51.86;48.1613;11.55074;512.4;NaN;23.6;5.0;266.3;13 / 20;584522;2018-11-09 17:47:22:571
-0.756;6.512;8.447;732.0;1.0;56.6;48.1613;11.55074;512.4;NaN;23.6;5.0;266.3;13 / 20;584622;2018-11-09 17:47:22:671
-0.737;6.598;8.514;735.0;1.0;56.6;48.1613;11.55074;512.4;NaN;23.6;5.0;266.3;13 / 20;584722;2018-11-09 17:47:22:771
-0.612;6.79;8.198;717.0;1.0;56.6;48.1613;11.55074;512.4;NaN;23.6;5.0;266.3;13 / 20;584822;2018-11-09 17:47:22:871
-0.881;6.541;8.542;715.0;1.0;56.93;48.1613;11.55074;512.4;NaN;23.6;5.0;266.3;13 / 20;584922;2018-11-09 17:47:22:971
-0.861;6.253;8.408;739.0;1.0;56.93;48.1613;11.55074;512.4;NaN;23.6;5.0;266.3;13 / 20;585021;2018-11-09 17:47:23:070
0.019;5.937;10.467;727.0;1.0;56.93;48.16129;11.55064;512.4;NaN;24.6;5.2;266.8;13 / 20;585122;2018-11-09 17:47:23:171
-0.239;5.995;9.088;746.0;1.0;59.35;48.16129;11.55064;512.4;NaN;24.6;5.2;266.8;13 / 20;585222;2018-11-09 17:47:23:271
-0.335;5.813;8.791;755.0;1.0;59.35;48.16129;11.55064;512.4;NaN;24.6;5.2;266.8;13 / 20;585322;2018-11-09 17:47:23:371
-0.383;6.273;9.088;751.0;1.0;59.35;48.16129;11.55064;512.4;NaN;24.6;5.2;266.8;13 / 20;585422;2018-11-09 17:47:23:471
-0.574;6.205;8.188;761.0;1.0;58.09;48.16129;11.55064;512.4;NaN;24.6;5.2;266.8;13 / 20;585521;2018-11-09 17:47:23:570
-0.928;6.062;10.582;749.0;1.0;58.09;48.16129;11.55064;512.4;NaN;24.6;5.2;266.8;13 / 20;585621;2018-11-09 17:47:23:670
-0.747;5.995;8.035;777.0;1.0;58.09;48.16129;11.55064;512.4;NaN;24.6;5.2;266.8;13 / 20;585721;2018-11-09 17:47:23:770
-1.024;6.014;8.485;791.0;1.0;55.42;48.16129;11.55064;512.4;NaN;24.6;5.2;266.8;13 / 20;585821;2018-11-09 17:47:23:870
-0.545;5.861;8.868;782.0;1.0;55.42;48.16129;11.55064;512.4;NaN;24.6;5.2;266.8;13 / 20;585921;2018-11-09 17:47:23:970
-0.948;6.158;9.107;793.0;1.0;55.42;48.16129;11.55064;512.4;NaN;24.6;5.2;266.8;13 / 20;586022;2018-11-09 17:47:24:071
-0.9;5.698;8.801;794.0;1.0;57.43;48.16129;11.55054;512.5;NaN;25.4;5.4;267.5;13 / 20;586122;2018-11-09 17:47:24:171
-0.948;6.004;8.964;790.0;1.0;57.43;48.16129;11.55054;512.5;NaN;25.4;5.4;267.5;11 / 20;586222;2018-11-09 17:47:24:271
-0.794;5.717;9.031;798.0;1.0;57.43;48.16129;11.55054;512.5;NaN;25.4;5.4;267.5;11 / 20;586322;2018-11-09 17:47:24:371
-0.66;5.918;9.261;801.0;1.0;57.5;48.16129;11.55054;512.5;NaN;25.4;5.4;267.5;11 / 20;586424;2018-11-09 17:47:24:473
-0.794;5.851;8.82;795.0;1.0;57.5;48.16129;11.55054;512.5;NaN;25.4;5.4;267.5;11 / 20;586521;2018-11-09 17:47:24:570
-0.555;5.832;8.475;803.0;1.0;57.5;48.16129;11.55054;512.5;NaN;25.4;5.4;267.5;11 / 20;586622;2018-11-09 17:47:24:671
-0.641;5.909;8.638;794.0;1.0;56.58;48.16129;11.55054;512.5;NaN;25.4;5.4;267.5;11 / 20;586723;2018-11-09 17:47:24:772
-0.842;5.487;9.347;811.0;1.0;56.58;48.16129;11.55054;512.5;NaN;25.4;5.4;267.5;11 / 20;586824;2018-11-09 17:47:24:873
-0.344;5.736;9.481;787.0;1.0;56.58;48.16129;11.55054;512.5;NaN;25.4;5.4;267.5;11 / 20;586921;2018-11-09 17:47:24:970
-0.861;5.832;8.734;802.0;1.0;57.87;48.16129;11.55054;512.5;NaN;25.4;5.4;267.5;11 / 20;587022;2018-11-09 17:47:25:071
-0.641;5.631;9.328;808.0;1.0;57.87;48.16129;11.55044;512.5;NaN;25.9;5.7;267.8;11 / 20;587121;2018-11-09 17:47:25:170
-0.708;5.861;9.194;806.0;1.0;57.87;48.16129;11.55044;512.5;NaN;25.9;5.7;267.8;11 / 20;587221;2018-11-09 17:47:25:270
-0.526;5.688;8.801;788.0;1.0;56.18;48.16129;11.55044;512.5;NaN;25.9;5.7;267.8;11 / 20;587321;2018-11-09 17:47:25:370
-0.593;5.88;9.079;789.0;1.0;56.18;48.16129;11.55044;512.5;NaN;25.9;5.7;267.8;11 / 20;587422;2018-11-09 17:47:25:471
-0.708;5.631;8.925;784.0;1.0;56.18;48.16129;11.55044;512.5;NaN;25.9;5.7;267.8;11 / 20;587522;2018-11-09 17:47:25:571
-0.593;6.167;10.18;762.0;1.0;51.54;48.16129;11.55044;512.5;NaN;25.9;5.7;267.8;11 / 20;587622;2018-11-09 17:47:25:671
-0.708;5.554;8.265;800.0;1.0;51.54;48.16129;11.55044;512.5;NaN;25.9;5.7;267.8;11 / 20;587722;2018-11-09 17:47:25:771
-0.612;6.081;9.988;777.0;1.0;51.54;48.16129;11.55044;512.5;NaN;25.9;5.7;267.8;11 / 20;587822;2018-11-09 17:47:25:871
-0.622;5.602;8.341;802.0;1.0;52.98;48.16129;11.55044;512.5;NaN;25.9;5.7;267.8;11 / 20;587922;2018-11-09 17:47:25:971
-0.67;5.746;10.161;808.0;1.0;52.98;48.16129;11.55044;512.5;NaN;25.9;5.7;267.8;11 / 20;588022;2018-11-09 17:47:26:071
-0.574;5.487;9.49;811.0;1.0;52.98;48.16129;11.55036;512.6;NaN;25.3;5.7;270.5;11 / 20;588121;2018-11-09 17:47:26:170
-0.603;5.698;9.136;809.0;1.0;50.34;48.16129;11.55036;512.6;NaN;25.3;5.7;270.5;11 / 20;588222;2018-11-09 17:47:26:271
-0.574;5.832;9.04;807.0;1.0;50.34;48.16129;11.55036;512.6;NaN;25.3;5.7;270.5;11 / 20;588322;2018-11-09 17:47:26:371
-0.488;5.602;9.002;818.0;1.0;50.34;48.16129;11.55036;512.6;NaN;25.3;5.7;270.5;11 / 20;588422;2018-11-09 17:47:26:471
-0.268;5.736;9.05;823.0;1.0;48.93;48.16129;11.55036;512.6;NaN;25.3;5.7;270.5;11 / 20;588522;2018-11-09 17:47:26:571
-0.507;5.497;9.059;821.0;1.0;48.93;48.16129;11.55036;512.6;NaN;25.3;5.7;270.5;11 / 20;588622;2018-11-09 17:47:26:671
-0.967;5.382;9.711;833.0;1.0;48.93;48.16129;11.55036;512.6;NaN;25.3;5.7;270.5;11 / 20;588721;2018-11-09 17:47:26:770
-1.398;5.315;9.241;873.0;1.0;49.93;48.16129;11.55036;512.6;NaN;25.3;5.7;270.5;11 / 20;588822;2018-11-09 17:47:26:871
-1.015;5.765;9.069;839.0;1.0;49.93;48.16129;11.55036;512.6;NaN;25.3;5.7;270.5;11 / 20;588922;2018-11-09 17:47:26:971
-0.44;6.273;8.312;810.0;1.0;49.93;48.16129;11.55036;512.6;NaN;25.3;5.7;270.5;11 / 20;589022;2018-11-09 17:47:27:071
-0.861;6.033;8.791;801.0;1.0;49.93;48.1613;11.55029;512.7;NaN;24.1;5.7;272.1;11 / 20;589121;2018-11-09 17:47:27:170
-1.101;6.014;8.638;803.0;1.0;45.63;48.1613;11.55029;512.7;NaN;24.1;5.7;272.1;10 / 20;589222;2018-11-09 17:47:27:271
-0.708;6.282;8.686;808.0;1.0;45.63;48.1613;11.55029;512.7;NaN;24.1;5.7;272.1;10 / 20;589322;2018-11-09 17:47:27:371
-0.861;6.407;8.983;807.0;1.0;45.63;48.1613;11.55029;512.7;NaN;24.1;5.7;272.1;10 / 20;589424;2018-11-09 17:47:27:473
-1.063;6.263;8.705;804.0;1.0;45.53;48.1613;11.55029;512.7;NaN;24.1;5.7;272.1;10 / 20;589522;2018-11-09 17:47:27:571
-1.743;6.024;9.376;813.0;1.0;45.53;48.1613;11.55029;512.7;NaN;24.1;5.7;272.1;10 / 20;589622;2018-11-09 17:47:27:671
-1.235;6.091;8.15;808.0;1.0;45.53;48.1613;11.55029;512.7;NaN;24.1;5.7;272.1;10 / 20;589722;2018-11-09 17:47:27:771
-1.187;6.062;8.6;801.0;1.0;44.9;48.1613;11.55029;512.7;NaN;24.1;5.7;272.1;10 / 20;589821;2018-11-09 17:47:27:870
-1.091;5.784;8.6;811.0;1.0;44.9;48.1613;11.55029;512.7;NaN;24.1;5.7;272.1;10 / 20;589922;2018-11-09 17:47:27:971
-0.871;6.033;8.887;820.0;1.0;44.9;48.1613;11.55029;512.7;NaN;24.1;5.7;272.1;10 / 20;590021;2018-11-09 17:47:28:070
-0.785;5.765;9.299;822.0;1.0;46.81;48.1613;11.55023;512.8;NaN;22.3;5.9;273.0;10 / 20;590121;2018-11-09 17:47:28:170
-0.459;5.478;9.299;844.0;1.0;46.81;48.1613;11.55023;512.8;NaN;22.3;5.9;273.0;10 / 20;590222;2018-11-09 17:47:28:271
-0.727;5.458;9.739;852.0;1.0;46.81;48.1613;11.55023;512.8;NaN;22.3;5.9;273.0;10 / 20;590321;2018-11-09 17:47:28:370
-0.498;5.593;9.107;869.0;1.0;46.41;48.1613;11.55023;512.8;NaN;22.3;5.9;273.0;10 / 20;590421;2018-11-09 17:47:28:470
-0.708;5.564;9.27;857.0;1.0;46.41;48.1613;11.55023;512.8;NaN;22.3;5.9;273.0;10 / 20;590523;2018-11-09 17:47:28:572
-0.43;5.535;9.241;850.0;1.0;46.41;48.1613;11.55023;512.8;NaN;22.3;5.9;273.0;10 / 20;590623;2018-11-09 17:47:28:672
-0.44;5.621;9.261;845.0;1.0;50.84;48.1613;11.55023;512.8;NaN;22.3;5.9;273.0;10 / 20;590722;2018-11-09 17:47:28:771
-0.699;5.621;9.213;856.0;1.0;50.84;48.1613;11.55023;512.8;NaN;22.3;5.9;273.0;10 / 20;590823;2018-11-09 17:47:28:872
-0.622;5.487;9.347;871.0;1.0;50.84;48.1613;11.55023;512.8;NaN;22.3;5.9;273.0;10 / 20;590923;2018-11-09 17:47:28:972
-0.689;5.679;8.906;834.0;1.0;49.69;48.1613;11.55023;512.8;NaN;22.3;5.9;273.0;10 / 20;591021;2018-11-09 17:47:29:070
-0.89;5.65;9.337;852.0;1.0;49.69;48.16129;11.55017;512.9;NaN;20.9;6.0;273.3;10 / 20;591124;2018-11-09 17:47:29:173
-0.957;5.612;8.973;851.0;1.0;49.69;48.16129;11.55017;512.9;NaN;20.9;6.0;273.3;10 / 20;591222;2018-11-09 17:47:29:271
-0.842;5.698;8.973;859.0;1.0;46.69;48.16129;11.55017;512.9;NaN;20.9;6.0;273.3;10 / 20;591322;2018-11-09 17:47:29:371
-0.526;5.612;9.261;870.0;1.0;46.69;48.16129;11.55017;512.9;NaN;20.9;6.0;273.3;10 / 20;591423;2018-11-09 17:47:29:472
-0.632;5.707;9.059;878.0;1.0;46.69;48.16129;11.55017;512.9;NaN;20.9;6.0;273.3;10 / 20;591522;2018-11-09 17:47:29:571
-0.612;5.832;9.328;856.0;1.0;46.23;48.16129;11.55017;512.9;NaN;20.9;6.0;273.3;10 / 20;591622;2018-11-09 17:47:29:671
-0.852;5.88;8.552;854.0;1.0;46.23;48.16129;11.55017;512.9;NaN;20.9;6.0;273.3;10 / 20;591721;2018-11-09 17:47:29:770
-0.325;5.976;9.27;864.0;1.0;46.23;48.16129;11.55017;512.9;NaN;20.9;6.0;273.3;10 / 20;591823;2018-11-09 17:47:29:872
-0.957;5.631;9.232;843.0;1.0;47.18;48.16129;11.55017;512.9;NaN;20.9;6.0;273.3;10 / 20;591922;2018-11-09 17:47:29:971
-0.67;5.909;9.414;844.0;1.0;47.18;48.16129;11.55017;512.9;NaN;20.9;6.0;273.3;10 / 20;592022;2018-11-09 17:47:30:071
-0.948;6.301;8.724;834.0;1.0;47.18;48.16129;11.55009;512.9;NaN;21.6;6.2;274.2;10 / 20;592122;2018-11-09 17:47:30:171
-0.794;6.186;8.609;864.0;1.0;53.58;48.16129;11.55009;512.9;NaN;21.6;6.2;274.2;10 / 20;592222;2018-11-09 17:47:30:271
-1.024;6.608;9.098;909.0;1.0;53.58;48.16129;11.55009;512.9;NaN;21.6;6.2;274.2;10 / 20;592322;2018-11-09 17:47:30:371
-1.235;6.273;8.456;894.0;1.0;53.58;48.16129;11.55009;512.9;NaN;21.6;6.2;274.2;10 / 20;592422;2018-11-09 17:47:30:471
-0.976;6.273;8.954;920.0;1.0;56.31;48.16129;11.55009;512.9;NaN;21.6;6.2;274.2;10 / 20;592523;2018-11-09 17:47:30:572
-0.526;6.636;9.308;896.0;1.0;56.31;48.16129;11.55009;512.9;NaN;21.6;6.2;274.2;10 / 20;592622;2018-11-09 17:47:30:671
-0.814;6.158;8.198;905.0;1.0;56.31;48.16129;11.55009;512.9;NaN;21.6;6.2;274.2;10 / 20;592721;2018-11-09 17:47:30:770
-0.928;6.416;9.548;898.0;1.0;49.23;48.16129;11.55009;512.9;NaN;21.6;6.2;274.2;10 / 20;592822;2018-11-09 17:47:30:871
-0.287;6.617;8.59;899.0;1.0;49.23;48.16129;11.55009;512.9;NaN;21.6;6.2;274.2;10 / 20;592922;2018-11-09 17:47:30:971
-0.708;6.215;8.878;906.0;1.0;49.23;48.16129;11.55009;512.9;NaN;21.6;6.2;274.2;10 / 20;593023;2018-11-09 17:47:31:072
-0.651;6.234;8.954;903.0;1.0;49.51;48.16129;11.55001;513.0;NaN;22.2;6.3;275.1;10 / 20;593122;2018-11-09 17:47:31:171
-0.545;6.32;8.868;899.0;1.0;49.51;48.16129;11.55001;513.0;NaN;22.2;6.3;275.1;10 / 20;593222;2018-11-09 17:47:31:271
-0.948;6.435;8.341;889.0;1.0;49.51;48.16129;11.55001;513.0;NaN;22.2;6.3;275.1;10 / 20;593322;2018-11-09 17:47:31:371
-1.005;6.196;9.5;897.0;1.0;51.49;48.16129;11.55001;513.0;NaN;22.2;6.3;275.1;10 / 20;593422;2018-11-09 17:47:31:471
-0.948;6.186;8.217;914.0;1.0;51.49;48.16129;11.55001;513.0;NaN;22.2;6.3;275.1;10 / 20;593522;2018-11-09 17:47:31:571
-0.689;6.426;9.49;895.0;1.0;51.49;48.16129;11.55001;513.0;NaN;22.2;6.3;275.1;10 / 20;593622;2018-11-09 17:47:31:671
-1.11;6.177;8.945;921.0;1.0;50.64;48.16129;11.55001;513.0;NaN;22.2;6.3;275.1;10 / 20;593722;2018-11-09 17:47:31:771
-0.641;6.129;9.088;939.0;1.0;50.64;48.16129;11.55001;513.0;NaN;22.2;6.3;275.1;10 / 20;593822;2018-11-09 17:47:31:871
-0.45;5.995;9.213;950.0;1.0;50.64;48.16129;11.55001;513.0;NaN;22.2;6.3;275.1;10 / 20;593922;2018-11-09 17:47:31:971
-0.66;6.225;8.399;979.0;1.0;49.29;48.16129;11.55001;513.0;NaN;22.2;6.3;275.1;10 / 20;594022;2018-11-09 17:47:32:071
-1.225;5.88;9.433;958.0;1.0;49.29;48.16129;11.55001;513.0;NaN;22.2;6.3;275.1;10 / 20;594122;2018-11-09 17:47:32:171
-0.536;6.273;9.213;972.0;1.0;49.29;48.16129;11.55001;513.0;NaN;22.2;6.3;275.1;10 / 20;594222;2018-11-09 17:47:32:271
-0.766;6.387;8.456;975.0;1.0;54.19;48.16129;11.55001;513.0;NaN;22.2;6.3;275.1;10 / 20;594322;2018-11-09 17:47:32:371
-1.187;5.736;8.753;1006.0;1.0;54.19;48.16129;11.55001;513.0;NaN;22.2;6.3;275.1;10 / 20;594421;2018-11-09 17:47:32:470
-0.641;5.832;9.874;1039.0;1.0;54.19;48.16129;11.55001;513.0;NaN;22.2;6.3;275.1;10 / 20;594523;2018-11-09 17:47:32:572
-0.43;5.64;8.81;1025.0;1.0;51.94;48.16129;11.55001;513.0;NaN;22.2;6.3;275.1;10 / 20;594622;2018-11-09 17:47:32:671
-0.421;5.832;9.404;981.0;1.0;51.94;48.16129;11.55001;513.0;NaN;22.2;6.3;275.1;10 / 20;594722;2018-11-09 17:47:32:771
-0.411;5.669;8.945;970.0;1.0;51.94;48.16129;11.55001;513.0;NaN;22.2;6.3;275.1;10 / 20;594822;2018-11-09 17:47:32:871
-0.766;5.727;8.925;967.0;1.0;51.5;48.16129;11.55001;513.0;NaN;22.2;6.3;275.1;10 / 20;594921;2018-11-09 17:47:32:970
-0.498;5.602;9.289;966.0;1.0;51.5;48.16129;11.55001;513.0;NaN;22.2;6.3;275.1;10 / 20;595022;2018-11-09 17:47:33:071
-0.545;5.784;9.5;960.0;1.0;51.5;48.16129;11.55001;513.0;NaN;22.2;6.3;275.1;10 / 20;595122;2018-11-09 17:47:33:171
-0.804;5.688;9.443;942.0;1.0;51.43;48.16129;11.55001;513.0;NaN;22.2;6.3;275.1;10 / 20;595222;2018-11-09 17:47:33:271
-0.622;5.995;9.529;945.0;1.0;51.43;48.16129;11.55001;513.0;NaN;22.2;6.3;275.1;10 / 20;595323;2018-11-09 17:47:33:372
-0.727;5.88;8.791;940.0;1.0;51.43;48.16129;11.55001;513.0;NaN;22.2;6.3;275.1;10 / 20;595421;2018-11-09 17:47:33:470
-0.814;5.918;9.012;961.0;1.0;51.29;48.16131;11.54987;513.1;NaN;21.3;6.8;279.0;10 / 20;595522;2018-11-09 17:47:33:571
-1.771;5.765;9.318;923.0;1.0;51.29;48.16131;11.54987;513.1;NaN;21.3;6.8;279.0;7 / 20;595622;2018-11-09 17:47:33:671
-0.842;5.746;9.385;958.0;1.0;51.29;48.16131;11.54987;513.1;NaN;21.3;6.8;279.0;7 / 20;595722;2018-11-09 17:47:33:771
-0.555;5.698;9.27;969.0;1.0;49.62;48.16131;11.54987;513.1;NaN;21.3;6.8;279.0;7 / 20;595821;2018-11-09 17:47:33:870
-0.392;5.794;9.04;948.0;1.0;49.62;48.16131;11.54987;513.1;NaN;21.3;6.8;279.0;7 / 20;595921;2018-11-09 17:47:33:970
-0.526;5.736;9.261;954.0;1.0;49.62;48.16131;11.54987;513.1;NaN;21.3;6.8;279.0;7 / 20;596021;2018-11-09 17:47:34:070
-0.574;5.775;9.059;953.0;1.0;50.5;48.16133;11.5498;513.1;NaN;20.9;7.0;280.8;7 / 20;596122;2018-11-09 17:47:34:171
-0.507;5.679;9.385;954.0;1.0;50.5;48.16133;11.5498;513.1;NaN;20.9;7.0;280.8;7 / 20;596221;2018-11-09 17:47:34:270
-0.258;5.813;9.471;933.0;1.0;50.5;48.16133;11.5498;513.1;NaN;20.9;7.0;280.8;7 / 20;596321;2018-11-09 17:47:34:370
-0.335;6.11;9.423;951.0;1.0;53.01;48.16133;11.5498;513.1;NaN;20.9;7.0;280.8;7 / 20;596422;2018-11-09 17:47:34:471
-0.45;6.167;8.734;964.0;1.0;53.01;48.16133;11.5498;513.1;NaN;20.9;7.0;280.8;7 / 20;596524;2018-11-09 17:47:34:573
-0.727;6.004;8.81;959.0;1.0;53.01;48.16133;11.5498;513.1;NaN;20.9;7.0;280.8;7 / 20;596621;2018-11-09 17:47:34:670
-0.651;6.11;8.581;921.0;1.0;50.37;48.16133;11.5498;513.1;NaN;20.9;7.0;280.8;7 / 20;596721;2018-11-09 17:47:34:770
-0.727;6.1;9.155;855.0;1.0;50.37;48.16133;11.5498;513.1;NaN;20.9;7.0;280.8;7 / 20;596821;2018-11-09 17:47:34:870
-0.785;5.918;9.337;889.0;1.0;50.37;48.16133;11.5498;513.1;NaN;20.9;7.0;280.8;7 / 20;596921;2018-11-09 17:47:34:970
-1.034;5.554;9.174;898.0;1.0;50.37;48.16133;11.5498;513.1;NaN;20.9;7.0;280.8;7 / 20;597021;2018-11-09 17:47:35:070
-1.063;5.583;9.203;897.0;1.0;51.24;48.16134;11.54973;513.1;NaN;20.9;7.2;280.7;7 / 20;597121;2018-11-09 17:47:35:170
-0.488;5.746;9.548;907.0;1.0;51.24;48.16134;11.54973;513.1;NaN;20.9;7.2;280.7;6 / 20;597221;2018-11-09 17:47:35:270
-0.488;5.755;8.676;871.0;1.0;51.24;48.16134;11.54973;513.1;NaN;20.9;7.2;280.7;6 / 20;597322;2018-11-09 17:47:35:371
-0.162;5.899;8.111;860.0;1.0;53.57;48.16134;11.54973;513.1;NaN;20.9;7.2;280.7;6 / 20;597422;2018-11-09 17:47:35:471
-0.402;6.119;9.098;871.0;1.0;53.57;48.16134;11.54973;513.1;NaN;20.9;7.2;280.7;6 / 20;597522;2018-11-09 17:47:35:571
-0.967;6.282;8.533;883.0;1.0;53.57;48.16134;11.54973;513.1;NaN;20.9;7.2;280.7;6 / 20;597622;2018-11-09 17:47:35:671
-1.58;5.085;10.046;886.0;1.0;52.37;48.16134;11.54973;513.1;NaN;20.9;7.2;280.7;6 / 20;597722;2018-11-09 17:47:35:771
-1.005;5.267;9.979;899.0;1.0;52.37;48.16134;11.54973;513.1;NaN;20.9;7.2;280.7;6 / 20;597821;2018-11-09 17:47:35:870
-0.373;4.96;10.142;866.0;1.0;52.37;48.16134;11.54973;513.1;NaN;20.9;7.2;280.7;6 / 20;597921;2018-11-09 17:47:35:970
-0.507;4.539;10.439;799.0;1.0;55.16;48.16134;11.54973;513.1;NaN;20.9;7.2;280.7;6 / 20;598022;2018-11-09 17:47:36:071
-0.747;4.3;10.285;762.0;1.0;55.16;48.16135;11.54966;513.2;NaN;20.8;7.5;280.3;6 / 20;598123;2018-11-09 17:47:36:172
-0.632;4.156;10.965;736.0;1.0;55.16;48.16135;11.54966;513.2;NaN;20.8;7.5;280.3;6 / 20;598222;2018-11-09 17:47:36:271
-0.632;4.156;10.965;736.0;1.0;55.16;48.16135;11.54966;513.2;NaN;20.8;7.5;280.3;6 / 20;598321;2018-11-09 17:47:36:370
-0.632;4.156;10.965;736.0;1.0;55.16;48.16135;11.54966;513.2;NaN;20.8;7.5;280.3;6 / 20;598422;2018-11-09 17:47:36:471
-0.143;4.597;10.257;644.0;1.0;52.29;48.16135;11.54966;513.2;NaN;20.8;7.5;280.3;6 / 20;598522;2018-11-09 17:47:36:571
-0.373;4.587;10.333;643.0;1.0;52.29;48.16135;11.54966;513.2;NaN;20.8;7.5;280.3;6 / 20;598622;2018-11-09 17:47:36:671
-0.727;4.692;10.285;663.0;1.0;52.29;48.16135;11.54966;513.2;NaN;20.8;7.5;280.3;6 / 20;598722;2018-11-09 17:47:36:771
-0.699;4.836;9.988;655.0;1.0;53.39;48.16135;11.54966;513.2;NaN;20.8;7.5;280.3;6 / 20;598822;2018-11-09 17:47:36:871
-0.622;4.798;9.318;684.0;1.0;53.39;48.16135;11.54966;513.2;NaN;20.8;7.5;280.3;6 / 20;598922;2018-11-09 17:47:36:971
-0.996;4.453;10.458;743.0;1.0;53.39;48.16135;11.54966;513.2;NaN;20.8;7.5;280.3;6 / 20;599022;2018-11-09 17:47:37:071
-0.89;4.798;9.854;774.0;1.0;52.73;48.16135;11.54959;513.2;NaN;20.7;7.8;280.0;6 / 20;599122;2018-11-09 17:47:37:171
-0.718;4.549;9.73;791.0;1.0;52.73;48.16135;11.54959;513.2;NaN;20.7;7.8;280.0;6 / 20;599221;2018-11-09 17:47:37:270
-0.948;4.606;10.496;810.0;1.0;52.73;48.16135;11.54959;513.2;NaN;20.7;7.8;280.0;5 / 20;599322;2018-11-09 17:47:37:371
-0.909;4.778;10.419;845.0;1.0;52.18;48.16135;11.54959;513.2;NaN;20.7;7.8;280.0;5 / 20;599422;2018-11-09 17:47:37:471
-1.072;4.462;10.573;847.0;1.0;52.18;48.16135;11.54959;513.2;NaN;20.7;7.8;280.0;5 / 20;599522;2018-11-09 17:47:37:571
-0.861;4.529;10.372;858.0;1.0;52.18;48.16135;11.54959;513.2;NaN;20.7;7.8;280.0;5 / 20;599622;2018-11-09 17:47:37:671
-0.45;4.798;9.586;867.0;1.0;53.57;48.16135;11.54959;513.2;NaN;20.7;7.8;280.0;5 / 20;599722;2018-11-09 17:47:37:771
-0.402;4.97;9.95;863.0;1.0;53.57;48.16135;11.54959;513.2;NaN;20.7;7.8;280.0;5 / 20;599823;2018-11-09 17:47:37:872
-0.181;4.702;10.036;928.0;1.0;53.57;48.16135;11.54959;513.2;NaN;20.7;7.8;280.0;5 / 20;599921;2018-11-09 17:47:37:970
-0.43;4.75;10.429;948.0;1.0;53.04;48.16135;11.54959;513.2;NaN;20.7;7.8;280.0;5 / 20;600022;2018-11-09 17:47:38:071
-0.411;4.664;10.448;960.0;1.0;53.04;48.16133;11.54959;513.4;NaN;18.6;8.0;279.0;5 / 20;600121;2018-11-09 17:47:38:170
-0.258;4.673;9.864;965.0;1.0;53.04;48.16133;11.54959;513.4;NaN;18.6;8.0;279.0;4 / 20;600221;2018-11-09 17:47:38:270
-0.344;4.577;10.161;975.0;1.0;52.46;48.16133;11.54959;513.4;NaN;18.6;8.0;279.0;4 / 20;600321;2018-11-09 17:47:38:370
-0.086;4.683;10.295;985.0;1.0;52.46;48.16133;11.54959;513.4;NaN;18.6;8.0;279.0;4 / 20;600421;2018-11-09 17:47:38:470
-0.277;4.702;10.123;978.0;1.0;52.46;48.16133;11.54959;513.4;NaN;18.6;8.0;279.0;4 / 20;600521;2018-11-09 17:47:38:570
-0.172;4.577;10.372;972.0;1.0;54.4;48.16133;11.54959;513.4;NaN;18.6;8.0;279.0;4 / 20;600622;2018-11-09 17:47:38:671
-0.363;4.951;9.155;975.0;1.0;54.4;48.16133;11.54959;513.4;NaN;18.6;8.0;279.0;4 / 20;600722;2018-11-09 17:47:38:771
-0.373;4.817;9.701;941.0;1.0;54.4;48.16133;11.54959;513.4;NaN;18.6;8.0;279.0;4 / 20;600822;2018-11-09 17:47:38:871
-0.086;4.731;9.969;958.0;1.0;54.27;48.16133;11.54959;513.4;NaN;18.6;8.0;279.0;4 / 20;600922;2018-11-09 17:47:38:971
-0.162;4.836;9.95;991.0;1.0;54.27;48.16133;11.54959;513.4;NaN;18.6;8.0;279.0;4 / 20;601022;2018-11-09 17:47:39:071
-0.775;4.855;9.998;991.0;1.0;54.27;48.16132;11.54958;513.5;NaN;16.7;8.3;278.5;4 / 20;601122;2018-11-09 17:47:39:171
-0.268;4.874;9.529;981.0;1.0;54.27;48.16132;11.54958;513.5;NaN;16.7;8.3;278.5;4 / 20;601222;2018-11-09 17:47:39:271
-0.411;4.692;10.056;966.0;1.0;51.34;48.16132;11.54958;513.5;NaN;16.7;8.3;278.5;3 / 20;601322;2018-11-09 17:47:39:371
-0.354;4.846;10.41;968.0;1.0;51.34;48.16132;11.54958;513.5;NaN;16.7;8.3;278.5;3 / 20;601422;2018-11-09 17:47:39:471
-0.153;4.549;10.419;980.0;1.0;51.34;48.16132;11.54958;513.5;NaN;16.7;8.3;278.5;3 / 20;601522;2018-11-09 17:47:39:571
0.076;4.501;10.075;956.0;1.0;53.48;48.16132;11.54958;513.5;NaN;16.7;8.3;278.5;3 / 20;601622;2018-11-09 17:47:39:671
-0.277;4.635;10.065;975.0;1.0;53.48;48.16132;11.54958;513.5;NaN;16.7;8.3;278.5;3 / 20;601722;2018-11-09 17:47:39:771
-0.287;4.989;10.103;962.0;1.0;53.48;48.16132;11.54958;513.5;NaN;16.7;8.3;278.5;3 / 20;601822;2018-11-09 17:47:39:871
-0.363;4.855;10.075;956.0;1.0;53.72;48.16132;11.54958;513.5;NaN;16.7;8.3;278.5;3 / 20;601922;2018-11-09 17:47:39:971
-0.287;4.884;9.605;922.0;1.0;53.72;48.16132;11.54958;513.5;NaN;16.7;8.3;278.5;3 / 20;602023;2018-11-09 17:47:40:072
0.009;4.855;9.538;934.0;1.0;53.72;48.16132;11.54952;513.5;NaN;16.7;8.6;278.2;3 / 20;602121;2018-11-09 17:47:40:170
-0.43;4.855;10.554;958.0;1.0;50.7;48.16132;11.54952;513.5;NaN;16.7;8.6;278.2;3 / 20;602221;2018-11-09 17:47:40:270
-0.421;5.162;9.615;943.0;1.0;50.7;48.16132;11.54952;513.5;NaN;16.7;8.6;278.2;3 / 20;602322;2018-11-09 17:47:40:371
-0.44;4.893;10.18;942.0;1.0;50.7;48.16132;11.54952;513.5;NaN;16.7;8.6;278.2;3 / 20;602422;2018-11-09 17:47:40:471
-0.258;4.817;10.305;954.0;1.0;51.37;48.16132;11.54952;513.5;NaN;16.7;8.6;278.2;3 / 20;602522;2018-11-09 17:47:40:571
-0.181;4.836;9.557;930.0;1.0;51.37;48.16132;11.54952;513.5;NaN;16.7;8.6;278.2;3 / 20;602622;2018-11-09 17:47:40:671
-0.019;4.434;9.663;884.0;1.0;51.37;48.16132;11.54952;513.5;NaN;16.7;8.6;278.2;3 / 20;602722;2018-11-09 17:47:40:771
-0.22;4.826;10.036;897.0;1.0;53.03;48.16132;11.54952;513.5;NaN;16.7;8.6;278.2;3 / 20;602822;2018-11-09 17:47:40:871
-0.478;4.893;9.711;901.0;1.0;53.03;48.16132;11.54952;513.5;NaN;16.7;8.6;278.2;3 / 20;602921;2018-11-09 17:47:40:970
-0.622;4.846;10.017;898.0;1.0;53.03;48.16132;11.54952;513.5;NaN;16.7;8.6;278.2;3 / 20;603021;2018-11-09 17:47:41:070
-0.641;4.625;11.502;836.0;1.0;52.53;48.16133;11.54944;513.6;NaN;17.1;9.0;277.8;3 / 20;603121;2018-11-09 17:47:41:170
0.344;4.453;9.079;643.0;1.0;52.53;48.16133;11.54944;513.6;NaN;17.1;9.0;277.8;3 / 20;603223;2018-11-09 17:47:41:272
-0.038;4.616;9.95;488.0;1.0;52.53;48.16133;11.54944;513.6;NaN;17.1;9.0;277.8;3 / 20;603322;2018-11-09 17:47:41:371
-0.861;4.683;10.391;458.0;1.0;51.75;48.16133;11.54944;513.6;NaN;17.1;9.0;277.8;3 / 20;603422;2018-11-09 17:47:41:471
-0.574;4.96;10.237;476.0;1.0;51.75;48.16133;11.54944;513.6;NaN;17.1;9.0;277.8;3 / 20;603522;2018-11-09 17:47:41:571
-0.622;4.625;9.567;375.0;1.0;51.75;48.16133;11.54944;513.6;NaN;17.1;9.0;277.8;3 / 20;603622;2018-11-09 17:47:41:671
-0.545;4.922;10.056;351.0;1.0;54.1;48.16133;11.54944;513.6;NaN;17.1;9.0;277.8;3 / 20;603722;2018-11-09 17:47:41:771
-0.823;4.644;10.18;375.0;1.0;54.1;48.16133;11.54944;513.6;NaN;17.1;9.0;277.8;3 / 20;603822;2018-11-09 17:47:41:871
-0.612;4.673;10.563;424.0;1.0;54.1;48.16133;11.54944;513.6;NaN;17.1;9.0;277.8;3 / 20;603922;2018-11-09 17:47:41:971
-0.488;4.855;10.305;447.0;1.0;52.29;48.16133;11.54944;513.6;NaN;17.1;9.0;277.8;3 / 20;604022;2018-11-09 17:47:42:071
-0.852;5.037;9.538;453.0;1.0;52.29;48.16133;11.54944;513.6;NaN;17.1;9.0;277.8;3 / 20;604123;2018-11-09 17:47:42:172
-0.584;4.453;10.946;456.0;1.0;52.29;48.16133;11.54944;513.6;NaN;17.1;9.0;277.8;0 / 20;604221;2018-11-09 17:47:42:270
-1.091;4.913;11.195;453.0;1.0;52.47;48.16133;11.54944;513.6;NaN;17.1;9.0;277.8;0 / 20;604321;2018-11-09 17:47:42:370
0.038;4.367;10.151;452.0;1.0;52.47;48.16133;11.54944;513.6;NaN;17.1;9.0;277.8;0 / 20;604422;2018-11-09 17:47:42:471
-0.335;4.989;10.218;467.0;1.0;52.47;48.16133;11.54944;513.6;NaN;17.1;9.0;277.8;0 / 20;604522;2018-11-09 17:47:42:571
-0.526;4.932;10.103;458.0;1.0;53.55;48.16133;11.54944;513.6;NaN;17.1;9.0;277.8;0 / 20;604621;2018-11-09 17:47:42:670
-0.488;4.98;10.132;470.0;1.0;53.55;48.16133;11.54944;513.6;NaN;17.1;9.0;277.8;0 / 20;604721;2018-11-09 17:47:42:770
-0.517;4.98;9.902;492.0;1.0;53.55;48.16133;11.54944;513.6;NaN;17.1;9.0;277.8;0 / 20;604822;2018-11-09 17:47:42:871
-0.44;5.162;10.056;496.0;1.0;53.59;48.16133;11.54944;513.6;NaN;17.1;9.0;277.8;0 / 20;604922;2018-11-09 17:47:42:971
-0.785;5.056;9.5;524.0;1.0;53.59;48.16133;11.54944;513.6;NaN;17.1;9.0;277.8;0 / 20;605022;2018-11-09 17:47:43:071
-0.622;4.989;9.778;507.0;1.0;53.59;48.16133;11.54944;513.6;NaN;17.1;9.0;277.8;0 / 20;605123;2018-11-09 17:47:43:172
-0.593;5.085;9.864;535.0;1.0;53.18;48.16133;11.54944;513.6;NaN;17.1;9.0;277.8;0 / 20;605222;2018-11-09 17:47:43:271
-0.67;4.817;10.142;549.0;1.0;53.18;48.16133;11.54944;513.6;NaN;17.1;9.0;277.8;0 / 20;605324;2018-11-09 17:47:43:373
-0.507;5.008;9.883;531.0;1.0;53.18;48.16133;11.54944;513.6;NaN;17.1;9.0;277.8;0 / 20;605422;2018-11-09 17:47:43:471
-0.421;4.989;9.653;531.0;1.0;52.2;48.16133;11.54944;513.6;NaN;17.1;9.0;277.8;0 / 20;605522;2018-11-09 17:47:43:571
-0.967;5.123;9.443;541.0;1.0;52.2;48.16133;11.54944;513.6;NaN;17.1;9.0;277.8;0 / 20;605626;2018-11-09 17:47:43:675
-0.057;4.731;10.812;525.0;1.0;52.2;48.16133;11.54944;513.6;NaN;17.1;9.0;277.8;0 / 20;605722;2018-11-09 17:47:43:771
-0.268;4.826;10.525;524.0;1.0;53.98;48.16133;11.54944;513.6;NaN;17.1;9.0;277.8;0 / 20;605822;2018-11-09 17:47:43:871
-0.134;4.855;10.515;525.0;1.0;53.98;48.16133;11.54944;513.6;NaN;17.1;9.0;277.8;0 / 20;605922;2018-11-09 17:47:43:971
-0.402;4.893;10.027;528.0;1.0;53.98;48.16133;11.54944;513.6;NaN;17.1;9.0;277.8;0 / 20;606022;2018-11-09 17:47:44:071
-0.67;4.932;10.333;553.0;1.0;52.25;48.16133;11.54944;513.6;NaN;17.1;9.0;277.8;0 / 20;606122;2018-11-09 17:47:44:171
-0.478;4.903;9.376;536.0;1.0;52.25;48.16133;11.54944;513.6;NaN;17.1;9.0;277.8;0 / 20;606222;2018-11-09 17:47:44:271
-0.507;4.98;9.845;543.0;1.0;52.25;48.16133;11.54944;513.6;NaN;17.1;9.0;277.8;0 / 20;606327;2018-11-09 17:47:44:376
-0.593;5.047;9.692;540.0;1.0;52.32;48.16133;11.54944;513.6;NaN;17.1;9.0;277.8;0 / 20;606425;2018-11-09 17:47:44:474
-0.565;5.277;10.027;550.0;1.0;52.32;48.16133;11.54944;513.6;NaN;17.1;9.0;277.8;0 / 20;606522;2018-11-09 17:47:44:571
-0.804;5.056;9.778;561.0;1.0;52.32;48.16133;11.54944;513.6;NaN;17.1;9.0;277.8;0 / 20;606621;2018-11-09 17:47:44:670
-0.593;5.114;9.835;552.0;1.0;52.87;48.16133;11.54944;513.6;NaN;17.1;9.0;277.8;0 / 20;606721;2018-11-09 17:47:44:770
-0.612;5.162;9.577;551.0;1.0;52.87;48.16133;11.54944;513.6;NaN;17.1;9.0;277.8;0 / 20;606823;2018-11-09 17:47:44:872
-0.708;5.104;9.644;545.0;1.0;52.87;48.16133;11.54944;513.6;NaN;17.1;9.0;277.8;0 / 20;606921;2018-11-09 17:47:44:970
-0.766;5.171;9.462;563.0;1.0;50.71;48.16133;11.54944;513.6;NaN;17.1;9.0;277.8;0 / 20;607021;2018-11-09 17:47:45:070
-0.804;5.171;9.73;542.0;1.0;50.71;48.16133;11.54944;513.6;NaN;17.1;9.0;277.8;0 / 20;607121;2018-11-09 17:47:45:170
-0.498;5.315;9.443;541.0;1.0;50.71;48.16133;11.54944;513.6;NaN;17.1;9.0;277.8;0 / 20;607222;2018-11-09 17:47:45:271
-0.488;5.353;9.653;556.0;1.0;51.43;48.16133;11.54944;513.6;NaN;17.1;9.0;277.8;0 / 20;607322;2018-11-09 17:47:45:371
-0.555;5.487;9.289;539.0;1.0;51.43;48.16133;11.54944;513.6;NaN;17.1;9.0;277.8;0 / 20;607422;2018-11-09 17:47:45:471
-0.67;5.439;9.146;540.0;1.0;51.43;48.16133;11.54944;513.6;NaN;17.1;9.0;277.8;0 / 20;607521;2018-11-09 17:47:45:570
-0.804;5.42;9.404;541.0;1.0;52.01;48.16133;11.54944;513.6;NaN;17.1;9.0;277.8;0 / 20;607621;2018-11-09 17:47:45:670
-0.766;5.487;9.012;544.0;1.0;52.01;48.16133;11.54944;513.6;NaN;17.1;9.0;277.8;0 / 20;607722;2018-11-09 17:47:45:771
-0.775;5.526;9.452;546.0;1.0;52.01;48.16133;11.54944;513.6;NaN;17.1;9.0;277.8;0 / 20;607822;2018-11-09 17:47:45:871
-0.804;5.583;9.605;537.0;1.0;51.77;48.16133;11.54944;513.6;NaN;17.1;9.0;277.8;0 / 20;607922;2018-11-09 17:47:45:971
-0.861;5.334;9.213;548.0;1.0;51.77;48.16133;11.54944;513.6;NaN;17.1;9.0;277.8;0 / 20;608021;2018-11-09 17:47:46:070
-0.651;5.171;9.845;544.0;1.0;51.77;48.16133;11.54944;513.6;NaN;17.1;9.0;277.8;0 / 20;608121;2018-11-09 17:47:46:170
-0.555;4.97;9.625;522.0;1.0;51.71;48.16133;11.54944;513.6;NaN;17.1;9.0;277.8;0 / 20;608221;2018-11-09 17:47:46:270
-0.727;4.74;10.582;532.0;1.0;51.71;48.16133;11.54944;513.6;NaN;17.1;9.0;277.8;0 / 20;608321;2018-11-09 17:47:46:370
-0.555;4.711;10.046;536.0;1.0;51.71;48.16133;11.54944;513.6;NaN;17.1;9.0;277.8;0 / 20;608421;2018-11-09 17:47:46:470
-0.526;4.539;10.573;556.0;1.0;51.25;48.16133;11.54944;513.6;NaN;17.1;9.0;277.8;0 / 20;608521;2018-11-09 17:47:46:570
-0.373;4.558;10.228;611.0;1.0;51.25;48.16133;11.54944;513.6;NaN;17.1;9.0;277.8;0 / 20;608621;2018-11-09 17:47:46:670
-0.478;4.338;10.994;793.0;1.0;51.25;48.16133;11.54944;513.6;NaN;17.1;9.0;277.8;0 / 20;608721;2018-11-09 17:47:46:770
-0.363;4.309;10.783;790.0;1.0;53.05;48.16133;11.54944;513.6;NaN;17.1;9.0;277.8;0 / 20;608821;2018-11-09 17:47:46:870
0.239;4.233;10.266;730.0;1.0;53.05;48.16133;11.54944;513.6;NaN;17.1;9.0;277.8;0 / 20;608921;2018-11-09 17:47:46:970
-0.114;5.018;9.079;658.0;1.0;53.05;48.16133;11.54944;513.6;NaN;17.1;9.0;277.8;0 / 20;609022;2018-11-09 17:47:47:071
-0.296;4.731;10.726;774.0;1.0;53.51;48.16133;11.54944;513.6;NaN;17.1;9.0;277.8;0 / 20;609122;2018-11-09 17:47:47:171
-0.584;4.664;9.921;851.0;1.0;53.51;48.16133;11.54944;513.6;NaN;17.1;9.0;277.8;0 / 20;609221;2018-11-09 17:47:47:270
-0.861;5.123;10.142;862.0;1.0;53.51;48.16133;11.54944;513.6;NaN;17.1;9.0;277.8;0 / 20;609322;2018-11-09 17:47:47:371
-0.996;5.066;9.759;864.0;1.0;50.22;48.16133;11.54944;513.6;NaN;17.1;9.0;277.8;0 / 20;609421;2018-11-09 17:47:47:470
-0.833;5.075;9.826;875.0;1.0;50.22;48.16133;11.54944;513.6;NaN;17.1;9.0;277.8;0 / 20;609521;2018-11-09 17:47:47:570
-0.574;4.884;10.056;885.0;1.0;50.22;48.16133;11.54944;513.6;NaN;17.1;9.0;277.8;0 / 20;609622;2018-11-09 17:47:47:671
-0.727;4.98;10.582;924.0;1.0;50.77;48.16133;11.54944;513.6;NaN;17.1;9.0;277.8;0 / 20;609722;2018-11-09 17:47:47:771
-0.833;4.376;9.404;992.0;1.0;50.77;48.16133;11.54944;513.6;NaN;17.1;9.0;277.8;0 / 20;609822;2018-11-09 17:47:47:871
-0.488;4.462;10.975;1029.0;1.0;50.77;48.16133;11.54944;513.6;NaN;17.1;9.0;277.8;0 / 20;609922;2018-11-09 17:47:47:971
-0.402;4.932;9.05;1018.0;1.0;50.77;48.16133;11.54944;513.6;NaN;17.1;9.0;277.8;0 / 20;610021;2018-11-09 17:47:48:070
-0.507;4.903;10.314;1017.0;1.0;49.74;48.16133;11.54944;513.6;NaN;17.1;9.0;277.8;0 / 20;610121;2018-11-09 17:47:48:170
-0.574;4.673;10.056;1030.0;1.0;49.74;48.16133;11.54944;513.6;NaN;17.1;9.0;277.8;0 / 20;610221;2018-11-09 17:47:48:270
-0.651;4.769;10.036;1063.0;1.0;49.74;48.16133;11.54944;513.6;NaN;17.1;9.0;277.8;0 / 20;610321;2018-11-09 17:47:48:370
-0.651;4.769;10.783;1108.0;1.0;51.17;48.16133;11.54944;513.6;NaN;17.1;9.0;277.8;0 / 20;610421;2018-11-09 17:47:48:470
-0.708;4.836;10.209;1110.0;1.0;51.17;48.16133;11.54944;513.6;NaN;17.1;9.0;277.8;0 / 20;610522;2018-11-09 17:47:48:571
-0.871;4.683;10.649;1109.0;1.0;51.17;48.16133;11.54944;513.6;NaN;17.1;9.0;277.8;0 / 20;610622;2018-11-09 17:47:48:671
-0.622;4.922;10.027;1087.0;1.0;50.45;48.16133;11.54944;513.6;NaN;17.1;9.0;277.8;0 / 20;610722;2018-11-09 17:47:48:771
-0.871;5.008;9.73;1074.0;1.0;50.45;48.16133;11.54944;513.6;NaN;17.1;9.0;277.8;0 / 20;610822;2018-11-09 17:47:48:871
-0.852;4.778;9.653;1097.0;1.0;50.45;48.16133;11.54944;513.6;NaN;17.1;9.0;277.8;0 / 20;610921;2018-11-09 17:47:48:970
-0.612;4.826;10.4;1088.0;1.0;50.6;48.16133;11.54944;513.6;NaN;17.1;9.0;277.8;0 / 20;611021;2018-11-09 17:47:49:070
-0.478;4.865;10.4;1114.0;1.0;50.6;48.16133;11.54944;513.6;NaN;17.1;9.0;277.8;0 / 20;611121;2018-11-09 17:47:49:170
-0.105;4.941;9.519;1103.0;1.0;50.6;48.16133;11.54944;513.6;NaN;17.1;9.0;277.8;0 / 20;611222;2018-11-09 17:47:49:271
-0.421;4.807;9.921;1084.0;1.0;49.6;48.16133;11.54944;513.6;NaN;17.1;9.0;277.8;0 / 20;611322;2018-11-09 17:47:49:371
-0.488;5.506;9.988;1071.0;1.0;49.6;48.16133;11.54944;513.6;NaN;17.1;9.0;277.8;0 / 20;611422;2018-11-09 17:47:49:471
-1.187;5.42;9.433;1093.0;1.0;49.6;48.16133;11.54944;513.6;NaN;17.1;9.0;277.8;0 / 20;611521;2018-11-09 17:47:49:570
-1.235;5.382;9.672;1079.0;1.0;48.03;48.16133;11.54944;513.6;NaN;17.1;9.0;277.8;0 / 20;611621;2018-11-09 17:47:49:670
-1.168;5.698;9.079;1072.0;1.0;48.03;48.16133;11.54944;513.6;NaN;17.1;9.0;277.8;0 / 20;611721;2018-11-09 17:47:49:770
-1.101;5.516;9.174;1055.0;1.0;48.03;48.16133;11.54944;513.6;NaN;17.1;9.0;277.8;0 / 20;611821;2018-11-09 17:47:49:870
-1.369;5.746;9.443;1071.0;1.0;49.09;48.16133;11.54944;513.6;NaN;17.1;9.0;277.8;0 / 20;611921;2018-11-09 17:47:49:970
-0.976;5.401;9.443;1026.0;1.0;49.09;48.16133;11.54944;513.6;NaN;17.1;9.0;277.8;0 / 20;612021;2018-11-09 17:47:50:070
-1.082;5.324;9.529;1039.0;1.0;49.09;48.16133;11.54944;513.6;NaN;17.1;9.0;277.8;0 / 20;612121;2018-11-09 17:47:50:170
-0.641;5.142;9.308;1012.0;1.0;49.01;48.16133;11.54944;513.6;NaN;17.1;9.0;277.8;0 / 20;612222;2018-11-09 17:47:50:271
-0.565;5.621;9.548;1006.0;1.0;49.01;48.16133;11.54944;513.6;NaN;17.1;9.0;277.8;0 / 20;612322;2018-11-09 17:47:50:371
-0.852;5.19;9.692;1001.0;1.0;49.01;48.16133;11.54944;513.6;NaN;17.1;9.0;277.8;0 / 20;612422;2018-11-09 17:47:50:471
-0.785;5.305;9.376;996.0;1.0;49.16;48.16133;11.54944;513.6;NaN;17.1;9.0;277.8;0 / 20;612522;2018-11-09 17:47:50:571
-0.814;5.506;9.414;988.0;1.0;49.16;48.16133;11.54944;513.6;NaN;17.1;9.0;277.8;0 / 20;612622;2018-11-09 17:47:50:671
-0.928;5.401;9.347;973.0;1.0;49.16;48.16133;11.54944;513.6;NaN;17.1;9.0;277.8;0 / 20;612721;2018-11-09 17:47:50:770
-1.091;4.999;9.404;965.0;1.0;48.42;48.16133;11.54944;513.6;NaN;17.1;9.0;277.8;0 / 20;612821;2018-11-09 17:47:50:870
-0.747;5.142;9.902;980.0;1.0;48.42;48.16133;11.54944;513.6;NaN;17.1;9.0;277.8;0 / 20;612922;2018-11-09 17:47:50:971
-0.928;5.257;9.462;982.0;1.0;48.42;48.16133;11.54944;513.6;NaN;17.1;9.0;277.8;0 / 20;613022;2018-11-09 17:47:51:071
-0.976;4.97;9.874;1003.0;1.0;48.35;48.16133;11.54944;513.6;NaN;17.1;9.0;277.8;0 / 20;613123;2018-11-09 17:47:51:172
-0.641;5.248;9.146;1002.0;1.0;48.35;48.16133;11.54944;513.6;NaN;17.1;9.0;277.8;0 / 20;613221;2018-11-09 17:47:51:270
-0.9;5.19;10.17;1007.0;1.0;48.35;48.16133;11.54944;513.6;NaN;17.1;9.0;277.8;0 / 20;613321;2018-11-09 17:47:51:370
-0.756;5.142;9.586;1038.0;1.0;49.77;48.16133;11.54944;513.6;NaN;17.1;9.0;277.8;0 / 20;613422;2018-11-09 17:47:51:471
-0.498;5.018;9.519;1031.0;1.0;49.77;48.16133;11.54944;513.6;NaN;17.1;9.0;277.8;0 / 20;613522;2018-11-09 17:47:51:571
-0.727;5.085;9.644;1029.0;1.0;49.77;48.16133;11.54944;513.6;NaN;17.1;9.0;277.8;0 / 20;613622;2018-11-09 17:47:51:671
-0.823;5.2;9.95;1021.0;1.0;50.9;48.16133;11.54944;513.6;NaN;17.1;9.0;277.8;0 / 20;613722;2018-11-09 17:47:51:771
-0.842;4.932;9.874;1034.0;1.0;50.9;48.16133;11.54944;513.6;NaN;17.1;9.0;277.8;0 / 20;613821;2018-11-09 17:47:51:870
-0.89;5.133;9.711;1013.0;1.0;50.9;48.16133;11.54944;513.6;NaN;17.1;9.0;277.8;0 / 20;613922;2018-11-09 17:47:51:971
-1.063;4.98;9.854;1012.0;1.0;51.41;48.16133;11.54944;513.6;NaN;17.1;9.0;277.8;0 / 20;614022;2018-11-09 17:47:52:071
-1.13;4.903;9.931;1006.0;1.0;51.41;48.16133;11.54944;513.6;NaN;17.1;9.0;277.8;0 / 20;614122;2018-11-09 17:47:52:171
-0.948;5.047;9.356;995.0;1.0;51.41;48.16133;11.54944;513.6;NaN;17.1;9.0;277.8;0 / 20;614222;2018-11-09 17:47:52:271
-1.015;5.085;10.237;989.0;1.0;51.09;48.16133;11.54944;513.6;NaN;17.1;9.0;277.8;0 / 20;614321;2018-11-09 17:47:52:370
-1.57;4.443;10.64;985.0;1.0;51.09;48.16133;11.54944;513.6;NaN;17.1;9.0;277.8;0 / 20;614422;2018-11-09 17:47:52:471
-1.139;4.348;10.745;967.0;1.0;51.09;48.16133;11.54944;513.6;NaN;17.1;9.0;277.8;0 / 20;614522;2018-11-09 17:47:52:571
-0.363;4.29;9.778;981.0;1.0;51.14;48.16133;11.54944;513.6;NaN;17.1;9.0;277.8;0 / 20;614621;2018-11-09 17:47:52:670
-0.411;4.405;11.55;915.0;1.0;51.14;48.16133;11.54944;513.6;NaN;17.1;9.0;277.8;0 / 20;614721;2018-11-09 17:47:52:770
-0.402;4.96;10.391;949.0;1.0;51.14;48.16133;11.54944;513.6;NaN;17.1;9.0;277.8;0 / 20;614822;2018-11-09 17:47:52:871
-0.928;4.529;9.759;935.0;1.0;50.76;48.16133;11.54944;513.6;NaN;17.1;9.0;277.8;0 / 20;614922;2018-11-09 17:47:52:971
-1.005;4.597;10.554;952.0;1.0;50.76;48.16133;11.54944;513.6;NaN;17.1;9.0;277.8;0 / 20;615021;2018-11-09 17:47:53:070
-0.89;4.836;9.701;916.0;1.0;50.76;48.16133;11.54944;513.6;NaN;17.1;9.0;277.8;0 / 20;615121;2018-11-09 17:47:53:170
-1.168;4.903;10.008;936.0;1.0;49.83;48.16133;11.54944;513.6;NaN;17.1;9.0;277.8;0 / 20;615222;2018-11-09 17:47:53:271
-1.206;4.759;10.257;928.0;1.0;49.83;48.16133;11.54944;513.6;NaN;17.1;9.0;277.8;0 / 20;615322;2018-11-09 17:47:53:371
-1.11;4.826;9.768;936.0;1.0;49.83;48.16133;11.54944;513.6;NaN;17.1;9.0;277.8;0 / 20;615422;2018-11-09 17:47:53:471
-0.66;4.999;9.979;912.0;1.0;49.23;48.16133;11.54944;513.6;NaN;17.1;9.0;277.8;0 / 20;615522;2018-11-09 17:47:53:571
-0.679;5.162;9.337;890.0;1.0;49.23;48.16133;11.54944;513.6;NaN;17.1;9.0;277.8;0 / 20;615622;2018-11-09 17:47:53:671
-1.283;4.549;10.333;902.0;1.0;49.23;48.16133;11.54944;513.6;NaN;17.1;9.0;277.8;0 / 20;615722;2018-11-09 17:47:53:771
-1.235;4.539;10.103;917.0;1.0;52.51;48.16133;11.54944;513.6;NaN;17.1;9.0;277.8;0 / 20;615823;2018-11-09 17:47:53:872
-1.206;4.616;10.324;931.0;1.0;52.51;48.16133;11.54944;513.6;NaN;17.1;9.0;277.8;0 / 20;615922;2018-11-09 17:47:53:971
-0.852;4.96;9.203;897.0;1.0;52.51;48.16133;11.54944;513.6;NaN;17.1;9.0;277.8;0 / 20;616022;2018-11-09 17:47:54:071
-0.737;4.98;10.534;891.0;1.0;52.12;48.16133;11.54944;513.6;NaN;17.1;9.0;277.8;0 / 20;616122;2018-11-09 17:47:54:171
-0.632;4.874;9.854;896.0;1.0;52.12;48.16133;11.54944;513.6;NaN;17.1;9.0;277.8;0 / 20;616221;2018-11-09 17:47:54:270
-0.996;4.846;10.103;897.0;1.0;52.12;48.16133;11.54944;513.6;NaN;17.1;9.0;277.8;0 / 20;616322;2018-11-09 17:47:54:371
-0.823;4.731;9.701;894.0;1.0;48.63;48.16133;11.54944;513.6;NaN;17.1;9.0;277.8;0 / 20;616422;2018-11-09 17:47:54:471
-0.842;5.047;9.979;897.0;1.0;48.63;48.16133;11.54944;513.6;NaN;17.1;9.0;277.8;0 / 20;616521;2018-11-09 17:47:54:570
-0.881;5.075;9.941;905.0;1.0;48.63;48.16133;11.54944;513.6;NaN;17.1;9.0;277.8;0 / 20;616622;2018-11-09 17:47:54:671
-1.168;4.788;10.036;909.0;1.0;48.2;48.16133;11.54944;513.6;NaN;17.1;9.0;277.8;0 / 20;616722;2018-11-09 17:47:54:771
-0.9;4.884;9.28;905.0;1.0;48.2;48.16133;11.54944;513.6;NaN;17.1;9.0;277.8;0 / 20;616822;2018-11-09 17:47:54:871
-0.823;5.008;10.257;884.0;1.0;48.2;48.16133;11.54944;513.6;NaN;17.1;9.0;277.8;0 / 20;616922;2018-11-09 17:47:54:971
-0.909;4.96;9.759;891.0;1.0;48.26;48.16133;11.54944;513.6;NaN;17.1;9.0;277.8;0 / 20;617022;2018-11-09 17:47:55:071
-0.976;5.056;9.768;878.0;1.0;48.26;48.16133;11.54944;513.6;NaN;17.1;9.0;277.8;0 / 20;617122;2018-11-09 17:47:55:171
-1.005;4.759;9.816;891.0;1.0;48.26;48.16133;11.54944;513.6;NaN;17.1;9.0;277.8;0 / 20;617221;2018-11-09 17:47:55:270
-0.909;5.152;9.577;894.0;1.0;48.35;48.16133;11.54944;513.6;NaN;17.1;9.0;277.8;0 / 20;617322;2018-11-09 17:47:55:371
-0.938;5.018;9.672;878.0;1.0;48.35;48.16133;11.54944;513.6;NaN;17.1;9.0;277.8;0 / 20;617421;2018-11-09 17:47:55:470
-1.139;4.865;10.755;869.0;1.0;48.35;48.16133;11.54944;513.6;NaN;17.1;9.0;277.8;0 / 20;617521;2018-11-09 17:47:55:570
-0.957;4.846;9.73;882.0;1.0;47.88;48.16133;11.54944;513.6;NaN;17.1;9.0;277.8;0 / 20;617622;2018-11-09 17:47:55:671
-0.804;4.951;10.276;898.0;1.0;47.88;48.16133;11.54944;513.6;NaN;17.1;9.0;277.8;0 / 20;617722;2018-11-09 17:47:55:771
-0.517;4.922;9.988;892.0;1.0;47.88;48.16133;11.54944;513.6;NaN;17.1;9.0;277.8;0 / 20;617822;2018-11-09 17:47:55:871
-0.938;5.104;10.008;901.0;1.0;48.49;48.16133;11.54944;513.6;NaN;17.1;9.0;277.8;0 / 20;617922;2018-11-09 17:47:55:971
-0.938;5.037;10.161;886.0;1.0;48.49;48.16133;11.54944;513.6;NaN;17.1;9.0;277.8;0 / 20;618022;2018-11-09 17:47:56:071
-0.967;4.999;9.912;888.0;1.0;48.49;48.16133;11.54944;513.6;NaN;17.1;9.0;277.8;0 / 20;618123;2018-11-09 17:47:56:172
-1.024;4.98;10.065;895.0;1.0;47.5;48.16133;11.54944;513.6;NaN;17.1;9.0;277.8;0 / 20;618222;2018-11-09 17:47:56:271
-0.823;5.114;9.538;898.0;1.0;47.5;48.16133;11.54944;513.6;NaN;17.1;9.0;277.8;0 / 20;618321;2018-11-09 17:47:56:370
-1.063;5.066;10.056;897.0;1.0;47.5;48.16133;11.54944;513.6;NaN;17.1;9.0;277.8;0 / 20;618421;2018-11-09 17:47:56:470
-0.996;5.018;9.155;897.0;1.0;48.24;48.16133;11.54944;513.6;NaN;17.1;9.0;277.8;0 / 20;618522;2018-11-09 17:47:56:571
-0.996;5.334;9.663;893.0;1.0;48.24;48.16133;11.54944;513.6;NaN;17.1;9.0;277.8;0 / 20;618622;2018-11-09 17:47:56:671
-0.89;5.257;8.839;902.0;1.0;48.24;48.16133;11.54944;513.6;NaN;17.1;9.0;277.8;0 / 20;618721;2018-11-09 17:47:56:770
-1.302;4.865;10.008;903.0;1.0;48.53;48.16133;11.54944;513.6;NaN;17.1;9.0;277.8;0 / 20;618822;2018-11-09 17:47:56:871
-1.13;4.836;9.778;923.0;1.0;48.53;48.16133;11.54944;513.6;NaN;17.1;9.0;277.8;0 / 20;618922;2018-11-09 17:47:56:971
-0.823;5.133;9.5;919.0;1.0;48.53;48.16133;11.54944;513.6;NaN;17.1;9.0;277.8;0 / 20;619021;2018-11-09 17:47:57:070
-0.861;5.142;9.433;945.0;1.0;48.53;48.16133;11.54944;513.6;NaN;17.1;9.0;277.8;0 / 20;619121;2018-11-09 17:47:57:170
-0.852;4.96;10.19;953.0;1.0;50.27;48.16133;11.54944;513.6;NaN;17.1;9.0;277.8;0 / 20;619221;2018-11-09 17:47:57:270
-0.967;4.75;9.864;959.0;1.0;50.27;48.16133;11.54944;513.6;NaN;17.1;9.0;277.8;0 / 20;619322;2018-11-09 17:47:57:371
-0.727;4.999;9.443;964.0;1.0;50.27;48.16133;11.54944;513.6;NaN;17.1;9.0;277.8;0 / 20;619421;2018-11-09 17:47:57:470
-0.919;4.903;9.73;938.0;1.0;49.6;48.16133;11.54944;513.6;NaN;17.1;9.0;277.8;0 / 20;619521;2018-11-09 17:47:57:570
-0.967;4.874;9.826;969.0;1.0;49.6;48.16133;11.54944;513.6;NaN;17.1;9.0;277.8;0 / 20;619622;2018-11-09 17:47:57:671
-0.756;4.941;9.854;954.0;1.0;49.6;48.16133;11.54944;513.6;NaN;17.1;9.0;277.8;0 / 20;619722;2018-11-09 17:47:57:771
-1.197;4.884;10.745;976.0;1.0;46.2;48.16133;11.54944;513.6;NaN;17.1;9.0;277.8;0 / 20;619822;2018-11-09 17:47:57:871
-1.015;4.826;10.391;990.0;1.0;46.2;48.16133;11.54944;513.6;NaN;17.1;9.0;277.8;0 / 20;619922;2018-11-09 17:47:57:971
-1.043;4.664;9.72;1006.0;1.0;46.2;48.16133;11.54944;513.6;NaN;17.1;9.0;277.8;0 / 20;620021;2018-11-09 17:47:58:070
-0.919;4.577;10.458;981.0;1.0;46.06;48.16133;11.54944;513.6;NaN;17.1;9.0;277.8;0 / 20;620121;2018-11-09 17:47:58:170
-0.574;4.616;9.701;998.0;1.0;46.06;48.16133;11.54944;513.6;NaN;17.1;9.0;277.8;0 / 20;620222;2018-11-09 17:47:58:271
-0.986;4.606;11.281;1002.0;1.0;46.06;48.16133;11.54944;513.6;NaN;17.1;9.0;277.8;0 / 20;620321;2018-11-09 17:47:58:370
-0.622;4.386;9.5;1024.0;1.0;47.63;48.16133;11.54944;513.6;NaN;17.1;9.0;277.8;0 / 20;620421;2018-11-09 17:47:58:470
-0.354;4.491;11.301;998.0;1.0;47.63;48.16133;11.54944;513.6;NaN;17.1;9.0;277.8;0 / 20;620521;2018-11-09 17:47:58:570
-0.057;4.271;9.28;1005.0;1.0;47.63;48.16133;11.54944;513.6;NaN;17.1;9.0;277.8;0 / 20;620622;2018-11-09 17:47:58:671
-0.881;4.673;11.052;1048.0;1.0;45.2;48.16133;11.54944;513.6;NaN;17.1;9.0;277.8;0 / 20;620722;2018-11-09 17:47:58:771
-0.766;4.386;10.228;1021.0;1.0;45.2;48.16133;11.54944;513.6;NaN;17.1;9.0;277.8;0 / 20;620822;2018-11-09 17:47:58:871
-0.737;4.759;10.448;1033.0;1.0;45.2;48.16133;11.54944;513.6;NaN;17.1;9.0;277.8;0 / 20;620921;2018-11-09 17:47:58:970
-0.775;4.711;10.18;1035.0;1.0;46.05;48.16133;11.54944;513.6;NaN;17.1;9.0;277.8;0 / 20;621022;2018-11-09 17:47:59:071
-0.919;4.606;9.787;1042.0;1.0;46.05;48.16133;11.54944;513.6;NaN;17.1;9.0;277.8;0 / 20;621122;2018-11-09 17:47:59:171
-0.804;4.664;10.649;1038.0;1.0;46.05;48.16133;11.54944;513.6;NaN;17.1;9.0;277.8;0 / 20;621222;2018-11-09 17:47:59:271
-0.526;4.597;9.979;1032.0;1.0;46.36;48.16133;11.54944;513.6;NaN;17.1;9.0;277.8;0 / 20;621322;2018-11-09 17:47:59:371
-0.689;4.635;10.314;1032.0;1.0;46.36;48.16133;11.54944;513.6;NaN;17.1;9.0;277.8;0 / 20;621421;2018-11-09 17:47:59:470
-0.536;4.616;10.247;1055.0;1.0;46.36;48.16133;11.54944;513.6;NaN;17.1;9.0;277.8;0 / 20;621522;2018-11-09 17:47:59:571
-0.517;4.472;10.295;1058.0;1.0;45.82;48.16133;11.54944;513.6;NaN;17.1;9.0;277.8;0 / 20;621622;2018-11-09 17:47:59:671
-0.536;4.271;10.898;1147.0;1.0;45.82;48.16133;11.54944;513.6;NaN;17.1;9.0;277.8;0 / 20;621722;2018-11-09 17:47:59:771
-0.814;4.051;11.119;1186.0;1.0;45.82;48.16133;11.54944;513.6;NaN;17.1;9.0;277.8;0 / 20;621821;2018-11-09 17:47:59:870
-1.13;4.089;10.917;1177.0;1.0;44.48;48.16133;11.54944;513.6;NaN;17.1;9.0;277.8;0 / 20;621922;2018-11-09 17:47:59:971
-0.632;3.964;10.419;1176.0;1.0;44.48;48.16133;11.54944;513.6;NaN;17.1;9.0;277.8;0 / 20;622022;2018-11-09 17:48:00:071
0.507;4.156;11.09;1199.0;1.0;44.48;48.16133;11.54944;513.6;NaN;17.1;9.0;277.8;0 / 20;622122;2018-11-09 17:48:00:171
-0.067;4.051;9.854;1098.0;1.0;45.1;48.16133;11.54944;513.6;NaN;17.1;9.0;277.8;0 / 20;622222;2018-11-09 17:48:00:271
-1.015;4.204;10.257;1055.0;1.0;45.1;48.16133;11.54944;513.6;NaN;17.1;9.0;277.8;0 / 20;622322;2018-11-09 17:48:00:371
-0.928;4.903;9.385;949.0;1.0;45.1;48.16133;11.54944;513.6;NaN;17.1;9.0;277.8;0 / 20;622422;2018-11-09 17:48:00:471
-0.296;4.778;9.117;780.0;1.0;44.51;48.16133;11.54944;513.6;NaN;17.1;9.0;277.8;0 / 20;622522;2018-11-09 17:48:00:571
-0.162;4.999;11.588;746.0;1.0;44.51;48.16133;11.54944;513.6;NaN;17.1;9.0;277.8;0 / 20;622622;2018-11-09 17:48:00:671
-0.507;4.702;10.017;838.0;1.0;44.51;48.16133;11.54944;513.6;NaN;17.1;9.0;277.8;0 / 20;622723;2018-11-09 17:48:00:772
-0.258;4.989;9.749;765.0;1.0;42.64;48.16133;11.54944;513.6;NaN;17.1;9.0;277.8;0 / 20;622821;2018-11-09 17:48:00:870
0.306;5.382;8.408;660.0;1.0;42.64;48.16133;11.54944;513.6;NaN;17.1;9.0;277.8;0 / 20;622922;2018-11-09 17:48:00:971
-1.398;5.047;9.826;707.0;1.0;42.64;48.16133;11.54944;513.6;NaN;17.1;9.0;277.8;0 / 20;623022;2018-11-09 17:48:01:071
-1.79;3.926;10.659;834.0;1.0;48.69;48.16133;11.54944;513.6;NaN;17.1;9.0;277.8;0 / 19;623122;2018-11-09 17:48:01:171
-0.967;4.664;10.946;1020.0;1.0;48.69;48.16133;11.54944;513.6;NaN;17.1;9.0;277.8;0 / 19;623222;2018-11-09 17:48:01:271
-1.455;4.434;9.155;1009.0;1.0;48.69;48.16133;11.54944;513.6;NaN;17.1;9.0;277.8;0 / 19;623322;2018-11-09 17:48:01:371
-1.446;4.568;11.693;936.0;1.0;41.51;48.16133;11.54944;513.6;NaN;17.1;9.0;277.8;0 / 19;623423;2018-11-09 17:48:01:472
-1.168;4.376;9.845;947.0;1.0;41.51;48.16133;11.54944;513.6;NaN;17.1;9.0;277.8;0 / 19;623522;2018-11-09 17:48:01:571
-2.001;4.721;9.155;807.0;1.0;41.51;48.16133;11.54944;513.6;NaN;17.1;9.0;277.8;0 / 19;623622;2018-11-09 17:48:01:671
-2.375;5.248;9.653;779.0;1.0;48.27;48.16133;11.54944;513.6;NaN;17.1;9.0;277.8;0 / 19;623722;2018-11-09 17:48:01:771
-0.833;4.29;10.008;843.0;1.0;48.27;48.16133;11.54944;513.6;NaN;17.1;9.0;277.8;0 / 19;623822;2018-11-09 17:48:01:871
-2.308;5.966;8.6;810.0;1.0;48.27;48.16133;11.54944;513.6;NaN;17.1;9.0;277.8;0 / 19;623922;2018-11-09 17:48:01:971
-4.213;4.453;10.228;766.0;1.0;43.76;48.16133;11.54944;513.6;NaN;17.1;9.0;277.8;0 / 19;624022;2018-11-09 17:48:02:071
-2.193;4.922;7.881;524.0;1.0;43.76;48.15984;11.54804;514.1;NaN;8.9;9.8;108.2;5 / 19;624121;2018-11-09 17:48:02:170
-6.32;7.489;3.955;833.0;1.0;43.76;48.15984;11.54804;514.1;NaN;8.9;9.8;108.2;5 / 19;624221;2018-11-09 17:48:02:270
-3.658;5.88;9.586;957.0;1.0;46.62;48.15984;11.54804;514.1;NaN;8.9;9.8;108.2;5 / 19;624322;2018-11-09 17:48:02:371
-3.457;6.004;7.709;1045.0;1.0;46.62;48.15984;11.54804;514.1;NaN;8.9;9.8;108.2;5 / 19;624422;2018-11-09 17:48:02:471
-3.677;4.06;9.328;1076.0;1.0;46.62;48.15984;11.54804;514.1;NaN;8.9;9.8;108.2;5 / 19;624522;2018-11-09 17:48:02:571
-2.47;5.181;9.366;451.0;1.0;49.01;48.15984;11.54804;514.1;NaN;8.9;9.8;108.2;5 / 19;624621;2018-11-09 17:48:02:670
-1.867;5.64;8.964;711.0;1.0;49.01;48.15984;11.54804;514.1;NaN;8.9;9.8;108.2;5 / 19;624722;2018-11-09 17:48:02:771
-1.618;5.085;9.883;816.0;1.0;49.01;48.15984;11.54804;514.1;NaN;8.9;9.8;108.2;5 / 19;624822;2018-11-09 17:48:02:871
-1.944;4.903;11.119;850.0;1.0;48.29;48.15984;11.54804;514.1;NaN;8.9;9.8;108.2;5 / 19;624922;2018-11-09 17:48:02:971
-1.963;4.692;9.337;860.0;1.0;48.29;48.15984;11.54804;514.1;NaN;8.9;9.8;108.2;5 / 19;625022;2018-11-09 17:48:03:071
-1.953;5.43;9.05;824.0;1.0;48.29;48.15986;11.54804;514.0;NaN;7.0;9.2;105.4;5 / 19;625122;2018-11-09 17:48:03:171
-2.049;5.564;9.05;808.0;1.0;48.04;48.15986;11.54804;514.0;NaN;7.0;9.2;105.4;5 / 19;625221;2018-11-09 17:48:03:270
-1.503;6.129;8.332;793.0;1.0;48.04;48.15986;11.54804;514.0;NaN;7.0;9.2;105.4;5 / 19;625321;2018-11-09 17:48:03:370
-1.388;4.932;7.575;845.0;1.0;48.04;48.15986;11.54804;514.0;NaN;7.0;9.2;105.4;5 / 19;625422;2018-11-09 17:48:03:471
-1.101;2.873;12.373;949.0;1.0;40.47;48.15986;11.54804;514.0;NaN;7.0;9.2;105.4;5 / 19;625522;2018-11-09 17:48:03:571
-2.394;1.781;12.191;1214.0;1.0;40.47;48.15986;11.54804;514.0;NaN;7.0;9.2;105.4;5 / 19;625622;2018-11-09 17:48:03:671
-2.355;0.928;9.385;1104.0;1.0;40.47;48.15986;11.54804;514.0;NaN;7.0;9.2;105.4;5 / 19;625722;2018-11-09 17:48:03:771
-0.641;0.823;12.21;609.0;1.0;48.67;48.15986;11.54804;514.0;NaN;7.0;9.2;105.4;5 / 19;625822;2018-11-09 17:48:03:871
-0.344;1.426;12.842;645.0;1.0;48.67;48.15986;11.54804;514.0;NaN;7.0;9.2;105.4;5 / 19;625922;2018-11-09 17:48:03:971
0.143;2.011;13.475;1157.0;1.0;48.67;48.15986;11.54804;514.0;NaN;7.0;9.2;105.4;5 / 19;626022;2018-11-09 17:48:04:071
-2.231;1.053;9.692;1176.0;1.0;52.17;48.15985;11.54807;513.8;NaN;6.6;9.2;106.9;5 / 19;626121;2018-11-09 17:48:04:170
-2.614;1.992;10.008;1267.0;1.0;52.17;48.15985;11.54807;513.8;NaN;6.6;9.2;106.9;5 / 19;626222;2018-11-09 17:48:04:271
-1.082;3.85;9.615;1120.0;1.0;52.17;48.15985;11.54807;513.8;NaN;6.6;9.2;106.9;5 / 19;626322;2018-11-09 17:48:04:371
-0.737;4.395;9.845;1016.0;1.0;52.07;48.15985;11.54807;513.8;NaN;6.6;9.2;106.9;5 / 19;626422;2018-11-09 17:48:04:471
-1.149;4.108;10.917;955.0;1.0;52.07;48.15985;11.54807;513.8;NaN;6.6;9.2;106.9;5 / 19;626522;2018-11-09 17:48:04:571
-2.03;3.85;10.515;926.0;1.0;52.07;48.15985;11.54807;513.8;NaN;6.6;9.2;106.9;5 / 19;626622;2018-11-09 17:48:04:671
-1.867;4.051;10.85;869.0;1.0;46.93;48.15985;11.54807;513.8;NaN;6.6;9.2;106.9;5 / 19;626721;2018-11-09 17:48:04:770
-1.589;4.52;10.755;830.0;1.0;46.93;48.15985;11.54807;513.8;NaN;6.6;9.2;106.9;5 / 19;626821;2018-11-09 17:48:04:870
-2.413;4.798;10.142;706.0;1.0;46.93;48.15985;11.54807;513.8;NaN;6.6;9.2;106.9;5 / 19;626921;2018-11-09 17:48:04:970
-4.213;5.478;8.59;572.0;1.0;47.78;48.15985;11.54807;513.8;NaN;6.6;9.2;106.9;5 / 19;627021;2018-11-09 17:48:05:070
-3.917;5.698;7.403;410.0;1.0;47.78;48.15984;11.5481;513.6;NaN;5.9;9.2;110.8;5 / 19;627122;2018-11-09 17:48:05:171
-5.277;6.225;6.933;613.0;1.0;47.78;48.15984;11.5481;513.6;NaN;5.9;9.2;110.8;5 / 19;627222;2018-11-09 17:48:05:271
-3.016;6.483;7.575;485.0;1.0;47.51;48.15984;11.5481;513.6;NaN;5.9;9.2;110.8;5 / 19;627321;2018-11-09 17:48:05:370
-3.016;6.129;7.383;453.0;1.0;47.51;48.15984;11.5481;513.6;NaN;5.9;9.2;110.8;5 / 19;627421;2018-11-09 17:48:05:470
-3.371;5.612;7.326;483.0;1.0;47.51;48.15984;11.5481;513.6;NaN;5.9;9.2;110.8;5 / 19;627521;2018-11-09 17:48:05:570
-2.691;6.004;9.098;437.0;1.0;49.71;48.15984;11.5481;513.6;NaN;5.9;9.2;110.8;5 / 19;627621;2018-11-09 17:48:05:670
-1.743;5.88;8.686;425.0;1.0;49.71;48.15984;11.5481;513.6;NaN;5.9;9.2;110.8;5 / 19;627721;2018-11-09 17:48:05:770
-1.848;5.621;8.351;435.0;1.0;49.71;48.15984;11.5481;513.6;NaN;5.9;9.2;110.8;5 / 19;627822;2018-11-09 17:48:05:871
-1.417;5.411;9.941;484.0;1.0;49.57;48.15984;11.5481;513.6;NaN;5.9;9.2;110.8;5 / 19;627922;2018-11-09 17:48:05:971
-1.484;5.458;9.107;477.0;1.0;49.57;48.15984;11.5481;513.6;NaN;5.9;9.2;110.8;5 / 19;628022;2018-11-09 17:48:06:071
-1.168;5.573;9.098;452.0;1.0;49.57;48.15982;11.54812;513.7;NaN;0.0;8.7;122.1;5 / 19;628122;2018-11-09 17:48:06:171
-1.522;5.344;9.155;459.0;1.0;50.29;48.15982;11.54812;513.7;NaN;0.0;8.7;122.1;5 / 19;628221;2018-11-09 17:48:06:270
-1.465;5.401;9.529;486.0;1.0;50.29;48.15982;11.54812;513.7;NaN;0.0;8.7;122.1;5 / 19;628321;2018-11-09 17:48:06:370
-1.561;5.372;9.203;515.0;1.0;50.29;48.15982;11.54812;513.7;NaN;0.0;8.7;122.1;5 / 19;628422;2018-11-09 17:48:06:471
-1.57;5.401;9.49;569.0;1.0;47.75;48.15982;11.54812;513.7;NaN;0.0;8.7;122.1;5 / 19;628522;2018-11-09 17:48:06:571
-1.618;5.411;9.28;606.0;1.0;47.75;48.15982;11.54812;513.7;NaN;0.0;8.7;122.1;5 / 19;628622;2018-11-09 17:48:06:671
-1.656;5.487;9.012;642.0;1.0;47.75;48.15982;11.54812;513.7;NaN;0.0;8.7;122.1;5 / 19;628721;2018-11-09 17:48:06:770
-1.561;5.449;8.657;656.0;1.0;54.48;48.15982;11.54812;513.7;NaN;0.0;8.7;122.1;5 / 19;628821;2018-11-09 17:48:06:870
-1.704;5.372;9.059;696.0;1.0;54.48;48.15982;11.54812;513.7;NaN;0.0;8.7;122.1;5 / 19;628921;2018-11-09 17:48:06:970
-1.867;5.334;9.5;711.0;1.0;54.48;48.15982;11.54812;513.7;NaN;0.0;8.7;122.1;5 / 19;629021;2018-11-09 17:48:07:070
-1.608;5.545;8.925;719.0;1.0;44.25;48.1598;11.54813;513.7;NaN;0.0;8.4;138.2;5 / 19;629122;2018-11-09 17:48:07:171
-2.039;5.162;9.356;752.0;1.0;44.25;48.1598;11.54813;513.7;NaN;0.0;8.4;138.2;5 / 19;629222;2018-11-09 17:48:07:271
-1.771;5.315;9.414;756.0;1.0;44.25;48.1598;11.54813;513.7;NaN;0.0;8.4;138.2;5 / 19;629322;2018-11-09 17:48:07:371
-1.628;5.344;9.031;755.0;1.0;44.38;48.1598;11.54813;513.7;NaN;0.0;8.4;138.2;5 / 19;629422;2018-11-09 17:48:07:471
-1.369;5.458;9.136;743.0;1.0;44.38;48.1598;11.54813;513.7;NaN;0.0;8.4;138.2;5 / 19;629522;2018-11-09 17:48:07:571
-1.944;5.142;9.73;744.0;1.0;44.38;48.1598;11.54813;513.7;NaN;0.0;8.4;138.2;5 / 19;629622;2018-11-09 17:48:07:671
-2.03;5.181;9.136;764.0;1.0;44.07;48.1598;11.54813;513.7;NaN;0.0;8.4;138.2;5 / 19;629722;2018-11-09 17:48:07:771
-1.762;5.056;9.203;750.0;1.0;44.07;48.1598;11.54813;513.7;NaN;0.0;8.4;138.2;5 / 19;629821;2018-11-09 17:48:07:870
-0.967;5.439;9.452;744.0;1.0;44.07;48.1598;11.54813;513.7;NaN;0.0;8.4;138.2;5 / 19;629922;2018-11-09 17:48:07:971
-0.919;5.334;9.787;738.0;1.0;43.89;48.1598;11.54813;513.7;NaN;0.0;8.4;138.2;5 / 19;630022;2018-11-09 17:48:08:071
-1.206;4.874;9.854;739.0;1.0;43.89;48.15979;11.54812;513.8;NaN;0.0;8.2;177.9;5 / 19;630122;2018-11-09 17:48:08:171
-1.245;4.788;9.701;781.0;1.0;43.89;48.15979;11.54812;513.8;NaN;0.0;8.2;177.9;5 / 19;630221;2018-11-09 17:48:08:270
-1.101;4.922;9.72;786.0;1.0;44.35;48.15979;11.54812;513.8;NaN;0.0;8.2;177.9;5 / 19;630321;2018-11-09 17:48:08:370
-0.996;5.066;9.931;799.0;1.0;44.35;48.15979;11.54812;513.8;NaN;0.0;8.2;177.9;5 / 19;630421;2018-11-09 17:48:08:470
-1.58;4.539;10.027;834.0;1.0;44.35;48.15979;11.54812;513.8;NaN;0.0;8.2;177.9;5 / 19;630522;2018-11-09 17:48:08:571
-1.245;4.778;9.672;851.0;1.0;45.1;48.15979;11.54812;513.8;NaN;0.0;8.2;177.9;5 / 19;630621;2018-11-09 17:48:08:670
-1.426;4.778;10.027;834.0;1.0;45.1;48.15979;11.54812;513.8;NaN;0.0;8.2;177.9;5 / 19;630721;2018-11-09 17:48:08:770
-1.58;4.568;10.209;839.0;1.0;45.1;48.15979;11.54812;513.8;NaN;0.0;8.2;177.9;5 / 19;630822;2018-11-09 17:48:08:871
-1.312;4.635;10.046;841.0;1.0;44.62;48.15979;11.54812;513.8;NaN;0.0;8.2;177.9;5 / 19;630922;2018-11-09 17:48:08:971
-1.58;4.654;9.701;846.0;1.0;44.62;48.15979;11.54812;513.8;NaN;0.0;8.2;177.9;5 / 19;631022;2018-11-09 17:48:09:071
-1.359;4.807;10.362;866.0;1.0;44.62;48.15979;11.54812;513.8;NaN;0.0;8.2;177.9;5 / 19;631122;2018-11-09 17:48:09:171
-1.484;4.836;9.452;863.0;1.0;44.62;48.15979;11.54812;513.8;NaN;0.0;8.2;177.9;5 / 19;631222;2018-11-09 17:48:09:271
-1.886;4.673;9.921;862.0;1.0;44.62;48.15979;11.54812;513.8;NaN;0.0;8.2;177.9;5 / 19;631322;2018-11-09 17:48:09:371
-1.359;4.817;10.237;874.0;1.0;44.62;48.15979;11.54812;513.8;NaN;0.0;8.2;177.9;5 / 19;631422;2018-11-09 17:48:09:471
-1.513;4.941;9.452;849.0;1.0;43.47;48.15979;11.54812;513.8;NaN;0.0;8.2;177.9;5 / 19;631522;2018-11-09 17:48:09:571
-1.369;4.903;9.644;848.0;1.0;43.47;48.15979;11.54812;513.8;NaN;0.0;8.2;177.9;5 / 19;631622;2018-11-09 17:48:09:671
-1.743;4.932;9.653;817.0;1.0;43.47;48.15979;11.54812;513.8;NaN;0.0;8.2;177.9;5 / 19;631722;2018-11-09 17:48:09:771
-1.407;4.913;9.644;788.0;1.0;44.69;48.15979;11.54812;513.8;NaN;0.0;8.2;177.9;5 / 19;631822;2018-11-09 17:48:09:871
-1.704;4.501;9.988;789.0;1.0;44.69;48.15979;11.54812;513.8;NaN;0.0;8.2;177.9;5 / 19;631922;2018-11-09 17:48:09:971
-1.359;5.008;9.615;801.0;1.0;44.69;48.15979;11.54812;513.8;NaN;0.0;8.2;177.9;5 / 19;632021;2018-11-09 17:48:10:070
-1.426;5.008;9.596;830.0;1.0;44.69;48.15979;11.54812;513.8;NaN;0.0;8.2;177.9;6 / 19;632122;2018-11-09 17:48:10:171
-1.733;4.635;9.893;833.0;1.0;43.19;48.15979;11.54812;513.8;NaN;0.0;8.2;177.9;6 / 19;632222;2018-11-09 17:48:10:271
-1.81;4.74;10.237;851.0;1.0;43.19;48.15979;11.54812;513.8;NaN;0.0;8.2;177.9;6 / 19;632322;2018-11-09 17:48:10:371
-1.292;4.97;9.634;832.0;1.0;43.19;48.15979;11.54812;513.8;NaN;0.0;8.2;177.9;6 / 19;632422;2018-11-09 17:48:10:471
-1.312;4.865;9.807;788.0;1.0;42.88;48.15979;11.54812;513.8;NaN;0.0;8.2;177.9;6 / 19;632522;2018-11-09 17:48:10:571
-1.503;5.008;9.816;701.0;1.0;42.88;48.15979;11.54812;513.8;NaN;0.0;8.2;177.9;6 / 19;632622;2018-11-09 17:48:10:671
-1.925;5.085;9.682;663.0;1.0;42.88;48.15979;11.54812;513.8;NaN;0.0;8.2;177.9;6 / 19;632722;2018-11-09 17:48:10:771
-1.781;5.037;9.538;661.0;1.0;40.67;48.15979;11.54812;513.8;NaN;0.0;8.2;177.9;6 / 19;632822;2018-11-09 17:48:10:871
-1.532;4.817;9.5;716.0;1.0;40.67;48.15979;11.54812;513.8;NaN;0.0;8.2;177.9;6 / 19;632921;2018-11-09 17:48:10:970
-1.771;4.788;9.586;760.0;1.0;40.67;48.15979;11.54812;513.8;NaN;0.0;8.2;177.9;6 / 19;633021;2018-11-09 17:48:11:070
-1.762;4.826;9.768;804.0;1.0;39.79;48.15979;11.54812;513.8;NaN;0.0;8.2;177.9;6 / 19;633126;2018-11-09 17:48:11:175
-2.087;4.491;9.998;887.0;1.0;39.79;48.15979;11.54812;513.8;NaN;0.0;8.2;177.9;6 / 19;633221;2018-11-09 17:48:11:270
-1.752;4.51;9.998;884.0;1.0;39.79;48.15979;11.54812;513.8;NaN;0.0;8.2;177.9;6 / 19;633321;2018-11-09 17:48:11:370
-1.541;4.989;9.826;888.0;1.0;42.87;48.15979;11.54812;513.8;NaN;0.0;8.2;177.9;6 / 19;633421;2018-11-09 17:48:11:470
-1.8;4.721;9.49;868.0;1.0;42.87;48.15979;11.54812;513.8;NaN;0.0;8.2;177.9;6 / 19;633521;2018-11-09 17:48:11:570
-2.662;3.888;9.634;874.0;1.0;42.87;48.15979;11.54812;513.8;NaN;0.0;8.2;177.9;6 / 19;633622;2018-11-09 17:48:11:671
-2.049;4.338;10.285;873.0;1.0;49.19;48.15979;11.54812;513.8;NaN;0.0;8.2;177.9;6 / 19;633721;2018-11-09 17:48:11:770
-2.116;4.309;9.72;898.0;1.0;49.19;48.15979;11.54812;513.8;NaN;0.0;8.2;177.9;6 / 19;633821;2018-11-09 17:48:11:870
-2.039;4.367;10.285;866.0;1.0;49.19;48.15979;11.54812;513.8;NaN;0.0;8.2;177.9;6 / 19;633921;2018-11-09 17:48:11:970
-2.059;4.194;10.486;896.0;1.0;40.14;48.15979;11.54812;513.8;NaN;0.0;8.2;177.9;6 / 19;634021;2018-11-09 17:48:12:070
-1.857;4.3;9.807;870.0;1.0;40.14;48.15979;11.54812;513.8;NaN;0.0;8.2;177.9;6 / 19;634122;2018-11-09 17:48:12:171
-2.135;4.118;10.697;888.0;1.0;40.14;48.15979;11.54812;513.8;NaN;0.0;8.2;177.9;6 / 19;634222;2018-11-09 17:48:12:271
-2.011;4.051;10.209;902.0;1.0;41.44;48.15979;11.54812;513.8;NaN;0.0;8.2;177.9;6 / 19;634322;2018-11-09 17:48:12:371
-1.829;4.175;10.084;890.0;1.0;41.44;48.15979;11.54812;513.8;NaN;0.0;8.2;177.9;6 / 19;634422;2018-11-09 17:48:12:471
-1.934;3.936;10.343;893.0;1.0;41.44;48.15979;11.54812;513.8;NaN;0.0;8.2;177.9;6 / 19;634521;2018-11-09 17:48:12:570
-2.049;4.031;10.467;898.0;1.0;54.85;48.15979;11.54812;513.8;NaN;0.0;8.2;177.9;6 / 19;634622;2018-11-09 17:48:12:671
-2.011;4.07;10.247;906.0;1.0;54.85;48.15979;11.54812;513.8;NaN;0.0;8.2;177.9;6 / 19;634722;2018-11-09 17:48:12:771
-2.011;3.878;10.678;911.0;1.0;54.85;48.15979;11.54812;513.8;NaN;0.0;8.2;177.9;6 / 19;634822;2018-11-09 17:48:12:871
-2.183;3.687;10.362;885.0;1.0;41.12;48.15979;11.54812;513.8;NaN;0.0;8.2;177.9;6 / 19;634922;2018-11-09 17:48:12:971
-2.164;3.629;10.726;893.0;1.0;41.12;48.15979;11.54812;513.8;NaN;0.0;8.2;177.9;6 / 19;635021;2018-11-09 17:48:13:070
-1.992;3.687;10.601;872.0;1.0;41.12;48.15979;11.54812;513.8;NaN;0.0;8.2;177.9;6 / 19;635122;2018-11-09 17:48:13:171
-2.078;3.62;10.439;882.0;1.0;40.84;48.15979;11.54812;513.8;NaN;0.0;8.2;177.9;6 / 19;635222;2018-11-09 17:48:13:271
-2.087;3.61;10.63;896.0;1.0;40.84;48.15979;11.54812;513.8;NaN;0.0;8.2;177.9;6 / 19;635322;2018-11-09 17:48:13:371
-2.02;3.648;10.429;872.0;1.0;40.84;48.15979;11.54812;513.8;NaN;0.0;8.2;177.9;6 / 19;635422;2018-11-09 17:48:13:471
-2.059;3.677;10.515;882.0;1.0;44.48;48.15979;11.54812;513.8;NaN;0.0;8.2;177.9;6 / 19;635521;2018-11-09 17:48:13:570
-2.135;3.495;10.372;874.0;1.0;44.48;48.15979;11.54812;513.8;NaN;0.0;8.2;177.9;6 / 19;635621;2018-11-09 17:48:13:670
-1.934;3.658;10.86;874.0;1.0;44.48;48.15979;11.54812;513.8;NaN;0.0;8.2;177.9;6 / 19;635721;2018-11-09 17:48:13:770
-1.867;3.486;9.807;876.0;1.0;44.89;48.15979;11.54812;513.8;NaN;0.0;8.2;177.9;6 / 19;635822;2018-11-09 17:48:13:871
-2.03;3.792;10.63;892.0;1.0;44.89;48.15979;11.54812;513.8;NaN;0.0;8.2;177.9;6 / 19;635922;2018-11-09 17:48:13:971
-1.963;3.725;9.931;881.0;1.0;44.89;48.15979;11.54812;513.8;NaN;0.0;8.2;177.9;6 / 19;636022;2018-11-09 17:48:14:071
-2.02;3.629;10.372;882.0;1.0;42.79;48.15979;11.54812;513.8;NaN;0.0;8.2;177.9;6 / 19;636122;2018-11-09 17:48:14:171
-2.059;3.754;10.285;889.0;1.0;42.79;48.15979;11.54812;513.8;NaN;0.0;8.2;177.9;6 / 19;636222;2018-11-09 17:48:14:271
-2.135;3.601;10.352;872.0;1.0;42.79;48.15979;11.54812;513.8;NaN;0.0;8.2;177.9;6 / 19;636322;2018-11-09 17:48:14:371
-2.145;3.677;10.563;876.0;1.0;41.66;48.15979;11.54812;513.8;NaN;0.0;8.2;177.9;6 / 19;636422;2018-11-09 17:48:14:471
-2.059;3.629;10.515;894.0;1.0;41.66;48.15979;11.54812;513.8;NaN;0.0;8.2;177.9;6 / 19;636522;2018-11-09 17:48:14:571
-2.106;3.677;10.295;879.0;1.0;41.66;48.15979;11.54812;513.8;NaN;0.0;8.2;177.9;6 / 19;636621;2018-11-09 17:48:14:670
-2.087;3.581;10.257;886.0;1.0;45.76;48.15979;11.54812;513.8;NaN;0.0;8.2;177.9;6 / 19;636722;2018-11-09 17:48:14:771
-2.154;3.629;10.592;886.0;1.0;45.76;48.15979;11.54812;513.8;NaN;0.0;8.2;177.9;6 / 19;636821;2018-11-09 17:48:14:870
-1.934;3.773;10.352;894.0;1.0;45.76;48.15979;11.54812;513.8;NaN;0.0;8.2;177.9;6 / 19;636922;2018-11-09 17:48:14:971
-1.953;3.859;10.534;888.0;1.0;45.76;48.15979;11.54812;513.8;NaN;0.0;8.2;177.9;6 / 19;637022;2018-11-09 17:48:15:071
-2.039;3.601;10.228;910.0;1.0;43.2;48.15979;11.54812;513.8;NaN;0.0;8.2;177.9;6 / 19;637122;2018-11-09 17:48:15:171
-2.087;3.486;10.247;890.0;1.0;43.2;48.15979;11.54812;513.8;NaN;0.0;8.2;177.9;6 / 19;637222;2018-11-09 17:48:15:271
-1.992;3.782;10.448;879.0;1.0;43.2;48.15979;11.54812;513.8;NaN;0.0;8.2;177.9;6 / 19;637322;2018-11-09 17:48:15:371
-2.001;3.763;10.573;890.0;1.0;41.69;48.15979;11.54812;513.8;NaN;0.0;8.2;177.9;6 / 19;637422;2018-11-09 17:48:15:471
-2.011;3.629;10.697;894.0;1.0;41.69;48.15979;11.54812;513.8;NaN;0.0;8.2;177.9;6 / 19;637521;2018-11-09 17:48:15:570
-2.059;3.495;10.506;904.0;1.0;41.69;48.15979;11.54812;513.8;NaN;0.0;8.2;177.9;6 / 19;637622;2018-11-09 17:48:15:671
-1.848;3.773;10.659;914.0;1.0;47.8;48.15979;11.54812;513.8;NaN;0.0;8.2;177.9;6 / 19;637721;2018-11-09 17:48:15:770
-1.618;3.907;10.285;909.0;1.0;47.8;48.15979;11.54812;513.8;NaN;0.0;8.2;177.9;6 / 19;637821;2018-11-09 17:48:15:870
-1.953;3.696;10.707;904.0;1.0;47.8;48.15979;11.54812;513.8;NaN;0.0;8.2;177.9;6 / 19;637921;2018-11-09 17:48:15:970
-1.781;3.802;10.496;913.0;1.0;46.68;48.15979;11.54812;513.8;NaN;0.0;8.2;177.9;6 / 19;638021;2018-11-09 17:48:16:070
-1.867;3.955;10.209;893.0;1.0;46.68;48.15979;11.54812;513.8;NaN;0.0;8.2;177.9;6 / 19;638121;2018-11-09 17:48:16:170
-2.126;3.792;10.228;907.0;1.0;46.68;48.15979;11.54812;513.8;NaN;0.0;8.2;177.9;6 / 19;638222;2018-11-09 17:48:16:271
-2.106;3.773;10.218;902.0;1.0;46.17;48.15979;11.54812;513.8;NaN;0.0;8.2;177.9;6 / 19;638322;2018-11-09 17:48:16:371
-1.886;4.031;10.324;881.0;1.0;46.17;48.15979;11.54812;513.8;NaN;0.0;8.2;177.9;6 / 19;638422;2018-11-09 17:48:16:471
-2.001;3.869;10.18;897.0;1.0;46.17;48.15979;11.54812;513.8;NaN;0.0;8.2;177.9;6 / 19;638521;2018-11-09 17:48:16:570
-1.992;3.802;10.247;895.0;1.0;46.48;48.15979;11.54812;513.8;NaN;0.0;8.2;177.9;6 / 19;638621;2018-11-09 17:48:16:670
-1.982;3.85;10.228;900.0;1.0;46.48;48.15979;11.54812;513.8;NaN;0.0;8.2;177.9;6 / 19;638722;2018-11-09 17:48:16:771
-2.126;3.878;10.659;885.0;1.0;46.48;48.15979;11.54812;513.8;NaN;0.0;8.2;177.9;6 / 19;638822;2018-11-09 17:48:16:871
-2.135;3.763;10.257;887.0;1.0;45.18;48.15979;11.54812;513.8;NaN;0.0;8.2;177.9;6 / 19;638922;2018-11-09 17:48:16:971
-1.992;3.878;10.343;894.0;1.0;45.18;48.15979;11.54812;513.8;NaN;0.0;8.2;177.9;6 / 19;639022;2018-11-09 17:48:17:071
-1.992;4.07;10.63;882.0;1.0;45.18;48.15979;11.54812;513.8;NaN;0.0;8.2;177.9;6 / 19;639122;2018-11-09 17:48:17:171
-2.231;3.591;10.036;888.0;1.0;44.3;48.15979;11.54812;513.8;NaN;0.0;8.2;177.9;7 / 19;639222;2018-11-09 17:48:17:271
-1.972;3.792;10.515;850.0;1.0;44.3;48.15979;11.54812;513.8;NaN;0.0;8.2;177.9;7 / 19;639322;2018-11-09 17:48:17:371
-1.34;4.07;10.391;832.0;1.0;44.3;48.15979;11.54812;513.8;NaN;0.0;8.2;177.9;7 / 19;639421;2018-11-09 17:48:17:470
-1.474;4.146;10.439;822.0;1.0;42.09;48.15979;11.54812;513.8;NaN;0.0;8.2;177.9;7 / 19;639522;2018-11-09 17:48:17:571
-2.413;3.284;9.941;823.0;1.0;42.09;48.15979;11.54812;513.8;NaN;0.0;8.2;177.9;7 / 19;639622;2018-11-09 17:48:17:671
-1.963;3.897;10.889;812.0;1.0;42.09;48.15979;11.54812;513.8;NaN;0.0;8.2;177.9;7 / 19;639722;2018-11-09 17:48:17:771
-1.752;4.051;10.324;790.0;1.0;44.54;48.15979;11.54812;513.8;NaN;0.0;8.2;177.9;7 / 19;639822;2018-11-09 17:48:17:871
-2.183;3.821;10.458;801.0;1.0;44.54;48.15979;11.54812;513.8;NaN;0.0;8.2;177.9;7 / 19;639922;2018-11-09 17:48:17:971
-2.288;3.677;10.209;804.0;1.0;44.54;48.15979;11.54812;513.8;NaN;0.0;8.2;177.9;7 / 19;640022;2018-11-09 17:48:18:071
-2.174;3.782;10.582;816.0;1.0;41.41;48.15979;11.54812;513.8;NaN;0.0;8.2;177.9;7 / 19;640122;2018-11-09 17:48:18:171
-2.097;3.888;10.601;804.0;1.0;41.41;48.15979;11.54812;513.8;NaN;0.0;8.2;177.9;7 / 19;640222;2018-11-09 17:48:18:271
-2.164;3.907;10.429;791.0;1.0;41.41;48.15979;11.54812;513.8;NaN;0.0;8.2;177.9;7 / 19;640321;2018-11-09 17:48:18:370
-2.231;3.773;10.85;792.0;1.0;41.4;48.15979;11.54812;513.8;NaN;0.0;8.2;177.9;7 / 19;640421;2018-11-09 17:48:18:470
-2.039;3.974;10.046;787.0;1.0;41.4;48.15979;11.54812;513.8;NaN;0.0;8.2;177.9;7 / 19;640521;2018-11-09 17:48:18:570
-1.857;4.06;9.72;778.0;1.0;41.4;48.15979;11.54812;513.8;NaN;0.0;8.2;177.9;7 / 19;640621;2018-11-09 17:48:18:670
-2.25;4.118;10.266;764.0;1.0;41.36;48.15979;11.54812;513.8;NaN;0.0;8.2;177.9;7 / 19;640721;2018-11-09 17:48:18:770
-2.097;3.974;9.711;791.0;1.0;41.36;48.15979;11.54812;513.8;NaN;0.0;8.2;177.9;7 / 19;640822;2018-11-09 17:48:18:871
-2.126;4.137;10.285;782.0;1.0;41.36;48.15979;11.54812;513.8;NaN;0.0;8.2;177.9;7 / 19;640921;2018-11-09 17:48:18:970
-2.26;4.003;10.199;803.0;1.0;44.19;48.15979;11.54812;513.8;NaN;0.0;8.2;177.9;7 / 19;641022;2018-11-09 17:48:19:071
-2.135;4.127;10.391;803.0;1.0;44.19;48.15977;11.54798;513.7;NaN;0.0;6.9;177.9;7 / 19;641122;2018-11-09 17:48:19:171
-2.087;4.204;10.362;806.0;1.0;44.19;48.15977;11.54798;513.7;NaN;0.0;6.9;177.9;7 / 19;641222;2018-11-09 17:48:19:271
-1.953;4.242;10.324;798.0;1.0;47.44;48.15977;11.54798;513.7;NaN;0.0;6.9;177.9;7 / 19;641322;2018-11-09 17:48:19:371
-1.474;4.539;9.816;789.0;1.0;47.44;48.15977;11.54798;513.7;NaN;0.0;6.9;177.9;7 / 19;641423;2018-11-09 17:48:19:472
-1.915;4.529;10.257;805.0;1.0;47.44;48.15977;11.54798;513.7;NaN;0.0;6.9;177.9;7 / 19;641522;2018-11-09 17:48:19:571
-2.327;3.907;10.343;830.0;1.0;48.48;48.15977;11.54798;513.7;NaN;0.0;6.9;177.9;7 / 19;641622;2018-11-09 17:48:19:671
-2.777;4.778;10.716;868.0;1.0;48.48;48.15977;11.54798;513.7;NaN;0.0;6.9;177.9;7 / 19;641721;2018-11-09 17:48:19:770
-2.288;5.382;9.127;845.0;1.0;48.48;48.15977;11.54798;513.7;NaN;0.0;6.9;177.9;7 / 19;641821;2018-11-09 17:48:19:870
-1.857;6.071;8.686;837.0;1.0;43.2;48.15977;11.54798;513.7;NaN;0.0;6.9;177.9;7 / 19;641922;2018-11-09 17:48:19:971
-1.532;6.675;8.466;831.0;1.0;43.2;48.15977;11.54798;513.7;NaN;0.0;6.9;177.9;7 / 19;642023;2018-11-09 17:48:20:072
-2.001;6.464;8.054;845.0;1.0;43.2;48.15977;11.54798;513.7;NaN;0.0;6.9;177.9;7 / 19;642122;2018-11-09 17:48:20:171
-2.02;5.506;7.862;875.0;1.0;43.29;48.15976;11.54798;513.6;NaN;0.0;6.8;177.9;7 / 19;642222;2018-11-09 17:48:20:271
-0.641;5.257;8.715;836.0;1.0;43.29;48.15976;11.54798;513.6;NaN;0.0;6.8;177.9;7 / 19;642322;2018-11-09 17:48:20:371
-0.172;6.177;7.106;650.0;1.0;43.29;48.15976;11.54798;513.6;NaN;0.0;6.8;177.9;7 / 19;642421;2018-11-09 17:48:20:470
-0.67;7.7;8.111;575.0;1.0;43.29;48.15976;11.54798;513.6;NaN;0.0;6.8;177.9;7 / 19;642521;2018-11-09 17:48:20:570
-0.603;8.044;7.652;444.0;1.0;41.35;48.15976;11.54798;513.6;NaN;0.0;6.8;177.9;7 / 19;642621;2018-11-09 17:48:20:670
-0.689;8.696;8.475;308.0;1.0;41.35;48.15976;11.54798;513.6;NaN;0.0;6.8;177.9;7 / 19;642721;2018-11-09 17:48:20:770
-0.555;8.571;8.312;268.0;1.0;41.35;48.15976;11.54798;513.6;NaN;0.0;6.8;177.9;7 / 19;642822;2018-11-09 17:48:20:871
0.699;5.803;6.56;249.0;1.0;42.51;48.15976;11.54798;513.6;NaN;0.0;6.8;177.9;7 / 19;642922;2018-11-09 17:48:20:971
0.316;7.077;7.393;247.0;1.0;42.51;48.15976;11.54798;513.6;NaN;0.0;6.8;177.9;7 / 19;643022;2018-11-09 17:48:21:071
0.976;7.125;6.665;256.0;1.0;42.51;48.15976;11.54798;513.6;NaN;0.0;6.8;177.9;7 / 19;643122;2018-11-09 17:48:21:171
-1.388;7.498;7.575;272.0;1.0;43.33;48.15976;11.54798;513.6;NaN;0.0;6.8;177.9;7 / 19;643222;2018-11-09 17:48:21:271
-0.584;7.814;7.92;238.0;1.0;43.33;48.15976;11.54798;513.6;NaN;0.0;6.8;177.9;7 / 19;643321;2018-11-09 17:48:21:370
-0.67;7.757;8.696;227.0;1.0;43.33;48.15976;11.54798;513.6;NaN;0.0;6.8;177.9;7 / 19;643421;2018-11-09 17:48:21:470
-0.488;7.259;7.479;220.0;1.0;45.92;48.15976;11.54798;513.6;NaN;0.0;6.8;177.9;7 / 19;643521;2018-11-09 17:48:21:570
-1.905;6.541;9.107;203.0;1.0;45.92;48.15976;11.54798;513.6;NaN;0.0;6.8;177.9;7 / 19;643622;2018-11-09 17:48:21:671
0.134;6.895;7.91;179.0;1.0;45.92;48.15976;11.54798;513.6;NaN;0.0;6.8;177.9;7 / 19;643722;2018-11-09 17:48:21:771
0.201;6.263;9.146;186.0;1.0;41.3;48.15976;11.54798;513.6;NaN;0.0;6.8;177.9;7 / 19;643822;2018-11-09 17:48:21:871
0.277;6.196;9.251;214.0;1.0;41.3;48.15976;11.54798;513.6;NaN;0.0;6.8;177.9;7 / 19;643922;2018-11-09 17:48:21:971
1.762;7.192;7.383;198.0;1.0;41.3;48.15976;11.54798;513.6;NaN;0.0;6.8;177.9;7 / 19;644022;2018-11-09 17:48:22:071
0.612;6.445;8.849;212.0;1.0;42.83;48.15976;11.54795;513.7;NaN;0.0;6.7;177.9;7 / 19;644122;2018-11-09 17:48:22:171
0.411;6.119;8.619;201.0;1.0;42.83;48.15976;11.54795;513.7;NaN;0.0;6.7;177.9;9 / 19;644221;2018-11-09 17:48:22:270
0.507;5.573;7.843;177.0;1.0;42.83;48.15976;11.54795;513.7;NaN;0.0;6.7;177.9;9 / 19;644321;2018-11-09 17:48:22:370
1.321;6.043;7.249;191.0;1.0;47.57;48.15976;11.54795;513.7;NaN;0.0;6.7;177.9;9 / 19;644422;2018-11-09 17:48:22:471
-1.034;5.401;9.251;168.0;1.0;47.57;48.15976;11.54795;513.7;NaN;0.0;6.7;177.9;9 / 19;644522;2018-11-09 17:48:22:571
-2.26;5.468;9.644;194.0;1.0;47.57;48.15976;11.54795;513.7;NaN;0.0;6.7;177.9;9 / 19;644622;2018-11-09 17:48:22:671
-1.235;6.033;9.95;194.0;1.0;44.68;48.15976;11.54795;513.7;NaN;0.0;6.7;177.9;9 / 19;644721;2018-11-09 17:48:22:770
-0.124;5.449;9.136;212.0;1.0;44.68;48.15976;11.54795;513.7;NaN;0.0;6.7;177.9;9 / 19;644822;2018-11-09 17:48:22:871
0.66;5.248;9.653;193.0;1.0;44.68;48.15976;11.54795;513.7;NaN;0.0;6.7;177.9;9 / 19;644922;2018-11-09 17:48:22:971
1.292;4.415;9.356;186.0;1.0;45.76;48.15976;11.54795;513.7;NaN;0.0;6.7;177.9;9 / 19;645022;2018-11-09 17:48:23:071
0.679;4.597;9.538;184.0;1.0;45.76;48.15976;11.54795;513.7;NaN;0.0;6.7;177.9;9 / 19;645122;2018-11-09 17:48:23:171
-0.143;4.367;11.061;155.0;1.0;45.76;48.15976;11.54795;513.7;NaN;0.0;6.7;177.9;9 / 19;645221;2018-11-09 17:48:23:270
-0.277;4.606;11.435;163.0;1.0;54.17;48.15976;11.54795;513.7;NaN;0.0;6.7;177.9;9 / 19;645322;2018-11-09 17:48:23:371
0.555;4.185;10.056;152.0;1.0;54.17;48.15976;11.54795;513.7;NaN;0.0;6.7;177.9;9 / 19;645421;2018-11-09 17:48:23:470
0.201;4.453;10.027;164.0;1.0;54.17;48.15976;11.54795;513.7;NaN;0.0;6.7;177.9;9 / 19;645521;2018-11-09 17:48:23:570
-0.143;4.855;9.462;180.0;1.0;45.85;48.15976;11.54795;513.7;NaN;0.0;6.7;177.9;9 / 19;645621;2018-11-09 17:48:23:670
0.363;4.118;9.845;181.0;1.0;45.85;48.15976;11.54795;513.7;NaN;0.0;6.7;177.9;9 / 19;645721;2018-11-09 17:48:23:770
-0.067;4.223;9.682;201.0;1.0;45.85;48.15976;11.54795;513.7;NaN;0.0;6.7;177.9;9 / 19;645821;2018-11-09 17:48:23:870
0.411;4.683;10.85;212.0;1.0;46.09;48.15976;11.54795;513.7;NaN;0.0;6.7;177.9;9 / 19;645921;2018-11-09 17:48:23:970
0.296;4.041;10.419;203.0;1.0;46.09;48.15976;11.54795;513.7;NaN;0.0;6.7;177.9;9 / 19;646022;2018-11-09 17:48:24:071
0.651;4.146;10.783;205.0;1.0;46.09;48.15976;11.54795;513.7;NaN;0.0;6.7;177.9;9 / 19;646122;2018-11-09 17:48:24:171
0.383;4.194;10.132;205.0;1.0;47.58;48.15976;11.54795;513.7;NaN;0.0;6.7;177.9;9 / 19;646222;2018-11-09 17:48:24:271
0.641;4.252;9.672;206.0;1.0;47.58;48.15976;11.54795;513.7;NaN;0.0;6.7;177.9;9 / 19;646322;2018-11-09 17:48:24:371
-0.172;4.012;10.755;233.0;1.0;47.58;48.15976;11.54795;513.7;NaN;0.0;6.7;177.9;9 / 19;646422;2018-11-09 17:48:24:471
0.421;4.367;10.774;254.0;1.0;47.7;48.15976;11.54795;513.7;NaN;0.0;6.7;177.9;9 / 19;646522;2018-11-09 17:48:24:571
0.43;4.175;10.515;250.0;1.0;47.7;48.15976;11.54795;513.7;NaN;0.0;6.7;177.9;9 / 19;646621;2018-11-09 17:48:24:670
0.296;4.597;8.83;244.0;1.0;47.7;48.15976;11.54795;513.7;NaN;0.0;6.7;177.9;9 / 19;646721;2018-11-09 17:48:24:770
-0.028;4.482;10.103;245.0;1.0;44.37;48.15976;11.54795;513.7;NaN;0.0;6.7;177.9;9 / 19;646822;2018-11-09 17:48:24:871
0.191;4.96;9.96;261.0;1.0;44.37;48.15976;11.54795;513.7;NaN;0.0;6.7;177.9;9 / 19;646922;2018-11-09 17:48:24:971
0.258;4.539;9.481;268.0;1.0;44.37;48.15976;11.54795;513.7;NaN;0.0;6.7;177.9;9 / 19;647022;2018-11-09 17:48:25:071
0.134;4.204;10.946;274.0;1.0;43.5;48.15976;11.54795;513.7;NaN;0.0;6.7;177.9;9 / 19;647122;2018-11-09 17:48:25:171
0.363;4.185;9.481;259.0;1.0;43.5;48.15976;11.54795;513.7;NaN;0.0;6.7;177.9;10 / 19;647222;2018-11-09 17:48:25:271
0.392;4.328;9.443;244.0;1.0;43.5;48.15976;11.54795;513.7;NaN;0.0;6.7;177.9;10 / 19;647321;2018-11-09 17:48:25:370
0.363;4.817;9.443;236.0;1.0;56.92;48.15976;11.54795;513.7;NaN;0.0;6.7;177.9;10 / 19;647421;2018-11-09 17:48:25:470
0.756;4.185;9.423;209.0;1.0;56.92;48.15976;11.54795;513.7;NaN;0.0;6.7;177.9;10 / 19;647521;2018-11-09 17:48:25:570
0.134;4.539;10.056;210.0;1.0;56.92;48.15976;11.54795;513.7;NaN;0.0;6.7;177.9;10 / 19;647622;2018-11-09 17:48:25:671
0.344;4.922;10.831;200.0;1.0;40.12;48.15976;11.54795;513.7;NaN;0.0;6.7;177.9;10 / 19;647722;2018-11-09 17:48:25:771
0.038;4.003;9.759;222.0;1.0;40.12;48.15976;11.54795;513.7;NaN;0.0;6.7;177.9;10 / 19;647822;2018-11-09 17:48:25:871
0.21;3.907;10.123;224.0;1.0;40.12;48.15976;11.54795;513.7;NaN;0.0;6.7;177.9;10 / 19;647922;2018-11-09 17:48:25:971
0.727;3.955;9.969;244.0;1.0;37.82;48.15976;11.54795;513.7;NaN;0.0;6.7;177.9;10 / 19;648022;2018-11-09 17:48:26:071
1.13;4.223;10.17;213.0;1.0;37.82;48.15976;11.54795;513.7;NaN;0.0;6.7;177.9;10 / 19;648122;2018-11-09 17:48:26:171
0.258;4.194;10.994;216.0;1.0;37.82;48.15976;11.54795;513.7;NaN;0.0;6.7;177.9;10 / 19;648222;2018-11-09 17:48:26:271
0.268;4.07;9.778;223.0;1.0;37.86;48.15976;11.54795;513.7;NaN;0.0;6.7;177.9;10 / 19;648322;2018-11-09 17:48:26:371
0.66;3.964;9.586;225.0;1.0;37.86;48.15976;11.54795;513.7;NaN;0.0;6.7;177.9;10 / 19;648422;2018-11-09 17:48:26:471
0.699;4.185;10.305;233.0;1.0;37.86;48.15976;11.54795;513.7;NaN;0.0;6.7;177.9;10 / 19;648522;2018-11-09 17:48:26:571
0.411;3.907;11.004;287.0;1.0;41.13;48.15976;11.54795;513.7;NaN;0.0;6.7;177.9;10 / 19;648622;2018-11-09 17:48:26:671
0.421;3.782;10.697;298.0;1.0;41.13;48.15976;11.54795;513.7;NaN;0.0;6.7;177.9;10 / 19;648722;2018-11-09 17:48:26:771
0.699;3.754;9.816;291.0;1.0;41.13;48.15976;11.54795;513.7;NaN;0.0;6.7;177.9;10 / 19;648822;2018-11-09 17:48:26:871
0.612;4.137;9.826;284.0;1.0;41.13;48.15976;11.54795;513.7;NaN;0.0;6.7;177.9;10 / 19;648922;2018-11-09 17:48:26:971
0.373;3.696;11.253;287.0;1.0;39.66;48.15976;11.54795;513.7;NaN;0.0;6.7;177.9;10 / 19;649021;2018-11-09 17:48:27:070
0.459;3.696;9.807;297.0;1.0;39.66;48.15976;11.54795;513.7;NaN;0.0;6.7;177.9;10 / 19;649122;2018-11-09 17:48:27:171
0.488;3.974;10.611;311.0;1.0;39.66;48.15976;11.54795;513.7;NaN;0.0;6.7;177.9;10 / 19;649221;2018-11-09 17:48:27:270
0.526;3.936;10.075;341.0;1.0;37.73;48.15976;11.54795;513.7;NaN;0.0;6.7;177.9;10 / 19;649322;2018-11-09 17:48:27:371
0.459;3.744;10.305;343.0;1.0;37.73;48.15976;11.54795;513.7;NaN;0.0;6.7;177.9;10 / 19;649422;2018-11-09 17:48:27:471
0.517;3.907;10.142;361.0;1.0;37.73;48.15976;11.54795;513.7;NaN;0.0;6.7;177.9;10 / 19;649522;2018-11-09 17:48:27:571
0.517;4.003;10.065;384.0;1.0;39.17;48.15976;11.54795;513.7;NaN;0.0;6.7;177.9;10 / 19;649621;2018-11-09 17:48:27:670
0.421;3.859;10.477;386.0;1.0;39.17;48.15976;11.54795;513.7;NaN;0.0;6.7;177.9;10 / 19;649722;2018-11-09 17:48:27:771
0.593;3.859;10.17;422.0;1.0;39.17;48.15976;11.54795;513.7;NaN;0.0;6.7;177.9;10 / 19;649822;2018-11-09 17:48:27:871
0.517;3.955;10.419;404.0;1.0;38.48;48.15976;11.54795;513.7;NaN;0.0;6.7;177.9;10 / 19;649921;2018-11-09 17:48:27:970
0.747;3.859;10.142;395.0;1.0;38.48;48.15976;11.54795;513.7;NaN;0.0;6.7;177.9;10 / 19;650022;2018-11-09 17:48:28:071
0.488;3.83;9.893;383.0;1.0;38.48;48.15976;11.54795;513.7;NaN;0.0;6.7;177.9;10 / 19;650121;2018-11-09 17:48:28:170
0.545;3.897;10.64;398.0;1.0;41.92;48.15976;11.54795;513.7;NaN;0.0;6.7;177.9;11 / 19;650222;2018-11-09 17:48:28:271
0.354;3.878;10.324;357.0;1.0;41.92;48.15976;11.54795;513.7;NaN;0.0;6.7;177.9;11 / 19;650322;2018-11-09 17:48:28:371
0.124;4.166;10.333;352.0;1.0;41.92;48.15976;11.54795;513.7;NaN;0.0;6.7;177.9;11 / 19;650421;2018-11-09 17:48:28:470
0.191;4.031;10.439;340.0;1.0;41.83;48.15976;11.54795;513.7;NaN;0.0;6.7;177.9;11 / 19;650521;2018-11-09 17:48:28:570
0.057;4.108;10.496;327.0;1.0;41.83;48.15976;11.54795;513.7;NaN;0.0;6.7;177.9;11 / 19;650621;2018-11-09 17:48:28:670
-0.057;4.127;10.142;322.0;1.0;41.83;48.15976;11.54795;513.7;NaN;0.0;6.7;177.9;11 / 19;650722;2018-11-09 17:48:28:771
0.086;4.051;10.525;329.0;1.0;46.69;48.15976;11.54795;513.7;NaN;0.0;6.7;177.9;11 / 19;650822;2018-11-09 17:48:28:871
0.067;4.223;10.113;322.0;1.0;46.69;48.15976;11.54795;513.7;NaN;0.0;6.7;177.9;11 / 19;650922;2018-11-09 17:48:28:971
0.028;4.079;10.257;324.0;1.0;46.69;48.15976;11.54795;513.7;NaN;0.0;6.7;177.9;11 / 19;651022;2018-11-09 17:48:29:071
-0.268;4.3;10.573;321.0;1.0;41.96;48.15976;11.54795;513.7;NaN;0.0;6.7;177.9;11 / 19;651122;2018-11-09 17:48:29:171
-0.067;3.993;10.18;328.0;1.0;41.96;48.15976;11.54795;513.7;NaN;0.0;6.7;177.9;11 / 19;651222;2018-11-09 17:48:29:271
0.124;4.213;10.056;329.0;1.0;41.96;48.15976;11.54795;513.7;NaN;0.0;6.7;177.9;11 / 19;651322;2018-11-09 17:48:29:371
0.047;4.031;10.352;327.0;1.0;51.58;48.15976;11.54795;513.7;NaN;0.0;6.7;177.9;11 / 19;651422;2018-11-09 17:48:29:471
-0.057;4.099;10.544;332.0;1.0;51.58;48.15976;11.54795;513.7;NaN;0.0;6.7;177.9;11 / 19;651522;2018-11-09 17:48:29:571
-0.038;4.07;10.659;336.0;1.0;51.58;48.15976;11.54795;513.7;NaN;0.0;6.7;177.9;11 / 19;651622;2018-11-09 17:48:29:671
-0.019;4.051;10.333;356.0;1.0;45.9;48.15976;11.54795;513.7;NaN;0.0;6.7;177.9;11 / 19;651722;2018-11-09 17:48:29:771
-0.22;4.089;10.544;363.0;1.0;45.9;48.15976;11.54795;513.7;NaN;0.0;6.7;177.9;11 / 19;651822;2018-11-09 17:48:29:871
-0.038;4.041;10.343;364.0;1.0;45.9;48.15976;11.54795;513.7;NaN;0.0;6.7;177.9;11 / 19;651922;2018-11-09 17:48:29:971
0.239;3.792;10.19;351.0;1.0;40.11;48.15976;11.54795;513.7;NaN;0.0;6.7;177.9;11 / 19;652022;2018-11-09 17:48:30:071
0.076;4.07;11.032;360.0;1.0;40.11;48.15976;11.54795;513.7;NaN;0.0;6.7;177.9;11 / 19;652122;2018-11-09 17:48:30:171
-0.028;3.907;10.314;391.0;1.0;40.11;48.15976;11.54795;513.7;NaN;0.0;6.7;177.9;11 / 19;652222;2018-11-09 17:48:30:271
0.134;3.811;9.835;382.0;1.0;40.79;48.15976;11.54795;513.7;NaN;0.0;6.7;177.9;11 / 19;652321;2018-11-09 17:48:30:370
0.028;3.955;11.607;415.0;1.0;40.79;48.15976;11.54795;513.7;NaN;0.0;6.7;177.9;11 / 19;652422;2018-11-09 17:48:30:471
0.095;3.715;9.979;412.0;1.0;40.79;48.15976;11.54795;513.7;NaN;0.0;6.7;177.9;11 / 19;652522;2018-11-09 17:48:30:571
-0.143;4.003;10.554;385.0;1.0;41.63;48.15976;11.54795;513.7;NaN;0.0;6.7;177.9;11 / 19;652622;2018-11-09 17:48:30:671
-0.095;3.993;11.08;401.0;1.0;41.63;48.15976;11.54795;513.7;NaN;0.0;6.7;177.9;11 / 19;652721;2018-11-09 17:48:30:770
-0.124;3.945;10.056;407.0;1.0;41.63;48.15976;11.54795;513.7;NaN;0.0;6.7;177.9;11 / 19;652822;2018-11-09 17:48:30:871
0.124;3.945;10.822;408.0;1.0;45.61;48.15976;11.54795;513.7;NaN;0.0;6.7;177.9;11 / 19;652922;2018-11-09 17:48:30:971
0.21;3.84;10.18;414.0;1.0;45.61;48.15976;11.54795;513.7;NaN;0.0;6.7;177.9;11 / 19;653022;2018-11-09 17:48:31:071
0.201;3.802;10.592;408.0;1.0;45.61;48.15976;11.54795;513.7;NaN;0.0;6.7;177.9;11 / 19;653122;2018-11-09 17:48:31:171
0.134;3.955;10.276;402.0;1.0;38.84;48.15976;11.54795;513.7;NaN;0.0;6.7;177.9;11 / 19;653222;2018-11-09 17:48:31:271
0.028;3.955;10.295;405.0;1.0;38.84;48.15976;11.54795;513.7;NaN;0.0;6.7;177.9;11 / 19;653322;2018-11-09 17:48:31:371
-0.067;3.955;10.17;400.0;1.0;38.84;48.15976;11.54795;513.7;NaN;0.0;6.7;177.9;11 / 19;653422;2018-11-09 17:48:31:471
0.009;3.888;10.362;393.0;1.0;45.54;48.15976;11.54795;513.7;NaN;0.0;6.7;177.9;11 / 19;653522;2018-11-09 17:48:31:571
0.153;3.811;10.41;398.0;1.0;45.54;48.15976;11.54795;513.7;NaN;0.0;6.7;177.9;11 / 19;653623;2018-11-09 17:48:31:672
0.134;3.83;10.707;398.0;1.0;45.54;48.15976;11.54795;513.7;NaN;0.0;6.7;177.9;11 / 19;653722;2018-11-09 17:48:31:771
0.038;3.83;10.467;396.0;1.0;39.45;48.15976;11.54795;513.7;NaN;0.0;6.7;177.9;11 / 19;653822;2018-11-09 17:48:31:871
0.067;3.792;10.429;397.0;1.0;39.45;48.15976;11.54795;513.7;NaN;0.0;6.7;177.9;11 / 19;653922;2018-11-09 17:48:31:971
0.114;3.85;10.4;406.0;1.0;39.45;48.15976;11.54795;513.7;NaN;0.0;6.7;177.9;11 / 19;654022;2018-11-09 17:48:32:071
0.067;3.85;10.362;404.0;1.0;39.53;48.15976;11.54795;513.7;NaN;0.0;6.7;177.9;11 / 19;654121;2018-11-09 17:48:32:170
-0.028;3.859;10.688;401.0;1.0;39.53;48.15976;11.54795;513.7;NaN;0.0;6.7;177.9;11 / 19;654222;2018-11-09 17:48:32:271
-0.047;3.85;10.573;397.0;1.0;39.53;48.15976;11.54795;513.7;NaN;0.0;6.7;177.9;11 / 19;654322;2018-11-09 17:48:32:371
-0.047;3.782;10.601;388.0;1.0;38.64;48.15976;11.54795;513.7;NaN;0.0;6.7;177.9;11 / 19;654421;2018-11-09 17:48:32:470
0.172;3.974;10.352;392.0;1.0;38.64;48.15976;11.54795;513.7;NaN;0.0;6.7;177.9;11 / 19;654522;2018-11-09 17:48:32:571
0.057;4.348;9.778;405.0;1.0;38.64;48.15976;11.54795;513.7;NaN;0.0;6.7;177.9;11 / 19;654622;2018-11-09 17:48:32:671
0.114;4.252;10.4;383.0;1.0;40.85;48.15976;11.54795;513.7;NaN;0.0;6.7;177.9;11 / 19;654722;2018-11-09 17:48:32:771
0.287;4.204;10.084;431.0;1.0;40.85;48.15976;11.54795;513.7;NaN;0.0;6.7;177.9;11 / 19;654821;2018-11-09 17:48:32:870
0.181;4.606;10.305;436.0;1.0;40.85;48.15976;11.54795;513.7;NaN;0.0;6.7;177.9;11 / 19;654921;2018-11-09 17:48:32:970
-0.21;4.472;9.739;440.0;1.0;39.93;48.15976;11.54795;513.7;NaN;0.0;6.7;177.9;11 / 19;655021;2018-11-09 17:48:33:070
0.028;4.3;10.525;429.0;1.0;39.93;48.15976;11.54795;513.7;NaN;0.0;6.7;177.9;11 / 19;655122;2018-11-09 17:48:33:171
0.43;4.06;10.075;418.0;1.0;39.93;48.15976;11.54795;513.7;NaN;0.0;6.7;177.9;11 / 19;655222;2018-11-09 17:48:33:271
0.392;4.003;10.429;391.0;1.0;42.05;48.15976;11.54795;513.7;NaN;0.0;6.7;177.9;11 / 19;655321;2018-11-09 17:48:33:370
0.373;4.012;10.123;391.0;1.0;42.05;48.15976;11.54795;513.7;NaN;0.0;6.7;177.9;11 / 19;655422;2018-11-09 17:48:33:471
0.268;4.003;9.759;380.0;1.0;42.05;48.15976;11.54795;513.7;NaN;0.0;6.7;177.9;11 / 19;655522;2018-11-09 17:48:33:571
0.249;4.118;10.515;360.0;1.0;41.01;48.15976;11.54795;513.7;NaN;0.0;6.7;177.9;11 / 19;655622;2018-11-09 17:48:33:671
0.363;4.012;9.845;368.0;1.0;41.01;48.15976;11.54795;513.7;NaN;0.0;6.7;177.9;11 / 19;655722;2018-11-09 17:48:33:771
0.421;3.993;10.755;384.0;1.0;41.01;48.15976;11.54795;513.7;NaN;0.0;6.7;177.9;11 / 19;655822;2018-11-09 17:48:33:871
0.229;4.099;10.027;377.0;1.0;45.11;48.15976;11.54795;513.7;NaN;0.0;6.7;177.9;11 / 19;655922;2018-11-09 17:48:33:971
0.0;4.185;10.295;363.0;1.0;45.11;48.15976;11.54795;513.7;NaN;0.0;6.7;177.9;11 / 19;656022;2018-11-09 17:48:34:071
0.239;4.127;10.324;368.0;1.0;45.11;48.15976;11.54795;513.7;NaN;0.0;6.7;177.9;11 / 19;656122;2018-11-09 17:48:34:171
0.488;4.031;10.764;356.0;1.0;42.71;48.15976;11.54795;513.7;NaN;0.0;6.7;177.9;11 / 19;656221;2018-11-09 17:48:34:270
0.086;4.3;9.902;365.0;1.0;42.71;48.15976;11.54795;513.7;NaN;0.0;6.7;177.9;11 / 19;656321;2018-11-09 17:48:34:370
-0.143;4.242;9.902;362.0;1.0;42.71;48.15976;11.54795;513.7;NaN;0.0;6.7;177.9;11 / 19;656421;2018-11-09 17:48:34:470
-0.067;4.185;10.534;352.0;1.0;42.74;48.15976;11.54795;513.7;NaN;0.0;6.7;177.9;11 / 19;656522;2018-11-09 17:48:34:571
0.143;4.137;10.726;351.0;1.0;42.74;48.15976;11.54795;513.7;NaN;0.0;6.7;177.9;11 / 19;656622;2018-11-09 17:48:34:671
0.258;4.175;9.979;356.0;1.0;42.74;48.15976;11.54795;513.7;NaN;0.0;6.7;177.9;11 / 19;656721;2018-11-09 17:48:34:770
0.009;4.415;10.056;365.0;1.0;43.01;48.15976;11.54795;513.7;NaN;0.0;6.7;177.9;11 / 19;656822;2018-11-09 17:48:34:871
-0.181;4.472;10.448;361.0;1.0;43.01;48.15976;11.54795;513.7;NaN;0.0;6.7;177.9;11 / 19;656921;2018-11-09 17:48:34:970
-0.258;4.137;10.448;347.0;1.0;43.01;48.15976;11.54795;513.7;NaN;0.0;6.7;177.9;11 / 19;657021;2018-11-09 17:48:35:070
-0.287;4.166;10.19;354.0;1.0;43.01;48.15976;11.54795;513.7;NaN;0.0;6.7;177.9;11 / 19;657122;2018-11-09 17:48:35:171
0.047;3.342;11.626;347.0;1.0;43.86;48.15976;11.54795;513.7;NaN;0.0;6.7;177.9;11 / 19;657222;2018-11-09 17:48:35:271
0.038;3.878;9.203;333.0;1.0;43.86;48.15976;11.54795;513.7;NaN;0.0;6.7;177.9;11 / 19;657322;2018-11-09 17:48:35:371
-0.296;4.051;10.486;326.0;1.0;43.86;48.15976;11.54795;513.7;NaN;0.0;6.7;177.9;11 / 19;657421;2018-11-09 17:48:35:470
0.143;3.974;9.864;339.0;1.0;44.3;48.15976;11.54795;513.7;NaN;0.0;6.7;177.9;11 / 19;657521;2018-11-09 17:48:35:570
0.0;4.079;10.707;336.0;1.0;44.3;48.15976;11.54795;513.7;NaN;0.0;6.7;177.9;11 / 19;657622;2018-11-09 17:48:35:671
-0.038;4.156;10.046;344.0;1.0;44.3;48.15976;11.54795;513.7;NaN;0.0;6.7;177.9;11 / 19;657722;2018-11-09 17:48:35:771
-0.45;4.338;10.898;352.0;1.0;43.67;48.15976;11.54795;513.7;NaN;0.0;6.7;177.9;11 / 19;657821;2018-11-09 17:48:35:870
-0.316;4.271;9.998;351.0;1.0;43.67;48.15976;11.54795;513.7;NaN;0.0;6.7;177.9;11 / 19;657921;2018-11-09 17:48:35:970
-0.565;4.443;10.937;368.0;1.0;43.67;48.15976;11.54795;513.7;NaN;0.0;6.7;177.9;11 / 19;658021;2018-11-09 17:48:36:070
0.191;4.635;9.519;357.0;1.0;41.97;48.15976;11.54795;513.7;NaN;0.0;6.7;177.9;11 / 19;658121;2018-11-09 17:48:36:170
0.852;4.644;9.557;358.0;1.0;41.97;48.15976;11.54795;513.7;NaN;0.0;6.7;177.9;11 / 19;658221;2018-11-09 17:48:36:270
-5.296;3.016;8.111;349.0;1.0;41.97;48.15976;11.54795;513.7;NaN;0.0;6.7;177.9;11 / 19;658322;2018-11-09 17:48:36:371
-1.359;2.825;9.021;206.0;1.0;43.99;48.15976;11.54795;513.7;NaN;0.0;6.7;177.9;11 / 19;658422;2018-11-09 17:48:36:471
-2.442;2.116;11.875;161.0;1.0;43.99;48.15976;11.54795;513.7;NaN;0.0;6.7;177.9;11 / 19;658522;2018-11-09 17:48:36:571
-2.547;3.457;12.335;213.0;1.0;43.99;48.15976;11.54795;513.7;NaN;0.0;6.7;177.9;11 / 19;658622;2018-11-09 17:48:36:671
-4.175;2.461;11.492;271.0;1.0;45.24;48.15976;11.54795;513.7;NaN;0.0;6.7;177.9;11 / 19;658722;2018-11-09 17:48:36:771
-1.714;3.888;9.711;15.0;1.0;45.24;48.15976;11.54795;513.7;NaN;0.0;6.7;177.9;11 / 19;658821;2018-11-09 17:48:36:870
-0.373;3.83;10.506;332.0;1.0;45.24;48.15976;11.54795;513.7;NaN;0.0;6.7;177.9;11 / 19;658921;2018-11-09 17:48:36:970
-0.861;3.888;9.778;470.0;1.0;45.73;48.15976;11.54795;513.7;NaN;0.0;6.7;177.9;11 / 19;659022;2018-11-09 17:48:37:071
-0.201;3.706;9.567;488.0;1.0;45.73;48.15972;11.54782;516.4;NaN;0.0;4.8;177.9;11 / 19;659122;2018-11-09 17:48:37:171
-1.235;3.476;11.664;566.0;1.0;45.73;48.15972;11.54782;516.4;NaN;0.0;4.8;177.9;11 / 19;659222;2018-11-09 17:48:37:271
-0.019;3.466;11.013;505.0;1.0;46.41;48.15972;11.54782;516.4;NaN;0.0;4.8;177.9;11 / 19;659321;2018-11-09 17:48:37:370
-1.522;4.635;8.207;482.0;1.0;46.41;48.15972;11.54782;516.4;NaN;0.0;4.8;177.9;11 / 19;659421;2018-11-09 17:48:37:470
-1.676;2.959;10.707;490.0;1.0;46.41;48.15972;11.54782;516.4;NaN;0.0;4.8;177.9;11 / 19;659521;2018-11-09 17:48:37:570
-1.829;3.486;11.291;444.0;1.0;46.48;48.15972;11.54782;516.4;NaN;0.0;4.8;177.9;11 / 19;659621;2018-11-09 17:48:37:670
-0.498;3.62;10.755;444.0;1.0;46.48;48.15972;11.54782;516.4;NaN;0.0;4.8;177.9;11 / 19;659721;2018-11-09 17:48:37:770
-1.292;3.409;14.011;408.0;1.0;46.48;48.15972;11.54782;516.4;NaN;0.0;4.8;177.9;11 / 19;659821;2018-11-09 17:48:37:870
-1.379;3.888;11.981;416.0;1.0;46.99;48.15972;11.54782;516.4;NaN;0.0;4.8;177.9;11 / 19;659922;2018-11-09 17:48:37:971
3.869;5.947;9.73;410.0;1.0;46.99;48.15972;11.54782;516.4;NaN;0.0;4.8;177.9;11 / 19;660021;2018-11-09 17:48:38:070
1.829;6.158;6.407;336.0;1.0;46.99;48.15971;11.5478;516.4;NaN;0.0;4.7;177.9;11 / 19;660122;2018-11-09 17:48:38:171
1.359;3.85;8.906;393.0;1.0;48.3;48.15971;11.5478;516.4;NaN;0.0;4.7;177.9;11 / 19;660222;2018-11-09 17:48:38:271
0.804;1.972;10.295;625.0;1.0;48.3;48.15971;11.5478;516.4;NaN;0.0;4.7;177.9;11 / 19;660322;2018-11-09 17:48:38:371
-1.752;3.591;9.653;535.0;1.0;48.3;48.15971;11.5478;516.4;NaN;0.0;4.7;177.9;11 / 19;660422;2018-11-09 17:48:38:471
-0.239;4.884;9.711;438.0;1.0;50.82;48.15971;11.5478;516.4;NaN;0.0;4.7;177.9;11 / 19;660522;2018-11-09 17:48:38:571
-3.15;3.945;11.042;480.0;1.0;50.82;48.15971;11.5478;516.4;NaN;0.0;4.7;177.9;11 / 19;660622;2018-11-09 17:48:38:671
0.498;4.3;11.195;481.0;1.0;50.82;48.15971;11.5478;516.4;NaN;0.0;4.7;177.9;11 / 19;660721;2018-11-09 17:48:38:770
-0.737;4.941;9.96;375.0;1.0;49.41;48.15971;11.5478;516.4;NaN;0.0;4.7;177.9;11 / 19;660821;2018-11-09 17:48:38:870
-0.976;4.999;10.237;313.0;1.0;49.41;48.15971;11.5478;516.4;NaN;0.0;4.7;177.9;11 / 19;660921;2018-11-09 17:48:38:970
-1.829;4.769;9.443;219.0;1.0;49.41;48.15971;11.5478;516.4;NaN;0.0;4.7;177.9;11 / 19;661021;2018-11-09 17:48:39:070
-0.976;5.066;9.567;210.0;1.0;50.83;48.15969;11.5478;516.7;NaN;0.0;4.5;177.9;11 / 19;661122;2018-11-09 17:48:39:171
-1.81;6.273;8.638;200.0;1.0;50.83;48.15969;11.5478;516.7;NaN;0.0;4.5;177.9;11 / 19;661222;2018-11-09 17:48:39:271
-3.945;2.853;10.429;222.0;1.0;50.83;48.15969;11.5478;516.7;NaN;0.0;4.5;177.9;11 / 19;661321;2018-11-09 17:48:39:370
-2.921;3.907;11.147;265.0;1.0;49.83;48.15969;11.5478;516.7;NaN;0.0;4.5;177.9;11 / 19;661421;2018-11-09 17:48:39:470
-4.482;4.319;7.949;471.0;1.0;49.83;48.15969;11.5478;516.7;NaN;0.0;4.5;177.9;11 / 19;661521;2018-11-09 17:48:39:570
-3.102;4.817;10.726;319.0;1.0;49.83;48.15969;11.5478;516.7;NaN;0.0;4.5;177.9;11 / 19;661622;2018-11-09 17:48:39:671
-3.313;4.893;9.49;282.0;1.0;50.4;48.15969;11.5478;516.7;NaN;0.0;4.5;177.9;11 / 19;661721;2018-11-09 17:48:39:770
-1.388;5.966;7.393;296.0;1.0;50.4;48.15969;11.5478;516.7;NaN;0.0;4.5;177.9;11 / 19;661821;2018-11-09 17:48:39:870
-0.89;6.953;8.284;270.0;1.0;50.4;48.15969;11.5478;516.7;NaN;0.0;4.5;177.9;11 / 19;661921;2018-11-09 17:48:39:970
-1.312;6.426;8.753;217.0;1.0;50.33;48.15969;11.5478;516.7;NaN;0.0;4.5;177.9;11 / 19;662021;2018-11-09 17:48:40:070
-1.704;6.972;8.226;178.0;1.0;50.33;48.15965;11.54774;517.1;NaN;16.2;4.4;233.2;11 / 19;662122;2018-11-09 17:48:40:171
-0.143;7.403;7.288;180.0;1.0;50.33;48.15965;11.54774;517.1;NaN;16.2;4.4;233.2;11 / 19;662222;2018-11-09 17:48:40:271
-0.852;6.378;8.945;156.0;1.0;51.56;48.15965;11.54774;517.1;NaN;16.2;4.4;233.2;11 / 19;662322;2018-11-09 17:48:40:371
-0.641;7.144;7.728;139.0;1.0;51.56;48.15965;11.54774;517.1;NaN;16.2;4.4;233.2;11 / 19;662422;2018-11-09 17:48:40:471
-0.794;7.0;4.798;170.0;1.0;51.56;48.15965;11.54774;517.1;NaN;16.2;4.4;233.2;11 / 19;662522;2018-11-09 17:48:40:571
0.881;6.799;7.901;261.0;1.0;50.97;48.15965;11.54774;517.1;NaN;16.2;4.4;233.2;11 / 19;662622;2018-11-09 17:48:40:671
0.268;6.522;8.897;246.0;1.0;50.97;48.15965;11.54774;517.1;NaN;16.2;4.4;233.2;11 / 19;662724;2018-11-09 17:48:40:773
-0.488;6.723;7.47;150.0;1.0;50.97;48.15965;11.54774;517.1;NaN;16.2;4.4;233.2;11 / 19;662822;2018-11-09 17:48:40:871
-0.67;6.847;9.069;158.0;1.0;54.96;48.15965;11.54774;517.1;NaN;16.2;4.4;233.2;11 / 19;662922;2018-11-09 17:48:40:971
-0.239;6.263;8.59;179.0;1.0;54.96;48.15965;11.54774;517.1;NaN;16.2;4.4;233.2;11 / 19;663022;2018-11-09 17:48:41:071
-0.9;6.138;7.738;223.0;1.0;54.96;48.15962;11.54769;516.7;NaN;18.3;4.4;228.4;11 / 19;663122;2018-11-09 17:48:41:171
-2.652;5.803;9.5;241.0;1.0;55.98;48.15962;11.54769;516.7;NaN;18.3;4.4;228.4;11 / 19;663222;2018-11-09 17:48:41:271
-2.02;5.238;10.103;271.0;1.0;55.98;48.15962;11.54769;516.7;NaN;18.3;4.4;228.4;11 / 19;663321;2018-11-09 17:48:41:370
-0.833;4.97;9.174;281.0;1.0;55.98;48.15962;11.54769;516.7;NaN;18.3;4.4;228.4;11 / 19;663421;2018-11-09 17:48:41:470
-0.881;4.96;10.161;261.0;1.0;53.67;48.15962;11.54769;516.7;NaN;18.3;4.4;228.4;11 / 19;663521;2018-11-09 17:48:41:570
-0.938;4.98;10.123;296.0;1.0;53.67;48.15962;11.54769;516.7;NaN;18.3;4.4;228.4;11 / 19;663622;2018-11-09 17:48:41:671
-1.168;4.233;11.119;319.0;1.0;53.67;48.15962;11.54769;516.7;NaN;18.3;4.4;228.4;11 / 19;663722;2018-11-09 17:48:41:771
-1.848;4.127;9.538;317.0;1.0;56.73;48.15962;11.54769;516.7;NaN;18.3;4.4;228.4;11 / 19;663822;2018-11-09 17:48:41:871
-0.737;4.194;11.846;350.0;1.0;56.73;48.15962;11.54769;516.7;NaN;18.3;4.4;228.4;11 / 19;663921;2018-11-09 17:48:41:970
-0.756;4.194;9.998;348.0;1.0;56.73;48.15962;11.54769;516.7;NaN;18.3;4.4;228.4;11 / 19;664022;2018-11-09 17:48:42:071
-1.043;4.501;9.433;355.0;1.0;57.3;48.15959;11.54763;516.3;NaN;20.0;4.4;230.0;11 / 19;664122;2018-11-09 17:48:42:171
0.287;4.022;9.826;427.0;1.0;57.3;48.15959;11.54763;516.3;NaN;20.0;4.4;230.0;11 / 19;664221;2018-11-09 17:48:42:270
-0.373;3.677;11.54;582.0;1.0;57.3;48.15959;11.54763;516.3;NaN;20.0;4.4;230.0;11 / 19;664322;2018-11-09 17:48:42:371
-0.536;3.869;11.301;597.0;1.0;59.84;48.15959;11.54763;516.3;NaN;20.0;4.4;230.0;11 / 19;664422;2018-11-09 17:48:42:471
-1.043;3.62;10.151;546.0;1.0;59.84;48.15959;11.54763;516.3;NaN;20.0;4.4;230.0;11 / 19;664521;2018-11-09 17:48:42:570
-0.785;4.51;9.998;491.0;1.0;59.84;48.15959;11.54763;516.3;NaN;20.0;4.4;230.0;11 / 19;664621;2018-11-09 17:48:42:670
-0.881;4.166;11.09;382.0;1.0;59.97;48.15959;11.54763;516.3;NaN;20.0;4.4;230.0;11 / 19;664722;2018-11-09 17:48:42:771
-0.708;4.836;10.075;321.0;1.0;59.97;48.15959;11.54763;516.3;NaN;20.0;4.4;230.0;11 / 19;664822;2018-11-09 17:48:42:871
-0.536;4.29;9.941;307.0;1.0;59.97;48.15959;11.54763;516.3;NaN;20.0;4.4;230.0;11 / 19;664921;2018-11-09 17:48:42:970
-1.101;4.683;10.295;302.0;1.0;59.0;48.15959;11.54763;516.3;NaN;20.0;4.4;230.0;11 / 19;665022;2018-11-09 17:48:43:071
-0.565;4.721;9.864;300.0;1.0;59.0;48.15954;11.54757;516.1;NaN;22.1;4.4;227.3;11 / 19;665122;2018-11-09 17:48:43:171
-0.737;5.008;9.787;291.0;1.0;59.0;48.15954;11.54757;516.1;NaN;22.1;4.4;227.3;11 / 19;665222;2018-11-09 17:48:43:271
-0.948;4.386;10.592;310.0;1.0;61.37;48.15954;11.54757;516.1;NaN;22.1;4.4;227.3;11 / 19;665321;2018-11-09 17:48:43:370
-1.292;4.597;9.653;330.0;1.0;61.37;48.15954;11.54757;516.1;NaN;22.1;4.4;227.3;11 / 19;665422;2018-11-09 17:48:43:471
-1.139;4.577;10.467;298.0;1.0;61.37;48.15954;11.54757;516.1;NaN;22.1;4.4;227.3;11 / 19;665522;2018-11-09 17:48:43:571
-0.45;5.229;9.337;311.0;1.0;64.54;48.15954;11.54757;516.1;NaN;22.1;4.4;227.3;11 / 19;665621;2018-11-09 17:48:43:670
-0.775;4.97;9.912;298.0;1.0;64.54;48.15954;11.54757;516.1;NaN;22.1;4.4;227.3;11 / 19;665721;2018-11-09 17:48:43:770
-0.699;4.702;9.941;304.0;1.0;64.54;48.15954;11.54757;516.1;NaN;22.1;4.4;227.3;11 / 19;665822;2018-11-09 17:48:43:871
-1.254;4.798;11.032;288.0;1.0;61.22;48.15954;11.54757;516.1;NaN;22.1;4.4;227.3;11 / 19;665922;2018-11-09 17:48:43:971
-2.451;4.309;10.946;291.0;1.0;61.22;48.15954;11.54757;516.1;NaN;22.1;4.4;227.3;11 / 19;666022;2018-11-09 17:48:44:071
-1.848;4.453;11.214;301.0;1.0;61.22;48.1595;11.54752;516.3;NaN;23.0;4.4;228.5;11 / 19;666121;2018-11-09 17:48:44:170
-0.651;5.401;8.868;267.0;1.0;61.91;48.1595;11.54752;516.3;NaN;23.0;4.4;228.5;11 / 19;666222;2018-11-09 17:48:44:271
-0.392;5.344;7.757;265.0;1.0;61.91;48.1595;11.54752;516.3;NaN;23.0;4.4;228.5;11 / 19;666322;2018-11-09 17:48:44:371
-0.814;5.363;9.605;267.0;1.0;61.91;48.1595;11.54752;516.3;NaN;23.0;4.4;228.5;11 / 19;666422;2018-11-09 17:48:44:471
-1.34;5.995;9.414;281.0;1.0;63.08;48.1595;11.54752;516.3;NaN;23.0;4.4;228.5;11 / 19;666522;2018-11-09 17:48:44:571
-1.733;6.043;8.332;266.0;1.0;63.08;48.1595;11.54752;516.3;NaN;23.0;4.4;228.5;11 / 19;666622;2018-11-09 17:48:44:671
-0.277;4.415;8.686;323.0;1.0;63.08;48.1595;11.54752;516.3;NaN;23.0;4.4;228.5;11 / 19;666722;2018-11-09 17:48:44:771
-0.794;5.2;8.514;390.0;1.0;66.01;48.1595;11.54752;516.3;NaN;23.0;4.4;228.5;11 / 19;666822;2018-11-09 17:48:44:871
0.191;5.324;8.016;446.0;1.0;66.01;48.1595;11.54752;516.3;NaN;23.0;4.4;228.5;11 / 19;666922;2018-11-09 17:48:44:971
-0.833;5.478;9.385;463.0;1.0;66.01;48.1595;11.54752;516.3;NaN;23.0;4.4;228.5;11 / 19;667022;2018-11-09 17:48:45:071
-1.829;4.932;10.688;551.0;1.0;63.62;48.15947;11.54746;516.5;NaN;22.9;4.4;229.4;11 / 19;667122;2018-11-09 17:48:45:171
-1.647;5.133;9.577;369.0;1.0;63.62;48.15947;11.54746;516.5;NaN;22.9;4.4;229.4;11 / 19;667221;2018-11-09 17:48:45:270
-2.212;5.114;10.343;282.0;1.0;63.62;48.15947;11.54746;516.5;NaN;22.9;4.4;229.4;11 / 19;667321;2018-11-09 17:48:45:370
-1.12;5.42;9.184;309.0;1.0;62.39;48.15947;11.54746;516.5;NaN;22.9;4.4;229.4;11 / 19;667421;2018-11-09 17:48:45:470
-0.919;6.205;7.958;356.0;1.0;62.39;48.15947;11.54746;516.5;NaN;22.9;4.4;229.4;11 / 19;667521;2018-11-09 17:48:45:570
-0.651;6.11;9.203;333.0;1.0;62.39;48.15947;11.54746;516.5;NaN;22.9;4.4;229.4;11 / 19;667621;2018-11-09 17:48:45:670
-0.718;5.554;8.858;387.0;1.0;62.39;48.15947;11.54746;516.5;NaN;22.9;4.4;229.4;11 / 19;667721;2018-11-09 17:48:45:770
-1.426;5.679;10.075;310.0;1.0;63.96;48.15947;11.54746;516.5;NaN;22.9;4.4;229.4;11 / 19;667821;2018-11-09 17:48:45:870
-0.718;5.88;10.113;326.0;1.0;63.96;48.15947;11.54746;516.5;NaN;22.9;4.4;229.4;11 / 19;667921;2018-11-09 17:48:45:970
-0.775;4.941;8.715;359.0;1.0;63.96;48.15947;11.54746;516.5;NaN;22.9;4.4;229.4;11 / 19;668022;2018-11-09 17:48:46:071
-2.068;4.769;10.448;419.0;1.0;58.65;48.15943;11.54741;516.8;NaN;21.9;4.4;229.1;11 / 19;668122;2018-11-09 17:48:46:171
-0.162;5.391;9.194;426.0;1.0;58.65;48.15943;11.54741;516.8;NaN;21.9;4.4;229.1;11 / 19;668222;2018-11-09 17:48:46:271
-0.9;6.014;9.069;297.0;1.0;58.65;48.15943;11.54741;516.8;NaN;21.9;4.4;229.1;11 / 19;668321;2018-11-09 17:48:46:370
-1.13;6.234;7.642;237.0;1.0;61.3;48.15943;11.54741;516.8;NaN;21.9;4.4;229.1;11 / 19;668422;2018-11-09 17:48:46:471
-1.714;5.909;8.054;239.0;1.0;61.3;48.15943;11.54741;516.8;NaN;21.9;4.4;229.1;11 / 19;668522;2018-11-09 17:48:46:571
-0.842;5.928;9.433;296.0;1.0;61.3;48.15943;11.54741;516.8;NaN;21.9;4.4;229.1;11 / 19;668622;2018-11-09 17:48:46:671
-0.785;5.851;8.925;358.0;1.0;60.83;48.15943;11.54741;516.8;NaN;21.9;4.4;229.1;11 / 19;668722;2018-11-09 17:48:46:771
-0.498;5.736;10.084;436.0;1.0;60.83;48.15943;11.54741;516.8;NaN;21.9;4.4;229.1;11 / 19;668822;2018-11-09 17:48:46:871
-0.162;5.353;10.142;471.0;1.0;60.83;48.15943;11.54741;516.8;NaN;21.9;4.4;229.1;11 / 19;668922;2018-11-09 17:48:46:971
-0.258;5.382;9.739;363.0;1.0;61.76;48.15943;11.54741;516.8;NaN;21.9;4.4;229.1;11 / 19;669022;2018-11-09 17:48:47:071
0.0;5.497;8.667;328.0;1.0;61.76;48.1594;11.54735;516.8;NaN;21.2;4.5;229.2;11 / 19;669122;2018-11-09 17:48:47:171
-2.288;5.545;9.299;273.0;1.0;61.76;48.1594;11.54735;516.8;NaN;21.2;4.5;229.2;11 / 19;669222;2018-11-09 17:48:47:271
-1.695;6.177;7.891;220.0;1.0;56.77;48.1594;11.54735;516.8;NaN;21.2;4.5;229.2;11 / 19;669322;2018-11-09 17:48:47:371
-2.059;6.129;8.427;225.0;1.0;56.77;48.1594;11.54735;516.8;NaN;21.2;4.5;229.2;11 / 19;669422;2018-11-09 17:48:47:471
-2.25;6.1;8.763;240.0;1.0;56.77;48.1594;11.54735;516.8;NaN;21.2;4.5;229.2;11 / 19;669522;2018-11-09 17:48:47:571
-2.087;5.64;8.59;245.0;1.0;53.05;48.1594;11.54735;516.8;NaN;21.2;4.5;229.2;11 / 19;669622;2018-11-09 17:48:47:671
-2.365;5.593;9.146;255.0;1.0;53.05;48.1594;11.54735;516.8;NaN;21.2;4.5;229.2;11 / 19;669722;2018-11-09 17:48:47:771
-1.8;5.688;8.341;258.0;1.0;53.05;48.1594;11.54735;516.8;NaN;21.2;4.5;229.2;11 / 19;669822;2018-11-09 17:48:47:871
-2.183;5.238;9.596;247.0;1.0;53.21;48.1594;11.54735;516.8;NaN;21.2;4.5;229.2;11 / 19;669922;2018-11-09 17:48:47:971
-1.743;5.794;8.581;240.0;1.0;53.21;48.1594;11.54735;516.8;NaN;21.2;4.5;229.2;11 / 19;670021;2018-11-09 17:48:48:070
-1.867;5.573;8.475;249.0;1.0;53.21;48.15936;11.54729;516.5;NaN;20.7;4.5;228.1;11 / 19;670123;2018-11-09 17:48:48:172
-2.212;5.42;9.04;244.0;1.0;52.58;48.15936;11.54729;516.5;NaN;20.7;4.5;228.1;11 / 19;670222;2018-11-09 17:48:48:271
-1.867;5.593;8.925;238.0;1.0;52.58;48.15936;11.54729;516.5;NaN;20.7;4.5;228.1;11 / 19;670322;2018-11-09 17:48:48:371
-2.001;5.229;9.615;254.0;1.0;52.58;48.15936;11.54729;516.5;NaN;20.7;4.5;228.1;11 / 19;670421;2018-11-09 17:48:48:470
-1.992;5.277;9.452;233.0;1.0;54.21;48.15936;11.54729;516.5;NaN;20.7;4.5;228.1;11 / 19;670521;2018-11-09 17:48:48:570
-2.154;5.468;8.389;250.0;1.0;54.21;48.15936;11.54729;516.5;NaN;20.7;4.5;228.1;11 / 19;670621;2018-11-09 17:48:48:670
-2.202;5.458;9.232;252.0;1.0;54.21;48.15936;11.54729;516.5;NaN;20.7;4.5;228.1;11 / 19;670721;2018-11-09 17:48:48:770
-1.168;5.2;9.49;246.0;1.0;51.53;48.15936;11.54729;516.5;NaN;20.7;4.5;228.1;11 / 19;670821;2018-11-09 17:48:48:870
-0.871;4.635;10.898;486.0;1.0;51.53;48.15936;11.54729;516.5;NaN;20.7;4.5;228.1;11 / 19;670922;2018-11-09 17:48:48:971
-1.197;5.372;9.663;495.0;1.0;51.53;48.15936;11.54729;516.5;NaN;20.7;4.5;228.1;11 / 19;671022;2018-11-09 17:48:49:071
-0.756;5.2;10.649;530.0;1.0;50.98;48.15933;11.54724;516.4;NaN;20.6;4.5;228.2;11 / 19;671122;2018-11-09 17:48:49:171
-0.967;5.612;9.864;546.0;1.0;50.98;48.15933;11.54724;516.4;NaN;20.6;4.5;228.2;11 / 19;671222;2018-11-09 17:48:49:271
-0.861;4.606;9.107;542.0;1.0;50.98;48.15933;11.54724;516.4;NaN;20.6;4.5;228.2;11 / 19;671322;2018-11-09 17:48:49:371
-1.551;4.903;9.73;507.0;1.0;54.39;48.15933;11.54724;516.4;NaN;20.6;4.5;228.2;11 / 19;671422;2018-11-09 17:48:49:471
-2.097;4.271;10.228;485.0;1.0;54.39;48.15933;11.54724;516.4;NaN;20.6;4.5;228.2;11 / 19;671522;2018-11-09 17:48:49:571
-1.283;4.137;9.95;495.0;1.0;54.39;48.15933;11.54724;516.4;NaN;20.6;4.5;228.2;11 / 19;671622;2018-11-09 17:48:49:671
-1.513;4.156;9.625;457.0;1.0;54.14;48.15933;11.54724;516.4;NaN;20.6;4.5;228.2;11 / 19;671722;2018-11-09 17:48:49:771
-2.413;3.984;10.4;438.0;1.0;54.14;48.15933;11.54724;516.4;NaN;20.6;4.5;228.2;11 / 19;671821;2018-11-09 17:48:49:870
-1.283;3.936;10.764;421.0;1.0;54.14;48.15933;11.54724;516.4;NaN;20.6;4.5;228.2;11 / 19;671921;2018-11-09 17:48:49:970
-2.691;5.133;7.968;272.0;1.0;53.09;48.15933;11.54724;516.4;NaN;20.6;4.5;228.2;11 / 19;672022;2018-11-09 17:48:50:071
-2.135;5.621;8.198;272.0;1.0;53.09;48.15929;11.54719;516.3;NaN;20.0;4.5;228.1;11 / 19;672122;2018-11-09 17:48:50:171
-2.317;5.315;8.715;270.0;1.0;53.09;48.15929;11.54719;516.3;NaN;20.0;4.5;228.1;11 / 19;672222;2018-11-09 17:48:50:271
-2.499;5.095;9.021;278.0;1.0;50.89;48.15929;11.54719;516.3;NaN;20.0;4.5;228.1;11 / 19;672321;2018-11-09 17:48:50:370
-2.394;5.267;8.676;292.0;1.0;50.89;48.15929;11.54719;516.3;NaN;20.0;4.5;228.1;11 / 19;672422;2018-11-09 17:48:50:471
-2.71;4.941;8.82;322.0;1.0;50.89;48.15929;11.54719;516.3;NaN;20.0;4.5;228.1;11 / 19;672522;2018-11-09 17:48:50:571
-2.729;5.516;8.81;518.0;1.0;51.33;48.15929;11.54719;516.3;NaN;20.0;4.5;228.1;11 / 19;672621;2018-11-09 17:48:50:670
-3.495;5.114;8.638;737.0;1.0;51.33;48.15929;11.54719;516.3;NaN;20.0;4.5;228.1;11 / 19;672721;2018-11-09 17:48:50:770
-3.39;4.807;9.692;822.0;1.0;51.33;48.15929;11.54719;516.3;NaN;20.0;4.5;228.1;11 / 19;672821;2018-11-09 17:48:50:870
-3.265;4.96;8.945;684.0;1.0;50.6;48.15929;11.54719;516.3;NaN;20.0;4.5;228.1;11 / 19;672921;2018-11-09 17:48:50:970
-2.892;4.759;8.533;605.0;1.0;50.6;48.15929;11.54719;516.3;NaN;20.0;4.5;228.1;11 / 19;673022;2018-11-09 17:48:51:071
-3.313;5.248;7.805;596.0;1.0;50.6;48.15926;11.54714;516.2;NaN;19.6;4.5;230.1;11 / 19;673122;2018-11-09 17:48:51:171
-2.451;6.033;8.504;779.0;1.0;50.52;48.15926;11.54714;516.2;NaN;19.6;4.5;230.1;11 / 19;673222;2018-11-09 17:48:51:271
-3.409;5.047;8.255;707.0;1.0;50.52;48.15926;11.54714;516.2;NaN;19.6;4.5;230.1;11 / 19;673321;2018-11-09 17:48:51:370
-2.691;5.765;8.494;582.0;1.0;50.52;48.15926;11.54714;516.2;NaN;19.6;4.5;230.1;11 / 19;673421;2018-11-09 17:48:51:470
-2.566;5.784;8.265;549.0;1.0;50.97;48.15926;11.54714;516.2;NaN;19.6;4.5;230.1;11 / 19;673521;2018-11-09 17:48:51:570
-3.131;5.526;8.293;532.0;1.0;50.97;48.15926;11.54714;516.2;NaN;19.6;4.5;230.1;11 / 19;673621;2018-11-09 17:48:51:670
-2.968;5.382;8.533;501.0;1.0;50.97;48.15926;11.54714;516.2;NaN;19.6;4.5;230.1;11 / 19;673721;2018-11-09 17:48:51:770
-2.968;5.152;8.533;505.0;1.0;48.82;48.15926;11.54714;516.2;NaN;19.6;4.5;230.1;11 / 19;673821;2018-11-09 17:48:51:870
-2.423;5.64;8.514;421.0;1.0;48.82;48.15926;11.54714;516.2;NaN;19.6;4.5;230.1;11 / 19;673922;2018-11-09 17:48:51:971
-2.317;4.328;9.251;287.0;1.0;48.82;48.15926;11.54714;516.2;NaN;19.6;4.5;230.1;11 / 19;674022;2018-11-09 17:48:52:071
-2.231;4.118;10.113;275.0;1.0;47.77;48.15924;11.54708;516.3;NaN;18.9;4.4;231.2;11 / 19;674122;2018-11-09 17:48:52:171
-2.154;4.51;10.534;307.0;1.0;47.77;48.15924;11.54708;516.3;NaN;18.9;4.4;231.2;11 / 19;674222;2018-11-09 17:48:52:271
-2.116;5.085;10.534;300.0;1.0;47.77;48.15924;11.54708;516.3;NaN;18.9;4.4;231.2;11 / 19;674322;2018-11-09 17:48:52:371
-1.589;3.581;9.893;312.0;1.0;47.46;48.15924;11.54708;516.3;NaN;18.9;4.4;231.2;11 / 19;674421;2018-11-09 17:48:52:470
-2.662;3.668;11.473;298.0;1.0;47.46;48.15924;11.54708;516.3;NaN;18.9;4.4;231.2;11 / 19;674521;2018-11-09 17:48:52:570
-2.355;3.907;9.251;302.0;1.0;47.46;48.15924;11.54708;516.3;NaN;18.9;4.4;231.2;11 / 19;674622;2018-11-09 17:48:52:671
-2.739;5.152;8.916;276.0;1.0;50.93;48.15924;11.54708;516.3;NaN;18.9;4.4;231.2;11 / 19;674722;2018-11-09 17:48:52:771
-2.892;5.142;9.069;293.0;1.0;50.93;48.15924;11.54708;516.3;NaN;18.9;4.4;231.2;11 / 19;674821;2018-11-09 17:48:52:870
-3.629;5.296;8.341;423.0;1.0;50.93;48.15924;11.54708;516.3;NaN;18.9;4.4;231.2;11 / 19;674921;2018-11-09 17:48:52:970
-3.61;5.219;7.987;798.0;1.0;46.39;48.15924;11.54708;516.3;NaN;18.9;4.4;231.2;11 / 19;675022;2018-11-09 17:48:53:071
-3.026;5.458;7.795;970.0;1.0;46.39;48.15922;11.54703;516.1;NaN;18.9;4.4;229.5;11 / 19;675122;2018-11-09 17:48:53:171
-3.505;5.602;8.15;1010.0;1.0;46.39;48.15922;11.54703;516.1;NaN;18.9;4.4;229.5;11 / 19;675222;2018-11-09 17:48:53:271
-3.533;5.64;8.121;1013.0;1.0;47.48;48.15922;11.54703;516.1;NaN;18.9;4.4;229.5;11 / 19;675322;2018-11-09 17:48:53:371
-3.495;5.42;8.878;925.0;1.0;47.48;48.15922;11.54703;516.1;NaN;18.9;4.4;229.5;11 / 19;675422;2018-11-09 17:48:53:471
-2.739;5.621;7.594;947.0;1.0;47.48;48.15922;11.54703;516.1;NaN;18.9;4.4;229.5;11 / 19;675522;2018-11-09 17:48:53:571
-3.055;5.813;8.763;1037.0;1.0;50.76;48.15922;11.54703;516.1;NaN;18.9;4.4;229.5;11 / 19;675622;2018-11-09 17:48:53:671
-3.399;5.19;8.293;1004.0;1.0;50.76;48.15922;11.54703;516.1;NaN;18.9;4.4;229.5;11 / 19;675721;2018-11-09 17:48:53:770
-3.447;5.209;7.326;1003.0;1.0;50.76;48.15922;11.54703;516.1;NaN;18.9;4.4;229.5;11 / 19;675821;2018-11-09 17:48:53:870
-3.591;5.324;8.13;999.0;1.0;49.65;48.15922;11.54703;516.1;NaN;18.9;4.4;229.5;11 / 19;675921;2018-11-09 17:48:53:970
-3.371;6.148;7.977;1009.0;1.0;49.65;48.15922;11.54703;516.1;NaN;18.9;4.4;229.5;11 / 19;676022;2018-11-09 17:48:54:071
-2.604;6.493;7.996;1024.0;1.0;49.65;48.15918;11.54697;515.9;NaN;18.9;4.4;229.2;11 / 19;676122;2018-11-09 17:48:54:171
-2.988;5.382;8.782;604.0;1.0;47.54;48.15918;11.54697;515.9;NaN;18.9;4.4;229.2;11 / 19;676222;2018-11-09 17:48:54:271
-3.045;5.458;7.431;372.0;1.0;47.54;48.15918;11.54697;515.9;NaN;18.9;4.4;229.2;11 / 19;676322;2018-11-09 17:48:54:371
-3.093;4.673;9.653;300.0;1.0;47.54;48.15918;11.54697;515.9;NaN;18.9;4.4;229.2;11 / 19;676422;2018-11-09 17:48:54:471
-2.94;5.727;8.514;302.0;1.0;47.08;48.15918;11.54697;515.9;NaN;18.9;4.4;229.2;11 / 19;676522;2018-11-09 17:48:54:571
-3.419;4.846;8.533;324.0;1.0;47.08;48.15918;11.54697;515.9;NaN;18.9;4.4;229.2;11 / 19;676622;2018-11-09 17:48:54:671
-3.495;4.826;8.868;392.0;1.0;47.08;48.15918;11.54697;515.9;NaN;18.9;4.4;229.2;11 / 19;676722;2018-11-09 17:48:54:771
-3.428;4.625;8.849;503.0;1.0;50.78;48.15918;11.54697;515.9;NaN;18.9;4.4;229.2;11 / 19;676822;2018-11-09 17:48:54:871
-3.064;4.577;9.471;571.0;1.0;50.78;48.15918;11.54697;515.9;NaN;18.9;4.4;229.2;11 / 19;676922;2018-11-09 17:48:54:971
-1.934;5.976;8.025;622.0;1.0;50.78;48.15918;11.54697;515.9;NaN;18.9;4.4;229.2;11 / 19;677021;2018-11-09 17:48:55:070
-1.541;5.296;9.912;534.0;1.0;50.96;48.15916;11.54692;515.9;NaN;19.2;4.4;230.4;11 / 19;677121;2018-11-09 17:48:55:170
-2.394;4.319;9.069;283.0;1.0;50.96;48.15916;11.54692;515.9;NaN;19.2;4.4;230.4;11 / 19;677221;2018-11-09 17:48:55:270
-2.901;3.83;9.443;304.0;1.0;50.96;48.15916;11.54692;515.9;NaN;19.2;4.4;230.4;11 / 19;677321;2018-11-09 17:48:55:370
-2.509;4.127;9.557;324.0;1.0;51.53;48.15916;11.54692;515.9;NaN;19.2;4.4;230.4;11 / 19;677421;2018-11-09 17:48:55:470
-2.7;4.099;10.803;340.0;1.0;51.53;48.15916;11.54692;515.9;NaN;19.2;4.4;230.4;11 / 19;677523;2018-11-09 17:48:55:572
-2.384;4.453;9.529;367.0;1.0;51.53;48.15916;11.54692;515.9;NaN;19.2;4.4;230.4;11 / 19;677621;2018-11-09 17:48:55:670
-2.355;3.754;11.31;366.0;1.0;51.37;48.15916;11.54692;515.9;NaN;19.2;4.4;230.4;11 / 19;677722;2018-11-09 17:48:55:771
-2.308;3.715;10.573;386.0;1.0;51.37;48.15916;11.54692;515.9;NaN;19.2;4.4;230.4;11 / 19;677822;2018-11-09 17:48:55:871
-1.963;4.108;9.519;402.0;1.0;51.37;48.15916;11.54692;515.9;NaN;19.2;4.4;230.4;11 / 19;677921;2018-11-09 17:48:55:970
-1.934;4.846;9.261;421.0;1.0;52.65;48.15916;11.54692;515.9;NaN;19.2;4.4;230.4;11 / 19;678021;2018-11-09 17:48:56:070
-2.652;5.066;7.996;370.0;1.0;52.65;48.15913;11.54686;515.7;NaN;19.2;4.4;229.6;10 / 19;678121;2018-11-09 17:48:56:170
-2.384;5.344;8.676;319.0;1.0;52.65;48.15913;11.54686;515.7;NaN;19.2;4.4;229.6;10 / 19;678222;2018-11-09 17:48:56:271
-2.317;5.305;8.245;331.0;1.0;53.81;48.15913;11.54686;515.7;NaN;19.2;4.4;229.6;10 / 19;678322;2018-11-09 17:48:56:371
-2.087;4.673;12.613;322.0;1.0;53.81;48.15913;11.54686;515.7;NaN;19.2;4.4;229.6;10 / 19;678421;2018-11-09 17:48:56:470
-2.317;5.842;7.307;315.0;1.0;53.81;48.15913;11.54686;515.7;NaN;19.2;4.4;229.6;10 / 19;678521;2018-11-09 17:48:56:570
-2.461;5.047;11.492;317.0;1.0;51.29;48.15913;11.54686;515.7;NaN;19.2;4.4;229.6;10 / 19;678622;2018-11-09 17:48:56:671
-2.662;5.123;10.084;319.0;1.0;51.29;48.15913;11.54686;515.7;NaN;19.2;4.4;229.6;10 / 19;678722;2018-11-09 17:48:56:771
-2.384;5.535;8.705;333.0;1.0;51.29;48.15913;11.54686;515.7;NaN;19.2;4.4;229.6;10 / 19;678822;2018-11-09 17:48:56:871
-2.432;5.497;8.964;327.0;1.0;52.53;48.15913;11.54686;515.7;NaN;19.2;4.4;229.6;10 / 19;678921;2018-11-09 17:48:56:970
-2.423;5.545;8.772;339.0;1.0;52.53;48.15913;11.54686;515.7;NaN;19.2;4.4;229.6;10 / 19;679021;2018-11-09 17:48:57:070
-2.547;5.152;8.906;351.0;1.0;52.53;48.15909;11.54681;515.9;NaN;19.1;4.5;228.0;10 / 19;679121;2018-11-09 17:48:57:170
-2.911;4.778;9.433;325.0;1.0;50.79;48.15909;11.54681;515.9;NaN;19.1;4.5;228.0;10 / 19;679221;2018-11-09 17:48:57:270
-2.394;5.248;9.471;311.0;1.0;50.79;48.15909;11.54681;515.9;NaN;19.1;4.5;228.0;10 / 19;679322;2018-11-09 17:48:57:371
-2.221;5.257;8.561;296.0;1.0;50.79;48.15909;11.54681;515.9;NaN;19.1;4.5;228.0;10 / 19;679422;2018-11-09 17:48:57:471
-2.518;4.846;9.443;315.0;1.0;51.97;48.15909;11.54681;515.9;NaN;19.1;4.5;228.0;10 / 19;679522;2018-11-09 17:48:57:571
-2.643;4.788;9.376;298.0;1.0;51.97;48.15909;11.54681;515.9;NaN;19.1;4.5;228.0;10 / 19;679621;2018-11-09 17:48:57:670
-2.537;4.817;9.117;303.0;1.0;51.97;48.15909;11.54681;515.9;NaN;19.1;4.5;228.0;10 / 19;679721;2018-11-09 17:48:57:770
-2.317;4.673;9.653;303.0;1.0;49.92;48.15909;11.54681;515.9;NaN;19.1;4.5;228.0;10 / 19;679821;2018-11-09 17:48:57:870
-2.499;4.96;8.973;294.0;1.0;49.92;48.15909;11.54681;515.9;NaN;19.1;4.5;228.0;10 / 19;679922;2018-11-09 17:48:57:971
-3.198;5.085;7.805;294.0;1.0;49.92;48.15909;11.54681;515.9;NaN;19.1;4.5;228.0;10 / 19;680022;2018-11-09 17:48:58:071
-1.561;5.439;8.772;298.0;1.0;52.4;48.15906;11.54676;515.8;NaN;18.8;4.5;226.3;10 / 19;680122;2018-11-09 17:48:58:171
-0.871;5.698;8.878;345.0;1.0;52.4;48.15906;11.54676;515.8;NaN;18.8;4.5;226.3;10 / 19;680222;2018-11-09 17:48:58:271
-0.143;5.401;9.462;374.0;1.0;52.4;48.15906;11.54676;515.8;NaN;18.8;4.5;226.3;10 / 19;680322;2018-11-09 17:48:58:371
-0.909;5.056;10.64;496.0;1.0;51.23;48.15906;11.54676;515.8;NaN;18.8;4.5;226.3;10 / 19;680422;2018-11-09 17:48:58:471
-1.216;5.171;9.519;572.0;1.0;51.23;48.15906;11.54676;515.8;NaN;18.8;4.5;226.3;10 / 19;680522;2018-11-09 17:48:58:571
-1.158;5.037;10.017;607.0;1.0;51.23;48.15906;11.54676;515.8;NaN;18.8;4.5;226.3;10 / 19;680622;2018-11-09 17:48:58:671
-1.216;4.826;9.921;622.0;1.0;47.75;48.15906;11.54676;515.8;NaN;18.8;4.5;226.3;10 / 19;680722;2018-11-09 17:48:58:771
-0.89;5.133;10.314;619.0;1.0;47.75;48.15906;11.54676;515.8;NaN;18.8;4.5;226.3;10 / 19;680822;2018-11-09 17:48:58:871
-1.082;5.171;9.672;605.0;1.0;47.75;48.15906;11.54676;515.8;NaN;18.8;4.5;226.3;10 / 19;680922;2018-11-09 17:48:58:971
-0.852;5.181;9.529;571.0;1.0;48.84;48.15906;11.54676;515.8;NaN;18.8;4.5;226.3;10 / 19;681021;2018-11-09 17:48:59:070
-0.507;5.209;10.812;562.0;1.0;48.84;48.15904;11.54671;516.1;NaN;18.9;4.6;226.4;10 / 19;681122;2018-11-09 17:48:59:171
-1.139;5.497;10.774;557.0;1.0;48.84;48.15904;11.54671;516.1;NaN;18.9;4.6;226.4;10 / 19;681222;2018-11-09 17:48:59:271
-0.574;5.277;10.132;532.0;1.0;49.75;48.15904;11.54671;516.1;NaN;18.9;4.6;226.4;10 / 19;681322;2018-11-09 17:48:59:371
-0.392;5.43;9.069;521.0;1.0;49.75;48.15904;11.54671;516.1;NaN;18.9;4.6;226.4;10 / 19;681422;2018-11-09 17:48:59:471
-0.727;5.631;9.778;497.0;1.0;49.75;48.15904;11.54671;516.1;NaN;18.9;4.6;226.4;10 / 19;681522;2018-11-09 17:48:59:571
-0.507;5.803;9.184;462.0;1.0;51.38;48.15904;11.54671;516.1;NaN;18.9;4.6;226.4;10 / 19;681622;2018-11-09 17:48:59:671
-0.172;6.062;7.795;379.0;1.0;51.38;48.15904;11.54671;516.1;NaN;18.9;4.6;226.4;10 / 19;681722;2018-11-09 17:48:59:771
-0.143;5.976;7.565;291.0;1.0;51.38;48.15904;11.54671;516.1;NaN;18.9;4.6;226.4;10 / 19;681823;2018-11-09 17:48:59:872
-0.727;5.66;9.443;320.0;1.0;50.31;48.15904;11.54671;516.1;NaN;18.9;4.6;226.4;10 / 19;681922;2018-11-09 17:48:59:971
-0.842;5.88;10.285;321.0;1.0;50.31;48.15904;11.54671;516.1;NaN;18.9;4.6;226.4;10 / 19;682022;2018-11-09 17:49:00:071
-0.641;6.081;8.858;313.0;1.0;50.31;48.15901;11.54665;516.1;NaN;19.3;4.6;229.1;10 / 19;682124;2018-11-09 17:49:00:173
0.095;5.612;9.605;317.0;1.0;51.73;48.15901;11.54665;516.1;NaN;19.3;4.6;229.1;10 / 19;682221;2018-11-09 17:49:00:270
-0.517;5.602;9.701;311.0;1.0;51.73;48.15901;11.54665;516.1;NaN;19.3;4.6;229.1;10 / 19;682322;2018-11-09 17:49:00:371
-0.373;5.813;9.538;321.0;1.0;51.73;48.15901;11.54665;516.1;NaN;19.3;4.6;229.1;10 / 19;682422;2018-11-09 17:49:00:471
-0.622;6.253;9.299;308.0;1.0;51.35;48.15901;11.54665;516.1;NaN;19.3;4.6;229.1;10 / 19;682521;2018-11-09 17:49:00:570
-0.641;6.024;8.954;284.0;1.0;51.35;48.15901;11.54665;516.1;NaN;19.3;4.6;229.1;10 / 19;682621;2018-11-09 17:49:00:670
1.005;5.813;11.08;281.0;1.0;51.35;48.15901;11.54665;516.1;NaN;19.3;4.6;229.1;10 / 19;682722;2018-11-09 17:49:00:771
-0.124;5.535;10.151;289.0;1.0;51.49;48.15901;11.54665;516.1;NaN;19.3;4.6;229.1;10 / 19;682822;2018-11-09 17:49:00:871
-0.967;5.88;9.988;279.0;1.0;51.49;48.15901;11.54665;516.1;NaN;19.3;4.6;229.1;10 / 19;682921;2018-11-09 17:49:00:970
0.335;5.966;9.701;279.0;1.0;51.49;48.15901;11.54665;516.1;NaN;19.3;4.6;229.1;10 / 19;683021;2018-11-09 17:49:01:070
0.057;5.401;9.711;291.0;1.0;52.69;48.15899;11.54658;516.1;NaN;20.0;4.6;230.4;10 / 19;683123;2018-11-09 17:49:01:172
1.024;5.449;9.854;291.0;1.0;52.69;48.15899;11.54658;516.1;NaN;20.0;4.6;230.4;10 / 19;683221;2018-11-09 17:49:01:270
-0.21;5.889;8.274;274.0;1.0;52.69;48.15899;11.54658;516.1;NaN;20.0;4.6;230.4;10 / 19;683321;2018-11-09 17:49:01:370
-0.689;6.234;8.629;276.0;1.0;52.35;48.15899;11.54658;516.1;NaN;20.0;4.6;230.4;10 / 19;683421;2018-11-09 17:49:01:470
0.478;6.253;10.266;290.0;1.0;52.35;48.15899;11.54658;516.1;NaN;20.0;4.6;230.4;10 / 19;683521;2018-11-09 17:49:01:570
-0.785;6.225;8.188;287.0;1.0;52.35;48.15899;11.54658;516.1;NaN;20.0;4.6;230.4;10 / 19;683622;2018-11-09 17:49:01:671
-1.857;5.707;7.853;306.0;1.0;51.41;48.15899;11.54658;516.1;NaN;20.0;4.6;230.4;10 / 19;683722;2018-11-09 17:49:01:771
-2.02;5.861;7.0;294.0;1.0;51.41;48.15899;11.54658;516.1;NaN;20.0;4.6;230.4;10 / 19;683822;2018-11-09 17:49:01:871
-2.26;5.803;8.715;342.0;1.0;51.41;48.15899;11.54658;516.1;NaN;20.0;4.6;230.4;10 / 19;683922;2018-11-09 17:49:01:971
-2.566;5.344;9.299;446.0;1.0;52.25;48.15899;11.54658;516.1;NaN;20.0;4.6;230.4;10 / 19;684021;2018-11-09 17:49:02:070
-2.451;4.951;9.739;530.0;1.0;52.25;48.15895;11.54651;516.0;NaN;21.3;4.7;230.6;10 / 19;684121;2018-11-09 17:49:02:170
-1.043;5.458;9.414;633.0;1.0;52.25;48.15895;11.54651;516.0;NaN;21.3;4.7;230.6;10 / 19;684222;2018-11-09 17:49:02:271
-1.34;5.171;9.548;678.0;1.0;50.95;48.15895;11.54651;516.0;NaN;21.3;4.7;230.6;10 / 19;684322;2018-11-09 17:49:02:371
-1.417;4.577;10.621;657.0;1.0;50.95;48.15895;11.54651;516.0;NaN;21.3;4.7;230.6;10 / 19;684421;2018-11-09 17:49:02:470
-2.403;4.778;9.931;534.0;1.0;50.95;48.15895;11.54651;516.0;NaN;21.3;4.7;230.6;10 / 19;684521;2018-11-09 17:49:02:570
-2.269;5.554;8.207;409.0;1.0;50.95;48.15895;11.54651;516.0;NaN;21.3;4.7;230.6;10 / 19;684621;2018-11-09 17:49:02:670
-2.394;5.87;9.107;360.0;1.0;50.44;48.15895;11.54651;516.0;NaN;21.3;4.7;230.6;10 / 19;684721;2018-11-09 17:49:02:770
-2.154;5.439;8.734;332.0;1.0;50.44;48.15895;11.54651;516.0;NaN;21.3;4.7;230.6;10 / 19;684821;2018-11-09 17:49:02:870
-2.231;4.98;9.04;334.0;1.0;50.44;48.15895;11.54651;516.0;NaN;21.3;4.7;230.6;10 / 19;684921;2018-11-09 17:49:02:970
-2.423;5.458;7.546;373.0;1.0;51.12;48.15895;11.54651;516.0;NaN;21.3;4.7;230.6;10 / 19;685022;2018-11-09 17:49:03:071
-3.447;4.185;9.05;352.0;1.0;51.12;48.15891;11.54643;515.9;NaN;23.3;4.8;232.3;10 / 19;685122;2018-11-09 17:49:03:171
-3.476;3.897;10.027;334.0;1.0;51.12;48.15891;11.54643;515.9;NaN;23.3;4.8;232.3;10 / 19;685222;2018-11-09 17:49:03:271
-2.25;4.97;10.582;314.0;1.0;53.27;48.15891;11.54643;515.9;NaN;23.3;4.8;232.3;10 / 19;685321;2018-11-09 17:49:03:370
-2.135;5.162;9.404;311.0;1.0;53.27;48.15891;11.54643;515.9;NaN;23.3;4.8;232.3;10 / 19;685421;2018-11-09 17:49:03:470
-2.174;4.443;9.184;323.0;1.0;53.27;48.15891;11.54643;515.9;NaN;23.3;4.8;232.3;10 / 19;685522;2018-11-09 17:49:03:571
-2.308;4.367;9.471;324.0;1.0;50.58;48.15891;11.54643;515.9;NaN;23.3;4.8;232.3;10 / 19;685622;2018-11-09 17:49:03:671
-2.48;4.453;10.295;328.0;1.0;50.58;48.15891;11.54643;515.9;NaN;23.3;4.8;232.3;10 / 19;685722;2018-11-09 17:49:03:771
-2.576;4.549;9.826;313.0;1.0;50.58;48.15891;11.54643;515.9;NaN;23.3;4.8;232.3;10 / 19;685821;2018-11-09 17:49:03:870
-3.122;4.328;9.634;329.0;1.0;53.67;48.15891;11.54643;515.9;NaN;23.3;4.8;232.3;10 / 19;685922;2018-11-09 17:49:03:971
-4.022;3.352;10.247;329.0;1.0;53.67;48.15891;11.54643;515.9;NaN;23.3;4.8;232.3;10 / 19;686022;2018-11-09 17:49:04:071
-3.026;2.796;9.768;320.0;1.0;53.67;48.15887;11.54634;515.8;NaN;25.8;4.9;233.0;10 / 19;686122;2018-11-09 17:49:04:171
-2.729;3.917;9.625;367.0;1.0;52.18;48.15887;11.54634;515.8;NaN;25.8;4.9;233.0;9 / 19;686222;2018-11-09 17:49:04:271
-3.304;4.06;9.672;400.0;1.0;52.18;48.15887;11.54634;515.8;NaN;25.8;4.9;233.0;9 / 19;686322;2018-11-09 17:49:04:371
-3.572;3.85;10.027;424.0;1.0;52.18;48.15887;11.54634;515.8;NaN;25.8;4.9;233.0;9 / 19;686421;2018-11-09 17:49:04:470
-3.639;2.499;8.849;442.0;1.0;52.99;48.15887;11.54634;515.8;NaN;25.8;4.9;233.0;9 / 19;686522;2018-11-09 17:49:04:571
-2.767;4.012;10.084;470.0;1.0;52.99;48.15887;11.54634;515.8;NaN;25.8;4.9;233.0;9 / 19;686621;2018-11-09 17:49:04:670
-3.581;3.984;9.318;400.0;1.0;52.99;48.15887;11.54634;515.8;NaN;25.8;4.9;233.0;9 / 19;686721;2018-11-09 17:49:04:770
-3.17;2.672;10.908;353.0;1.0;52.35;48.15887;11.54634;515.8;NaN;25.8;4.9;233.0;9 / 19;686822;2018-11-09 17:49:04:871
-2.892;3.294;9.816;281.0;1.0;52.35;48.15887;11.54634;515.8;NaN;25.8;4.9;233.0;9 / 19;686921;2018-11-09 17:49:04:970
-2.097;4.166;9.146;295.0;1.0;52.35;48.15887;11.54634;515.8;NaN;25.8;4.9;233.0;9 / 19;687022;2018-11-09 17:49:05:071
-3.275;3.371;9.893;303.0;1.0;51.64;48.15883;11.54623;516.0;NaN;29.0;4.9;233.1;9 / 19;687122;2018-11-09 17:49:05:171
-3.323;3.744;9.912;294.0;1.0;51.64;48.15883;11.54623;516.0;NaN;29.0;4.9;233.1;9 / 19;687222;2018-11-09 17:49:05:271
-2.786;3.466;11.224;290.0;1.0;51.64;48.15883;11.54623;516.0;NaN;29.0;4.9;233.1;9 / 19;687322;2018-11-09 17:49:05:371
-2.279;3.342;10.065;285.0;1.0;54.27;48.15883;11.54623;516.0;NaN;29.0;4.9;233.1;9 / 19;687421;2018-11-09 17:49:05:470
-2.308;3.495;9.299;300.0;1.0;54.27;48.15883;11.54623;516.0;NaN;29.0;4.9;233.1;9 / 19;687522;2018-11-09 17:49:05:571
-2.126;2.988;9.127;300.0;1.0;54.27;48.15883;11.54623;516.0;NaN;29.0;4.9;233.1;9 / 19;687622;2018-11-09 17:49:05:671
-4.529;2.585;10.295;298.0;1.0;52.68;48.15883;11.54623;516.0;NaN;29.0;4.9;233.1;9 / 19;687722;2018-11-09 17:49:05:771
-3.361;3.917;10.621;311.0;1.0;52.68;48.15883;11.54623;516.0;NaN;29.0;4.9;233.1;9 / 19;687822;2018-11-09 17:49:05:871
-3.706;4.089;10.937;280.0;1.0;52.68;48.15883;11.54623;516.0;NaN;29.0;4.9;233.1;9 / 19;687922;2018-11-09 17:49:05:971
-2.633;2.451;9.807;286.0;1.0;53.44;48.15883;11.54623;516.0;NaN;29.0;4.9;233.1;9 / 19;688022;2018-11-09 17:49:06:071
-2.47;3.39;8.734;309.0;1.0;53.44;48.15883;11.54623;516.0;NaN;29.0;4.9;233.1;9 / 19;688122;2018-11-09 17:49:06:171
-2.758;3.562;11.626;308.0;1.0;53.44;48.15883;11.54623;516.0;NaN;29.0;4.9;233.1;9 / 19;688221;2018-11-09 17:49:06:270
-2.25;3.62;9.002;326.0;1.0;53.47;48.15877;11.54612;516.0;NaN;31.1;4.9;233.2;9 / 19;688322;2018-11-09 17:49:06:371
-2.269;3.256;9.816;353.0;1.0;53.47;48.15877;11.54612;516.0;NaN;31.1;4.9;233.2;9 / 19;688421;2018-11-09 17:49:06:470
-2.643;4.022;10.333;350.0;1.0;53.47;48.15877;11.54612;516.0;NaN;31.1;4.9;233.2;9 / 19;688521;2018-11-09 17:49:06:570
-2.298;3.572;10.103;327.0;1.0;51.51;48.15877;11.54612;516.0;NaN;31.1;4.9;233.2;9 / 19;688621;2018-11-09 17:49:06:670
-2.365;4.261;9.845;311.0;1.0;51.51;48.15877;11.54612;516.0;NaN;31.1;4.9;233.2;9 / 19;688722;2018-11-09 17:49:06:771
-2.595;3.936;10.563;313.0;1.0;51.51;48.15877;11.54612;516.0;NaN;31.1;4.9;233.2;9 / 19;688822;2018-11-09 17:49:06:871
-2.719;3.112;9.807;303.0;1.0;53.27;48.15877;11.54612;516.0;NaN;31.1;4.9;233.2;9 / 19;688922;2018-11-09 17:49:06:971
-2.461;3.428;10.314;316.0;1.0;53.27;48.15877;11.54612;516.0;NaN;31.1;4.9;233.2;9 / 19;689022;2018-11-09 17:49:07:071
-2.375;3.62;10.774;307.0;1.0;53.27;48.15873;11.54602;516.1;NaN;32.5;5.0;232.8;9 / 19;689121;2018-11-09 17:49:07:170
-2.145;3.677;10.582;311.0;1.0;54.68;48.15873;11.54602;516.1;NaN;32.5;5.0;232.8;9 / 19;689222;2018-11-09 17:49:07:271
-2.183;3.964;11.253;296.0;1.0;54.68;48.15873;11.54602;516.1;NaN;32.5;5.0;232.8;9 / 19;689322;2018-11-09 17:49:07:371
-2.729;3.16;9.787;296.0;1.0;54.68;48.15873;11.54602;516.1;NaN;32.5;5.0;232.8;9 / 19;689422;2018-11-09 17:49:07:471
-2.7;3.284;9.567;295.0;1.0;53.83;48.15873;11.54602;516.1;NaN;32.5;5.0;232.8;9 / 19;689522;2018-11-09 17:49:07:571
-2.825;3.17;10.324;301.0;1.0;53.83;48.15873;11.54602;516.1;NaN;32.5;5.0;232.8;9 / 19;689622;2018-11-09 17:49:07:671
-2.442;3.476;9.874;304.0;1.0;53.83;48.15873;11.54602;516.1;NaN;32.5;5.0;232.8;9 / 19;689722;2018-11-09 17:49:07:771
-2.49;3.045;10.573;284.0;1.0;53.38;48.15873;11.54602;516.1;NaN;32.5;5.0;232.8;9 / 19;689822;2018-11-09 17:49:07:871
-2.039;3.811;9.605;298.0;1.0;53.38;48.15873;11.54602;516.1;NaN;32.5;5.0;232.8;9 / 19;689922;2018-11-09 17:49:07:971
-2.767;3.112;10.372;286.0;1.0;53.38;48.15873;11.54602;516.1;NaN;32.5;5.0;232.8;9 / 19;690022;2018-11-09 17:49:08:071
-3.083;3.198;10.659;281.0;1.0;54.84;48.15867;11.54592;516.2;NaN;33.5;5.0;232.7;9 / 19;690122;2018-11-09 17:49:08:171
-2.758;3.342;10.056;292.0;1.0;54.84;48.15867;11.54592;516.2;NaN;33.5;5.0;232.7;9 / 19;690221;2018-11-09 17:49:08:270
-3.466;2.681;10.084;280.0;1.0;54.84;48.15867;11.54592;516.2;NaN;33.5;5.0;232.7;9 / 19;690321;2018-11-09 17:49:08:370
-3.045;2.815;9.203;282.0;1.0;51.7;48.15867;11.54592;516.2;NaN;33.5;5.0;232.7;9 / 19;690422;2018-11-09 17:49:08:471
-2.863;2.94;9.749;278.0;1.0;51.7;48.15867;11.54592;516.2;NaN;33.5;5.0;232.7;9 / 19;690521;2018-11-09 17:49:08:570
-2.059;2.298;10.688;267.0;1.0;51.7;48.15867;11.54592;516.2;NaN;33.5;5.0;232.7;9 / 19;690621;2018-11-09 17:49:08:670
-2.375;3.198;10.391;282.0;1.0;50.35;48.15867;11.54592;516.2;NaN;33.5;5.0;232.7;9 / 19;690721;2018-11-09 17:49:08:770
-2.576;3.208;11.473;274.0;1.0;50.35;48.15867;11.54592;516.2;NaN;33.5;5.0;232.7;9 / 19;690821;2018-11-09 17:49:08:870
-2.806;3.486;8.332;295.0;1.0;50.35;48.15867;11.54592;516.2;NaN;33.5;5.0;232.7;9 / 19;690921;2018-11-09 17:49:08:970
-3.802;2.643;9.988;302.0;1.0;52.79;48.15867;11.54592;516.2;NaN;33.5;5.0;232.7;9 / 19;691021;2018-11-09 17:49:09:070
-3.256;3.083;9.672;309.0;1.0;52.79;48.15862;11.5458;516.2;NaN;34.7;4.9;232.4;9 / 19;691122;2018-11-09 17:49:09:171
-2.901;3.447;10.123;304.0;1.0;52.79;48.15862;11.5458;516.2;NaN;34.7;4.9;232.4;9 / 19;691222;2018-11-09 17:49:09:271
-3.045;3.313;9.385;316.0;1.0;52.41;48.15862;11.5458;516.2;NaN;34.7;4.9;232.4;9 / 19;691322;2018-11-09 17:49:09:371
-3.84;2.892;10.209;310.0;1.0;52.41;48.15862;11.5458;516.2;NaN;34.7;4.9;232.4;9 / 19;691422;2018-11-09 17:49:09:471
-3.39;3.055;9.845;299.0;1.0;52.41;48.15862;11.5458;516.2;NaN;34.7;4.9;232.4;9 / 19;691522;2018-11-09 17:49:09:571
-3.179;3.112;10.132;322.0;1.0;51.64;48.15862;11.5458;516.2;NaN;34.7;4.9;232.4;9 / 19;691622;2018-11-09 17:49:09:671
-2.834;3.409;9.778;304.0;1.0;51.64;48.15862;11.5458;516.2;NaN;34.7;4.9;232.4;9 / 19;691722;2018-11-09 17:49:09:771
-3.007;3.294;9.816;299.0;1.0;51.64;48.15862;11.5458;516.2;NaN;34.7;4.9;232.4;9 / 19;691821;2018-11-09 17:49:09:870
-3.227;3.131;9.596;316.0;1.0;51.58;48.15862;11.5458;516.2;NaN;34.7;4.9;232.4;9 / 19;691922;2018-11-09 17:49:09:971
-2.997;3.237;9.883;317.0;1.0;51.58;48.15862;11.5458;516.2;NaN;34.7;4.9;232.4;9 / 19;692022;2018-11-09 17:49:10:071
-3.016;3.399;9.941;316.0;1.0;51.58;48.15856;11.54569;516.2;NaN;34.7;4.9;231.5;9 / 19;692122;2018-11-09 17:49:10:171
-3.495;3.093;9.663;307.0;1.0;52.4;48.15856;11.54569;516.2;NaN;34.7;4.9;231.5;9 / 19;692221;2018-11-09 17:49:10:270
-3.62;2.978;9.644;321.0;1.0;52.4;48.15856;11.54569;516.2;NaN;34.7;4.9;231.5;9 / 19;692322;2018-11-09 17:49:10:371
-3.035;3.39;9.998;319.0;1.0;52.4;48.15856;11.54569;516.2;NaN;34.7;4.9;231.5;9 / 19;692422;2018-11-09 17:49:10:471
-3.428;3.141;9.826;319.0;1.0;52.4;48.15856;11.54569;516.2;NaN;34.7;4.9;231.5;9 / 19;692522;2018-11-09 17:49:10:571
-3.371;3.083;9.816;330.0;1.0;51.71;48.15856;11.54569;516.2;NaN;34.7;4.9;231.5;9 / 19;692622;2018-11-09 17:49:10:671
-3.131;3.227;9.701;328.0;1.0;51.71;48.15856;11.54569;516.2;NaN;34.7;4.9;231.5;9 / 19;692722;2018-11-09 17:49:10:771
-3.083;3.227;9.596;320.0;1.0;51.71;48.15856;11.54569;516.2;NaN;34.7;4.9;231.5;9 / 19;692822;2018-11-09 17:49:10:871
-3.476;2.901;9.931;315.0;1.0;51.31;48.15856;11.54569;516.2;NaN;34.7;4.9;231.5;9 / 19;692922;2018-11-09 17:49:10:971
-3.342;3.112;9.988;315.0;1.0;51.31;48.15856;11.54569;516.2;NaN;34.7;4.9;231.5;9 / 19;693022;2018-11-09 17:49:11:071
-3.39;3.016;10.41;300.0;1.0;51.31;48.15849;11.54558;516.0;NaN;35.1;4.9;230.6;9 / 19;693122;2018-11-09 17:49:11:171
-3.294;3.131;9.931;318.0;1.0;53.26;48.15849;11.54558;516.0;NaN;35.1;4.9;230.6;9 / 19;693222;2018-11-09 17:49:11:271
-3.17;3.035;9.845;296.0;1.0;53.26;48.15849;11.54558;516.0;NaN;35.1;4.9;230.6;9 / 19;693322;2018-11-09 17:49:11:371
-3.112;3.141;9.883;316.0;1.0;53.26;48.15849;11.54558;516.0;NaN;35.1;4.9;230.6;9 / 19;693422;2018-11-09 17:49:11:471
-3.093;3.083;9.845;298.0;1.0;51.97;48.15849;11.54558;516.0;NaN;35.1;4.9;230.6;9 / 19;693522;2018-11-09 17:49:11:571
-3.256;2.978;9.835;301.0;1.0;51.97;48.15849;11.54558;516.0;NaN;35.1;4.9;230.6;9 / 19;693622;2018-11-09 17:49:11:671
-2.853;3.16;9.663;299.0;1.0;51.97;48.15849;11.54558;516.0;NaN;35.1;4.9;230.6;9 / 19;693722;2018-11-09 17:49:11:771
-2.662;3.342;10.295;311.0;1.0;52.55;48.15849;11.54558;516.0;NaN;35.1;4.9;230.6;9 / 19;693823;2018-11-09 17:49:11:872
-2.863;3.217;9.96;287.0;1.0;52.55;48.15849;11.54558;516.0;NaN;35.1;4.9;230.6;9 / 19;693922;2018-11-09 17:49:11:971
-2.739;3.553;9.816;308.0;1.0;52.55;48.15849;11.54558;516.0;NaN;35.1;4.9;230.6;9 / 19;694022;2018-11-09 17:49:12:071
-3.419;3.131;9.596;309.0;1.0;52.07;48.15843;11.54548;515.8;NaN;35.6;4.8;229.2;9 / 19;694122;2018-11-09 17:49:12:171
-3.543;3.007;9.854;317.0;1.0;52.07;48.15843;11.54548;515.8;NaN;35.6;4.8;229.2;9 / 19;694222;2018-11-09 17:49:12:271
-3.457;3.208;9.835;306.0;1.0;52.07;48.15843;11.54548;515.8;NaN;35.6;4.8;229.2;9 / 19;694322;2018-11-09 17:49:12:371
-3.313;3.122;9.73;300.0;1.0;51.09;48.15843;11.54548;515.8;NaN;35.6;4.8;229.2;9 / 19;694422;2018-11-09 17:49:12:471
-3.744;2.949;9.787;322.0;1.0;51.09;48.15843;11.54548;515.8;NaN;35.6;4.8;229.2;9 / 19;694522;2018-11-09 17:49:12:571
-3.572;2.93;9.979;311.0;1.0;51.09;48.15843;11.54548;515.8;NaN;35.6;4.8;229.2;9 / 19;694622;2018-11-09 17:49:12:671
-3.16;3.179;9.893;305.0;1.0;52.31;48.15843;11.54548;515.8;NaN;35.6;4.8;229.2;9 / 19;694722;2018-11-09 17:49:12:771
-3.38;2.882;9.931;318.0;1.0;52.31;48.15843;11.54548;515.8;NaN;35.6;4.8;229.2;9 / 19;694822;2018-11-09 17:49:12:871
-3.227;3.198;9.682;308.0;1.0;52.31;48.15843;11.54548;515.8;NaN;35.6;4.8;229.2;9 / 19;694922;2018-11-09 17:49:12:971
-2.423;3.428;9.826;318.0;1.0;53.05;48.15843;11.54548;515.8;NaN;35.6;4.8;229.2;9 / 19;695022;2018-11-09 17:49:13:071
-3.438;3.045;9.481;324.0;1.0;53.05;48.15837;11.54538;515.7;NaN;35.2;4.9;228.6;9 / 19;695122;2018-11-09 17:49:13:171
-3.294;3.045;9.701;317.0;1.0;53.05;48.15837;11.54538;515.7;NaN;35.2;4.9;228.6;9 / 19;695222;2018-11-09 17:49:13:271
-2.748;3.648;9.931;311.0;1.0;51.89;48.15837;11.54538;515.7;NaN;35.2;4.9;228.6;9 / 19;695321;2018-11-09 17:49:13:370
-3.237;3.083;9.95;320.0;1.0;51.89;48.15837;11.54538;515.7;NaN;35.2;4.9;228.6;9 / 19;695421;2018-11-09 17:49:13:470
-2.863;3.466;9.701;309.0;1.0;51.89;48.15837;11.54538;515.7;NaN;35.2;4.9;228.6;9 / 19;695522;2018-11-09 17:49:13:571
-3.131;3.131;9.816;304.0;1.0;51.75;48.15837;11.54538;515.7;NaN;35.2;4.9;228.6;9 / 19;695622;2018-11-09 17:49:13:671
-2.949;3.371;10.161;305.0;1.0;51.75;48.15837;11.54538;515.7;NaN;35.2;4.9;228.6;9 / 19;695722;2018-11-09 17:49:13:771
-2.978;3.237;9.548;307.0;1.0;51.75;48.15837;11.54538;515.7;NaN;35.2;4.9;228.6;9 / 19;695821;2018-11-09 17:49:13:870
-3.323;3.074;10.314;321.0;1.0;52.04;48.15837;11.54538;515.7;NaN;35.2;4.9;228.6;9 / 19;695921;2018-11-09 17:49:13:970
-2.892;3.17;9.644;299.0;1.0;52.04;48.15837;11.54538;515.7;NaN;35.2;4.9;228.6;9 / 19;696021;2018-11-09 17:49:14:070
-2.873;3.38;9.893;308.0;1.0;52.04;48.15831;11.54526;515.4;NaN;35.6;4.8;228.9;10 / 19;696121;2018-11-09 17:49:14:170
-2.93;3.112;9.816;302.0;1.0;52.63;48.15831;11.54526;515.4;NaN;35.6;4.8;228.9;10 / 19;696221;2018-11-09 17:49:14:270
-3.17;3.055;10.027;305.0;1.0;52.63;48.15831;11.54526;515.4;NaN;35.6;4.8;228.9;10 / 19;696321;2018-11-09 17:49:14:370
-2.796;3.313;9.739;312.0;1.0;52.63;48.15831;11.54526;515.4;NaN;35.6;4.8;228.9;10 / 19;696422;2018-11-09 17:49:14:471
-3.064;3.102;10.084;301.0;1.0;49.39;48.15831;11.54526;515.4;NaN;35.6;4.8;228.9;10 / 19;696521;2018-11-09 17:49:14:570
-3.055;3.198;9.739;301.0;1.0;49.39;48.15831;11.54526;515.4;NaN;35.6;4.8;228.9;10 / 19;696621;2018-11-09 17:49:14:670
-2.959;3.083;10.123;302.0;1.0;49.39;48.15831;11.54526;515.4;NaN;35.6;4.8;228.9;10 / 19;696722;2018-11-09 17:49:14:771
-2.767;3.323;10.017;297.0;1.0;52.0;48.15831;11.54526;515.4;NaN;35.6;4.8;228.9;10 / 19;696822;2018-11-09 17:49:14:871
-2.978;3.237;9.998;306.0;1.0;52.0;48.15831;11.54526;515.4;NaN;35.6;4.8;228.9;10 / 19;696922;2018-11-09 17:49:14:971
-3.198;3.093;9.874;292.0;1.0;52.0;48.15831;11.54526;515.4;NaN;35.6;4.8;228.9;10 / 19;697022;2018-11-09 17:49:15:071
-3.064;3.083;10.199;301.0;1.0;52.99;48.15825;11.54515;515.2;NaN;35.7;4.7;229.3;10 / 19;697121;2018-11-09 17:49:15:170
-2.882;3.179;10.237;285.0;1.0;52.99;48.15825;11.54515;515.2;NaN;35.7;4.7;229.3;10 / 19;697222;2018-11-09 17:49:15:271
-3.112;2.882;10.257;283.0;1.0;52.99;48.15825;11.54515;515.2;NaN;35.7;4.7;229.3;10 / 19;697322;2018-11-09 17:49:15:371
-2.853;3.189;9.979;292.0;1.0;52.76;48.15825;11.54515;515.2;NaN;35.7;4.7;229.3;10 / 19;697422;2018-11-09 17:49:15:471
-3.313;2.758;10.084;289.0;1.0;52.76;48.15825;11.54515;515.2;NaN;35.7;4.7;229.3;10 / 19;697522;2018-11-09 17:49:15:571
-2.834;3.16;9.931;284.0;1.0;52.76;48.15825;11.54515;515.2;NaN;35.7;4.7;229.3;10 / 19;697622;2018-11-09 17:49:15:671
-2.739;3.246;9.864;285.0;1.0;52.5;48.15825;11.54515;515.2;NaN;35.7;4.7;229.3;10 / 19;697721;2018-11-09 17:49:15:770
-3.122;3.045;9.988;303.0;1.0;52.5;48.15825;11.54515;515.2;NaN;35.7;4.7;229.3;10 / 19;697821;2018-11-09 17:49:15:870
-2.892;3.131;10.036;296.0;1.0;52.5;48.15825;11.54515;515.2;NaN;35.7;4.7;229.3;10 / 19;697921;2018-11-09 17:49:15:970
-2.767;3.189;9.902;295.0;1.0;54.54;48.15825;11.54515;515.2;NaN;35.7;4.7;229.3;10 / 19;698021;2018-11-09 17:49:16:070
-2.767;3.16;9.874;296.0;1.0;54.54;48.15819;11.54505;515.2;NaN;34.9;4.7;229.6;10 / 19;698121;2018-11-09 17:49:16:170
-2.806;3.189;9.749;299.0;1.0;54.54;48.15819;11.54505;515.2;NaN;34.9;4.7;229.6;10 / 19;698221;2018-11-09 17:49:16:270
-2.882;2.901;10.132;294.0;1.0;54.54;48.15819;11.54505;515.2;NaN;34.9;4.7;229.6;10 / 19;698322;2018-11-09 17:49:16:371
-2.767;3.304;9.73;300.0;1.0;53.39;48.15819;11.54505;515.2;NaN;34.9;4.7;229.6;10 / 19;698422;2018-11-09 17:49:16:471
-3.553;2.672;10.429;293.0;1.0;53.39;48.15819;11.54505;515.2;NaN;34.9;4.7;229.6;10 / 19;698521;2018-11-09 17:49:16:570
-2.882;3.39;9.883;292.0;1.0;53.39;48.15819;11.54505;515.2;NaN;34.9;4.7;229.6;10 / 19;698622;2018-11-09 17:49:16:671
-3.016;3.102;9.941;304.0;1.0;55.63;48.15819;11.54505;515.2;NaN;34.9;4.7;229.6;10 / 19;698722;2018-11-09 17:49:16:771
-3.074;3.227;10.496;306.0;1.0;55.63;48.15819;11.54505;515.2;NaN;34.9;4.7;229.6;10 / 19;698821;2018-11-09 17:49:16:870
-2.863;3.112;9.682;306.0;1.0;55.63;48.15819;11.54505;515.2;NaN;34.9;4.7;229.6;10 / 19;698922;2018-11-09 17:49:16:971
-3.17;3.15;10.103;310.0;1.0;55.31;48.15819;11.54505;515.2;NaN;34.9;4.7;229.6;10 / 19;699022;2018-11-09 17:49:17:071
-3.284;2.873;10.247;313.0;1.0;55.31;48.15819;11.54505;515.2;NaN;34.9;4.7;229.6;10 / 19;699122;2018-11-09 17:49:17:171
-3.035;3.332;10.017;322.0;1.0;55.31;48.15813;11.54494;515.2;NaN;34.9;4.7;231.0;10 / 19;699221;2018-11-09 17:49:17:270
-2.643;3.581;9.941;289.0;1.0;55.46;48.15813;11.54494;515.2;NaN;34.9;4.7;231.0;10 / 19;699321;2018-11-09 17:49:17:370
-3.294;3.217;10.965;277.0;1.0;55.46;48.15813;11.54494;515.2;NaN;34.9;4.7;231.0;10 / 19;699422;2018-11-09 17:49:17:471
-2.183;4.549;9.912;279.0;1.0;55.46;48.15813;11.54494;515.2;NaN;34.9;4.7;231.0;10 / 19;699522;2018-11-09 17:49:17:571
-2.298;4.367;10.19;282.0;1.0;54.17;48.15813;11.54494;515.2;NaN;34.9;4.7;231.0;10 / 19;699621;2018-11-09 17:49:17:670
-2.892;3.505;9.787;293.0;1.0;54.17;48.15813;11.54494;515.2;NaN;34.9;4.7;231.0;10 / 19;699721;2018-11-09 17:49:17:770
-3.936;2.691;8.15;343.0;1.0;54.17;48.15813;11.54494;515.2;NaN;34.9;4.7;231.0;10 / 19;699822;2018-11-09 17:49:17:871
-2.499;4.702;8.82;342.0;1.0;56.88;48.15813;11.54494;515.2;NaN;34.9;4.7;231.0;10 / 19;699922;2018-11-09 17:49:17:971
-2.921;4.826;10.333;360.0;1.0;56.88;48.15813;11.54494;515.2;NaN;34.9;4.7;231.0;10 / 19;700022;2018-11-09 17:49:18:071
-2.269;5.516;9.778;335.0;1.0;56.88;48.15808;11.54484;515.2;NaN;34.3;4.7;232.2;10 / 19;700121;2018-11-09 17:49:18:170
-2.624;4.635;10.103;331.0;1.0;56.63;48.15808;11.54484;515.2;NaN;34.3;4.7;232.2;10 / 19;700222;2018-11-09 17:49:18:271
-2.662;4.348;8.475;318.0;1.0;56.63;48.15808;11.54484;515.2;NaN;34.3;4.7;232.2;10 / 19;700321;2018-11-09 17:49:18:370
-2.528;4.558;9.701;333.0;1.0;56.63;48.15808;11.54484;515.2;NaN;34.3;4.7;232.2;10 / 19;700422;2018-11-09 17:49:18:471
-1.618;6.004;9.203;324.0;1.0;56.11;48.15808;11.54484;515.2;NaN;34.3;4.7;232.2;10 / 19;700521;2018-11-09 17:49:18:570
-2.011;6.866;8.169;330.0;1.0;56.11;48.15808;11.54484;515.2;NaN;34.3;4.7;232.2;10 / 19;700621;2018-11-09 17:49:18:670
-1.426;6.368;8.044;300.0;1.0;56.11;48.15808;11.54484;515.2;NaN;34.3;4.7;232.2;10 / 19;700721;2018-11-09 17:49:18:770
-1.225;6.416;8.887;309.0;1.0;56.5;48.15808;11.54484;515.2;NaN;34.3;4.7;232.2;10 / 19;700821;2018-11-09 17:49:18:870
-2.308;5.956;8.696;302.0;1.0;56.5;48.15808;11.54484;515.2;NaN;34.3;4.7;232.2;10 / 19;700921;2018-11-09 17:49:18:970
-2.518;5.391;8.801;307.0;1.0;56.5;48.15808;11.54484;515.2;NaN;34.3;4.7;232.2;10 / 19;701021;2018-11-09 17:49:19:070
-2.413;5.257;8.561;309.0;1.0;55.69;48.15802;11.54473;515.3;NaN;35.4;4.8;233.1;10 / 19;701122;2018-11-09 17:49:19:171
-1.972;5.449;8.312;310.0;1.0;55.69;48.15802;11.54473;515.3;NaN;35.4;4.8;233.1;10 / 19;701222;2018-11-09 17:49:19:271
-1.072;6.177;8.906;311.0;1.0;55.69;48.15802;11.54473;515.3;NaN;35.4;4.8;233.1;10 / 19;701322;2018-11-09 17:49:19:371
-1.015;6.33;8.494;301.0;1.0;55.33;48.15802;11.54473;515.3;NaN;35.4;4.8;233.1;10 / 19;701421;2018-11-09 17:49:19:470
-0.948;6.205;9.366;319.0;1.0;55.33;48.15802;11.54473;515.3;NaN;35.4;4.8;233.1;10 / 19;701522;2018-11-09 17:49:19:571
-1.685;5.976;8.198;335.0;1.0;55.33;48.15802;11.54473;515.3;NaN;35.4;4.8;233.1;10 / 19;701622;2018-11-09 17:49:19:671
-1.925;5.861;9.318;331.0;1.0;55.67;48.15802;11.54473;515.3;NaN;35.4;4.8;233.1;10 / 19;701721;2018-11-09 17:49:19:770
-1.254;6.196;9.308;338.0;1.0;55.67;48.15802;11.54473;515.3;NaN;35.4;4.8;233.1;10 / 19;701822;2018-11-09 17:49:19:871
-1.417;5.889;8.15;330.0;1.0;55.67;48.15802;11.54473;515.3;NaN;35.4;4.8;233.1;10 / 19;701922;2018-11-09 17:49:19:971
-1.656;5.602;8.523;307.0;1.0;56.38;48.15802;11.54473;515.3;NaN;35.4;4.8;233.1;10 / 19;702022;2018-11-09 17:49:20:071
-1.656;5.181;8.504;334.0;1.0;56.38;48.15797;11.54462;515.3;NaN;35.7;4.8;234.3;10 / 19;702122;2018-11-09 17:49:20:171
-1.34;5.277;8.427;319.0;1.0;56.38;48.15797;11.54462;515.3;NaN;35.7;4.8;234.3;10 / 19;702222;2018-11-09 17:49:20:271
-0.9;5.813;10.755;305.0;1.0;54.0;48.15797;11.54462;515.3;NaN;35.7;4.8;234.3;10 / 19;702322;2018-11-09 17:49:20:371
-0.565;5.956;9.366;341.0;1.0;54.0;48.15797;11.54462;515.3;NaN;35.7;4.8;234.3;10 / 19;702421;2018-11-09 17:49:20:470
-0.842;5.976;9.021;327.0;1.0;54.0;48.15797;11.54462;515.3;NaN;35.7;4.8;234.3;10 / 19;702521;2018-11-09 17:49:20:570
-1.072;5.669;9.203;330.0;1.0;54.3;48.15797;11.54462;515.3;NaN;35.7;4.8;234.3;10 / 19;702621;2018-11-09 17:49:20:670
-1.503;5.353;8.925;330.0;1.0;54.3;48.15797;11.54462;515.3;NaN;35.7;4.8;234.3;10 / 19;702721;2018-11-09 17:49:20:770
-1.245;5.267;9.347;321.0;1.0;54.3;48.15797;11.54462;515.3;NaN;35.7;4.8;234.3;10 / 19;702821;2018-11-09 17:49:20:870
-1.158;5.085;8.925;306.0;1.0;51.17;48.15797;11.54462;515.3;NaN;35.7;4.8;234.3;10 / 19;702921;2018-11-09 17:49:20:970
-1.532;4.836;9.5;333.0;1.0;51.17;48.15797;11.54462;515.3;NaN;35.7;4.8;234.3;10 / 19;703021;2018-11-09 17:49:21:070
-1.877;5.267;9.921;301.0;1.0;51.17;48.15792;11.54451;515.3;NaN;35.7;4.9;236.9;10 / 19;703121;2018-11-09 17:49:21:170
-1.379;5.219;9.184;292.0;1.0;51.72;48.15792;11.54451;515.3;NaN;35.7;4.9;236.9;10 / 19;703222;2018-11-09 17:49:21:271
-1.714;5.095;9.452;298.0;1.0;51.72;48.15792;11.54451;515.3;NaN;35.7;4.9;236.9;10 / 19;703322;2018-11-09 17:49:21:371
-1.503;5.545;8.724;300.0;1.0;51.72;48.15792;11.54451;515.3;NaN;35.7;4.9;236.9;10 / 19;703422;2018-11-09 17:49:21:471
-2.116;4.989;9.73;302.0;1.0;53.09;48.15792;11.54451;515.3;NaN;35.7;4.9;236.9;10 / 19;703522;2018-11-09 17:49:21:571
-1.896;5.133;9.299;290.0;1.0;53.09;48.15792;11.54451;515.3;NaN;35.7;4.9;236.9;10 / 19;703622;2018-11-09 17:49:21:671
-1.733;5.066;9.203;286.0;1.0;53.09;48.15792;11.54451;515.3;NaN;35.7;4.9;236.9;10 / 19;703722;2018-11-09 17:49:21:771
-1.331;5.554;9.366;285.0;1.0;52.79;48.15792;11.54451;515.3;NaN;35.7;4.9;236.9;10 / 19;703822;2018-11-09 17:49:21:871
-1.503;5.2;10.17;290.0;1.0;52.79;48.15792;11.54451;515.3;NaN;35.7;4.9;236.9;10 / 19;703922;2018-11-09 17:49:21:971
-1.484;5.19;9.328;308.0;1.0;52.79;48.15792;11.54451;515.3;NaN;35.7;4.9;236.9;10 / 19;704022;2018-11-09 17:49:22:071
-1.34;5.391;9.241;292.0;1.0;51.85;48.15787;11.5444;515.4;NaN;36.7;4.9;238.4;10 / 19;704123;2018-11-09 17:49:22:172
-1.206;5.707;9.127;279.0;1.0;51.85;48.15787;11.5444;515.4;NaN;36.7;4.9;238.4;10 / 19;704222;2018-11-09 17:49:22:271
-1.455;6.033;9.5;274.0;1.0;51.85;48.15787;11.5444;515.4;NaN;36.7;4.9;238.4;10 / 19;704321;2018-11-09 17:49:22:370
-0.699;6.426;9.174;278.0;1.0;52.18;48.15787;11.5444;515.4;NaN;36.7;4.9;238.4;10 / 19;704422;2018-11-09 17:49:22:471
-1.407;5.564;8.945;266.0;1.0;52.18;48.15787;11.5444;515.4;NaN;36.7;4.9;238.4;10 / 19;704521;2018-11-09 17:49:22:570
-1.168;5.803;8.964;293.0;1.0;52.18;48.15787;11.5444;515.4;NaN;36.7;4.9;238.4;10 / 19;704621;2018-11-09 17:49:22:670
-1.388;5.621;8.504;287.0;1.0;52.63;48.15787;11.5444;515.4;NaN;36.7;4.9;238.4;10 / 19;704721;2018-11-09 17:49:22:770
-1.388;5.995;8.734;293.0;1.0;52.63;48.15787;11.5444;515.4;NaN;36.7;4.9;238.4;10 / 19;704822;2018-11-09 17:49:22:871
-1.781;6.119;8.255;300.0;1.0;52.63;48.15787;11.5444;515.4;NaN;36.7;4.9;238.4;10 / 19;704922;2018-11-09 17:49:22:971
-1.312;6.119;8.494;287.0;1.0;52.4;48.15787;11.5444;515.4;NaN;36.7;4.9;238.4;10 / 19;705022;2018-11-09 17:49:23:071
-1.254;6.301;8.284;290.0;1.0;52.4;48.15782;11.54428;515.6;NaN;38.7;5.0;240.2;10 / 19;705122;2018-11-09 17:49:23:171
-1.436;6.119;8.686;297.0;1.0;52.4;48.15782;11.54428;515.6;NaN;38.7;5.0;240.2;10 / 19;705222;2018-11-09 17:49:23:271
-0.996;6.33;8.676;293.0;1.0;53.35;48.15782;11.54428;515.6;NaN;38.7;5.0;240.2;10 / 19;705322;2018-11-09 17:49:23:371
-0.44;6.311;9.031;296.0;1.0;53.35;48.15782;11.54428;515.6;NaN;38.7;5.0;240.2;10 / 19;705423;2018-11-09 17:49:23:472
-0.411;6.416;9.213;298.0;1.0;53.35;48.15782;11.54428;515.6;NaN;38.7;5.0;240.2;10 / 19;705522;2018-11-09 17:49:23:571
-0.354;6.292;9.356;301.0;1.0;55.3;48.15782;11.54428;515.6;NaN;38.7;5.0;240.2;10 / 19;705622;2018-11-09 17:49:23:671
0.172;5.985;7.767;310.0;1.0;55.3;48.15782;11.54428;515.6;NaN;38.7;5.0;240.2;10 / 19;705722;2018-11-09 17:49:23:771
-1.283;5.909;7.901;316.0;1.0;55.3;48.15782;11.54428;515.6;NaN;38.7;5.0;240.2;10 / 19;705822;2018-11-09 17:49:23:871
-1.599;5.64;8.514;315.0;1.0;51.31;48.15782;11.54428;515.6;NaN;38.7;5.0;240.2;10 / 19;705922;2018-11-09 17:49:23:971
-1.81;5.736;7.747;372.0;1.0;51.31;48.15782;11.54428;515.6;NaN;38.7;5.0;240.2;10 / 19;706021;2018-11-09 17:49:24:070
-2.106;5.803;8.561;388.0;1.0;51.31;48.15778;11.54416;515.4;NaN;39.6;5.0;244.0;10 / 19;706122;2018-11-09 17:49:24:171
-1.168;5.746;11.444;359.0;1.0;51.2;48.15778;11.54416;515.4;NaN;39.6;5.0;244.0;10 / 19;706221;2018-11-09 17:49:24:270
0.45;5.487;9.031;382.0;1.0;51.2;48.15778;11.54416;515.4;NaN;39.6;5.0;244.0;10 / 19;706321;2018-11-09 17:49:24:370
-1.082;4.357;11.358;380.0;1.0;51.2;48.15778;11.54416;515.4;NaN;39.6;5.0;244.0;10 / 19;706422;2018-11-09 17:49:24:471
-0.794;4.884;9.826;378.0;1.0;51.92;48.15778;11.54416;515.4;NaN;39.6;5.0;244.0;10 / 19;706522;2018-11-09 17:49:24:571
-0.833;5.075;10.85;329.0;1.0;51.92;48.15778;11.54416;515.4;NaN;39.6;5.0;244.0;10 / 19;706622;2018-11-09 17:49:24:671
0.249;4.96;8.178;170.0;1.0;51.92;48.15778;11.54416;515.4;NaN;39.6;5.0;244.0;10 / 19;706722;2018-11-09 17:49:24:771
0.871;4.194;9.768;127.0;1.0;50.61;48.15778;11.54416;515.4;NaN;39.6;5.0;244.0;10 / 19;706822;2018-11-09 17:49:24:871
1.245;5.554;8.906;137.0;1.0;50.61;48.15778;11.54416;515.4;NaN;39.6;5.0;244.0;10 / 19;706921;2018-11-09 17:49:24:970
1.647;4.51;10.822;128.0;1.0;50.61;48.15778;11.54416;515.4;NaN;39.6;5.0;244.0;10 / 19;707021;2018-11-09 17:49:25:070
0.89;4.089;9.376;130.0;1.0;52.17;48.15774;11.54404;515.1;NaN;39.6;5.0;246.0;10 / 19;707121;2018-11-09 17:49:25:170
-2.221;5.344;9.289;125.0;1.0;52.17;48.15774;11.54404;515.1;NaN;39.6;5.0;246.0;10 / 19;707221;2018-11-09 17:49:25:270
-0.957;5.985;10.917;101.0;1.0;52.17;48.15774;11.54404;515.1;NaN;39.6;5.0;246.0;10 / 19;707321;2018-11-09 17:49:25:370
-0.249;5.487;10.19;119.0;1.0;51.93;48.15774;11.54404;515.1;NaN;39.6;5.0;246.0;10 / 19;707422;2018-11-09 17:49:25:471
-0.833;5.928;9.031;171.0;1.0;51.93;48.15774;11.54404;515.1;NaN;39.6;5.0;246.0;10 / 19;707522;2018-11-09 17:49:25:571
0.641;5.439;7.968;309.0;1.0;51.93;48.15774;11.54404;515.1;NaN;39.6;5.0;246.0;10 / 19;707622;2018-11-09 17:49:25:671
-0.555;5.411;9.385;496.0;1.0;52.06;48.15774;11.54404;515.1;NaN;39.6;5.0;246.0;10 / 19;707721;2018-11-09 17:49:25:770
0.833;5.238;8.686;547.0;1.0;52.06;48.15774;11.54404;515.1;NaN;39.6;5.0;246.0;10 / 19;707822;2018-11-09 17:49:25:871
0.134;5.899;9.021;483.0;1.0;52.06;48.15774;11.54404;515.1;NaN;39.6;5.0;246.0;10 / 19;707922;2018-11-09 17:49:25:971
0.814;6.004;7.814;374.0;1.0;49.87;48.15774;11.54404;515.1;NaN;39.6;5.0;246.0;10 / 19;708022;2018-11-09 17:49:26:071
0.363;5.65;8.303;298.0;1.0;49.87;48.15771;11.54396;514.7;NaN;35.6;5.0;246.1;10 / 19;708121;2018-11-09 17:49:26:170
0.325;6.071;7.824;277.0;1.0;49.87;48.15771;11.54396;514.7;NaN;35.6;5.0;246.1;10 / 19;708221;2018-11-09 17:49:26:270
-0.43;5.899;9.663;302.0;1.0;49.87;48.15771;11.54396;514.7;NaN;35.6;5.0;246.1;10 / 19;708322;2018-11-09 17:49:26:371
1.149;5.612;8.887;303.0;1.0;49.14;48.15771;11.54396;514.7;NaN;35.6;5.0;246.1;10 / 19;708422;2018-11-09 17:49:26:471
1.005;5.315;8.15;317.0;1.0;49.14;48.15771;11.54396;514.7;NaN;35.6;5.0;246.1;10 / 19;708522;2018-11-09 17:49:26:571
0.871;5.229;9.423;329.0;1.0;49.14;48.15771;11.54396;514.7;NaN;35.6;5.0;246.1;10 / 19;708622;2018-11-09 17:49:26:671
1.331;5.746;8.82;327.0;1.0;50.25;48.15771;11.54396;514.7;NaN;35.6;5.0;246.1;10 / 19;708721;2018-11-09 17:49:26:770
0.603;5.047;8.916;334.0;1.0;50.25;48.15771;11.54396;514.7;NaN;35.6;5.0;246.1;10 / 19;708822;2018-11-09 17:49:26:871
0.775;5.42;9.318;333.0;1.0;50.25;48.15771;11.54396;514.7;NaN;35.6;5.0;246.1;10 / 19;708922;2018-11-09 17:49:26:971
1.082;5.669;8.782;319.0;1.0;49.81;48.15771;11.54396;514.7;NaN;35.6;5.0;246.1;10 / 19;709022;2018-11-09 17:49:27:071
0.344;4.405;8.954;346.0;1.0;49.81;48.15767;11.54391;514.1;NaN;30.5;4.9;237.8;10 / 19;709122;2018-11-09 17:49:27:171
-0.44;5.353;8.226;367.0;1.0;49.81;48.15767;11.54391;514.1;NaN;30.5;4.9;237.8;10 / 19;709221;2018-11-09 17:49:27:270
-0.526;5.832;11.128;362.0;1.0;48.94;48.15767;11.54391;514.1;NaN;30.5;4.9;237.8;10 / 19;709321;2018-11-09 17:49:27:370
1.743;6.416;9.931;352.0;1.0;48.94;48.15767;11.54391;514.1;NaN;30.5;4.9;237.8;10 / 19;709421;2018-11-09 17:49:27:470
0.718;4.96;8.878;365.0;1.0;48.94;48.15767;11.54391;514.1;NaN;30.5;4.9;237.8;10 / 19;709521;2018-11-09 17:49:27:570
1.072;5.018;10.305;352.0;1.0;49.09;48.15767;11.54391;514.1;NaN;30.5;4.9;237.8;10 / 19;709622;2018-11-09 17:49:27:671
0.967;4.731;9.577;359.0;1.0;49.09;48.15767;11.54391;514.1;NaN;30.5;4.9;237.8;10 / 19;709722;2018-11-09 17:49:27:771
1.292;5.095;8.035;468.0;1.0;49.09;48.15767;11.54391;514.1;NaN;30.5;4.9;237.8;10 / 19;709822;2018-11-09 17:49:27:871
1.043;5.353;8.734;436.0;1.0;49.28;48.15767;11.54391;514.1;NaN;30.5;4.9;237.8;10 / 19;709922;2018-11-09 17:49:27:971
1.072;5.688;8.102;448.0;1.0;49.28;48.15767;11.54391;514.1;NaN;30.5;4.9;237.8;10 / 19;710022;2018-11-09 17:49:28:071
0.699;5.468;8.696;450.0;1.0;49.28;48.15763;11.54388;513.8;NaN;25.4;4.8;227.7;10 / 19;710122;2018-11-09 17:49:28:171
0.268;5.736;8.801;437.0;1.0;49.52;48.15763;11.54388;513.8;NaN;25.4;4.8;227.7;10 / 19;710222;2018-11-09 17:49:28:271
0.517;5.842;8.351;441.0;1.0;49.52;48.15763;11.54388;513.8;NaN;25.4;4.8;227.7;10 / 19;710322;2018-11-09 17:49:28:371
0.622;5.765;8.427;454.0;1.0;49.52;48.15763;11.54388;513.8;NaN;25.4;4.8;227.7;10 / 19;710422;2018-11-09 17:49:28:471
1.015;5.631;8.964;439.0;1.0;49.14;48.15763;11.54388;513.8;NaN;25.4;4.8;227.7;10 / 19;710522;2018-11-09 17:49:28:571
1.139;4.51;9.49;441.0;1.0;49.14;48.15763;11.54388;513.8;NaN;25.4;4.8;227.7;10 / 19;710622;2018-11-09 17:49:28:671
1.436;5.679;8.523;462.0;1.0;49.14;48.15763;11.54388;513.8;NaN;25.4;4.8;227.7;10 / 19;710721;2018-11-09 17:49:28:770
1.369;5.707;7.977;476.0;1.0;47.47;48.15763;11.54388;513.8;NaN;25.4;4.8;227.7;10 / 19;710822;2018-11-09 17:49:28:871
0.392;5.075;9.414;503.0;1.0;47.47;48.15763;11.54388;513.8;NaN;25.4;4.8;227.7;10 / 19;710922;2018-11-09 17:49:28:971
0.076;5.344;9.05;498.0;1.0;47.47;48.15763;11.54388;513.8;NaN;25.4;4.8;227.7;10 / 19;711022;2018-11-09 17:49:29:071
0.555;5.133;8.667;468.0;1.0;45.65;48.15759;11.54386;513.4;NaN;21.4;4.7;223.6;10 / 19;711122;2018-11-09 17:49:29:171
1.312;4.75;9.739;362.0;1.0;45.65;48.15759;11.54386;513.4;NaN;21.4;4.7;223.6;10 / 19;711222;2018-11-09 17:49:29:271
0.488;4.529;10.946;249.0;1.0;45.65;48.15759;11.54386;513.4;NaN;21.4;4.7;223.6;10 / 19;711321;2018-11-09 17:49:29:370
0.086;4.213;9.787;146.0;1.0;48.33;48.15759;11.54386;513.4;NaN;21.4;4.7;223.6;10 / 19;711422;2018-11-09 17:49:29:471
0.249;4.108;9.807;152.0;1.0;48.33;48.15759;11.54386;513.4;NaN;21.4;4.7;223.6;10 / 19;711521;2018-11-09 17:49:29:570
0.909;4.175;10.735;140.0;1.0;48.33;48.15759;11.54386;513.4;NaN;21.4;4.7;223.6;10 / 19;711621;2018-11-09 17:49:29:670
0.9;3.926;10.209;139.0;1.0;48.2;48.15759;11.54386;513.4;NaN;21.4;4.7;223.6;10 / 19;711721;2018-11-09 17:49:29:770
0.45;4.07;10.841;132.0;1.0;48.2;48.15759;11.54386;513.4;NaN;21.4;4.7;223.6;10 / 19;711821;2018-11-09 17:49:29:870
0.948;3.064;12.89;139.0;1.0;48.2;48.15759;11.54386;513.4;NaN;21.4;4.7;223.6;10 / 19;711927;2018-11-09 17:49:29:976
0.948;2.882;9.701;115.0;1.0;44.91;48.15759;11.54386;513.4;NaN;21.4;4.7;223.6;10 / 19;712021;2018-11-09 17:49:30:070
0.699;3.246;10.008;109.0;1.0;44.91;48.15759;11.54386;513.4;NaN;21.4;4.7;223.6;10 / 19;712122;2018-11-09 17:49:30:171
0.363;2.614;10.803;115.0;1.0;44.91;48.15757;11.54382;513.1;NaN;18.0;4.7;221.9;10 / 19;712222;2018-11-09 17:49:30:271
0.545;3.093;11.301;96.0;1.0;44.89;48.15757;11.54382;513.1;NaN;18.0;4.7;221.9;10 / 19;712322;2018-11-09 17:49:30:371
0.986;3.639;10.927;102.0;1.0;44.89;48.15757;11.54382;513.1;NaN;18.0;4.7;221.9;10 / 19;712422;2018-11-09 17:49:30:471
1.015;3.706;10.132;113.0;1.0;44.89;48.15757;11.54382;513.1;NaN;18.0;4.7;221.9;10 / 19;712522;2018-11-09 17:49:30:571
0.967;3.696;10.056;122.0;1.0;48.12;48.15757;11.54382;513.1;NaN;18.0;4.7;221.9;10 / 19;712622;2018-11-09 17:49:30:671
0.89;3.687;10.429;108.0;1.0;48.12;48.15757;11.54382;513.1;NaN;18.0;4.7;221.9;10 / 19;712722;2018-11-09 17:49:30:771
1.762;3.945;11.483;114.0;1.0;48.12;48.15757;11.54382;513.1;NaN;18.0;4.7;221.9;10 / 19;712821;2018-11-09 17:49:30:870
1.063;3.668;10.266;111.0;1.0;45.24;48.15757;11.54382;513.1;NaN;18.0;4.7;221.9;10 / 19;712921;2018-11-09 17:49:30:970
0.881;3.035;9.653;124.0;1.0;45.24;48.15757;11.54382;513.1;NaN;18.0;4.7;221.9;10 / 19;713022;2018-11-09 17:49:31:071
0.814;2.988;11.099;114.0;1.0;45.24;48.15757;11.54382;513.1;NaN;18.0;4.7;221.9;10 / 19;713122;2018-11-09 17:49:31:171
1.082;2.988;9.826;112.0;1.0;46.31;48.15754;11.54379;513.1;NaN;15.6;4.8;219.7;10 / 19;713221;2018-11-09 17:49:31:270
1.149;2.873;10.458;118.0;1.0;46.31;48.15754;11.54379;513.1;NaN;15.6;4.8;219.7;10 / 19;713321;2018-11-09 17:49:31:370
1.139;3.093;10.352;124.0;1.0;46.31;48.15754;11.54379;513.1;NaN;15.6;4.8;219.7;10 / 19;713423;2018-11-09 17:49:31:472
0.651;3.447;10.927;128.0;1.0;47.93;48.15754;11.54379;513.1;NaN;15.6;4.8;219.7;10 / 19;713521;2018-11-09 17:49:31:570
-0.239;4.415;9.787;130.0;1.0;47.93;48.15754;11.54379;513.1;NaN;15.6;4.8;219.7;10 / 19;713621;2018-11-09 17:49:31:670
-0.239;4.529;10.285;117.0;1.0;47.93;48.15754;11.54379;513.1;NaN;15.6;4.8;219.7;10 / 19;713722;2018-11-09 17:49:31:771
0.469;4.338;10.486;118.0;1.0;49.49;48.15754;11.54379;513.1;NaN;15.6;4.8;219.7;10 / 19;713822;2018-11-09 17:49:31:871
0.9;4.213;10.017;112.0;1.0;49.49;48.15754;11.54379;513.1;NaN;15.6;4.8;219.7;10 / 19;713921;2018-11-09 17:49:31:970
1.474;4.539;8.437;122.0;1.0;49.49;48.15754;11.54379;513.1;NaN;15.6;4.8;219.7;10 / 19;714021;2018-11-09 17:49:32:070
1.053;4.309;9.577;115.0;1.0;44.69;48.15752;11.54376;512.8;NaN;13.2;4.8;218.8;10 / 19;714121;2018-11-09 17:49:32:170
2.087;5.42;10.19;106.0;1.0;44.69;48.15752;11.54376;512.8;NaN;13.2;4.8;218.8;10 / 19;714221;2018-11-09 17:49:32:270
2.116;5.506;8.753;106.0;1.0;44.69;48.15752;11.54376;512.8;NaN;13.2;4.8;218.8;10 / 19;714321;2018-11-09 17:49:32:370
1.484;4.788;9.232;106.0;1.0;47.9;48.15752;11.54376;512.8;NaN;13.2;4.8;218.8;10 / 19;714421;2018-11-09 17:49:32:470
2.02;5.593;8.332;119.0;1.0;47.9;48.15752;11.54376;512.8;NaN;13.2;4.8;218.8;10 / 19;714521;2018-11-09 17:49:32:570
1.752;5.095;9.404;113.0;1.0;47.9;48.15752;11.54376;512.8;NaN;13.2;4.8;218.8;10 / 19;714621;2018-11-09 17:49:32:670
2.059;5.411;8.839;117.0;1.0;43.85;48.15752;11.54376;512.8;NaN;13.2;4.8;218.8;10 / 19;714721;2018-11-09 17:49:32:770
2.154;5.037;9.213;98.0;1.0;43.85;48.15752;11.54376;512.8;NaN;13.2;4.8;218.8;10 / 19;714821;2018-11-09 17:49:32:870
2.432;5.008;9.577;101.0;1.0;43.85;48.15752;11.54376;512.8;NaN;13.2;4.8;218.8;10 / 19;714922;2018-11-09 17:49:32:971
2.174;5.526;9.117;103.0;1.0;54.53;48.15752;11.54376;512.8;NaN;13.2;4.8;218.8;10 / 19;715022;2018-11-09 17:49:33:071
2.039;5.813;8.293;113.0;1.0;54.53;48.1575;11.54374;511.9;NaN;10.0;4.8;219.3;10 / 19;715122;2018-11-09 17:49:33:171
1.963;5.966;8.265;108.0;1.0;54.53;48.1575;11.54374;511.9;NaN;10.0;4.8;219.3;10 / 19;715222;2018-11-09 17:49:33:271
2.164;6.004;8.083;108.0;1.0;45.37;48.1575;11.54374;511.9;NaN;10.0;4.8;219.3;10 / 19;715322;2018-11-09 17:49:33:371
2.078;6.177;8.15;109.0;1.0;45.37;48.1575;11.54374;511.9;NaN;10.0;4.8;219.3;10 / 19;715422;2018-11-09 17:49:33:471
1.551;6.043;7.575;101.0;1.0;45.37;48.1575;11.54374;511.9;NaN;10.0;4.8;219.3;10 / 19;715522;2018-11-09 17:49:33:571
2.001;6.129;9.289;111.0;1.0;48.51;48.1575;11.54374;511.9;NaN;10.0;4.8;219.3;10 / 19;715622;2018-11-09 17:49:33:671
1.599;5.832;9.194;128.0;1.0;48.51;48.1575;11.54374;511.9;NaN;10.0;4.8;219.3;10 / 19;715722;2018-11-09 17:49:33:771
1.522;5.66;8.102;92.0;1.0;48.51;48.1575;11.54374;511.9;NaN;10.0;4.8;219.3;10 / 19;715822;2018-11-09 17:49:33:871
1.972;6.043;8.916;103.0;1.0;46.74;48.1575;11.54374;511.9;NaN;10.0;4.8;219.3;10 / 19;715922;2018-11-09 17:49:33:971
1.819;5.612;8.629;100.0;1.0;46.74;48.1575;11.54374;511.9;NaN;10.0;4.8;219.3;10 / 19;716022;2018-11-09 17:49:34:071
1.608;5.564;8.265;106.0;1.0;46.74;48.15748;11.54372;511.5;NaN;9.0;4.8;225.6;10 / 19;716122;2018-11-09 17:49:34:171
1.455;5.65;8.676;94.0;1.0;45.74;48.15748;11.54372;511.5;NaN;9.0;4.8;225.6;10 / 19;716222;2018-11-09 17:49:34:271
1.426;5.449;9.146;95.0;1.0;45.74;48.15748;11.54372;511.5;NaN;9.0;4.8;225.6;10 / 19;716322;2018-11-09 17:49:34:371
1.513;5.832;8.341;99.0;1.0;45.74;48.15748;11.54372;511.5;NaN;9.0;4.8;225.6;10 / 19;716422;2018-11-09 17:49:34:471
1.723;5.631;9.787;92.0;1.0;46.96;48.15748;11.54372;511.5;NaN;9.0;4.8;225.6;10 / 19;716522;2018-11-09 17:49:34:571
0.574;5.152;9.28;94.0;1.0;46.96;48.15748;11.54372;511.5;NaN;9.0;4.8;225.6;10 / 19;716622;2018-11-09 17:49:34:671
0.354;5.717;8.284;115.0;1.0;46.96;48.15748;11.54372;511.5;NaN;9.0;4.8;225.6;10 / 19;716722;2018-11-09 17:49:34:771
-1.024;5.612;8.964;131.0;1.0;51.72;48.15748;11.54372;511.5;NaN;9.0;4.8;225.6;10 / 19;716822;2018-11-09 17:49:34:871
0.421;6.177;7.326;194.0;1.0;51.72;48.15748;11.54372;511.5;NaN;9.0;4.8;225.6;10 / 19;716922;2018-11-09 17:49:34:971
-0.957;6.263;8.676;259.0;1.0;51.72;48.15748;11.54372;511.5;NaN;9.0;4.8;225.6;10 / 19;717022;2018-11-09 17:49:35:071
-0.727;6.378;8.858;309.0;1.0;49.11;48.15747;11.54371;510.6;NaN;6.4;4.7;237.5;10 / 19;717122;2018-11-09 17:49:35:171
-0.306;6.349;8.389;345.0;1.0;49.11;48.15747;11.54371;510.6;NaN;6.4;4.7;237.5;10 / 19;717221;2018-11-09 17:49:35:270
-0.325;6.617;8.992;317.0;1.0;49.11;48.15747;11.54371;510.6;NaN;6.4;4.7;237.5;10 / 19;717321;2018-11-09 17:49:35:370
-0.737;6.301;8.456;341.0;1.0;50.47;48.15747;11.54371;510.6;NaN;6.4;4.7;237.5;10 / 19;717422;2018-11-09 17:49:35:471
-1.312;5.803;8.437;359.0;1.0;50.47;48.15747;11.54371;510.6;NaN;6.4;4.7;237.5;10 / 19;717522;2018-11-09 17:49:35:571
-0.67;6.426;8.839;379.0;1.0;50.47;48.15747;11.54371;510.6;NaN;6.4;4.7;237.5;10 / 19;717622;2018-11-09 17:49:35:671
-0.593;6.569;8.916;388.0;1.0;48.94;48.15747;11.54371;510.6;NaN;6.4;4.7;237.5;10 / 19;717722;2018-11-09 17:49:35:771
-0.919;6.368;8.198;386.0;1.0;48.94;48.15747;11.54371;510.6;NaN;6.4;4.7;237.5;10 / 19;717821;2018-11-09 17:49:35:870
-0.747;6.838;9.127;424.0;1.0;48.94;48.15747;11.54371;510.6;NaN;6.4;4.7;237.5;10 / 19;717921;2018-11-09 17:49:35:970
-0.881;6.656;7.939;410.0;1.0;44.91;48.15747;11.54371;510.6;NaN;6.4;4.7;237.5;10 / 19;718021;2018-11-09 17:49:36:070
-1.513;6.435;7.996;471.0;1.0;44.91;48.15747;11.54372;510.2;NaN;0.0;4.6;237.5;10 / 19;718122;2018-11-09 17:49:36:171
-1.369;6.512;8.399;490.0;1.0;44.91;48.15747;11.54372;510.2;NaN;0.0;4.6;237.5;10 / 19;718221;2018-11-09 17:49:36:270
-1.101;6.665;8.696;483.0;1.0;44.91;48.15747;11.54372;510.2;NaN;0.0;4.6;237.5;10 / 19;718321;2018-11-09 17:49:36:370
-1.024;6.742;8.274;485.0;1.0;41.72;48.15747;11.54372;510.2;NaN;0.0;4.6;237.5;10 / 19;718421;2018-11-09 17:49:36:470
-0.976;6.742;8.561;479.0;1.0;41.72;48.15747;11.54372;510.2;NaN;0.0;4.6;237.5;10 / 19;718522;2018-11-09 17:49:36:571
-1.043;6.665;8.236;450.0;1.0;41.72;48.15747;11.54372;510.2;NaN;0.0;4.6;237.5;10 / 19;718622;2018-11-09 17:49:36:671
-0.967;6.665;8.552;445.0;1.0;46.25;48.15747;11.54372;510.2;NaN;0.0;4.6;237.5;10 / 19;718722;2018-11-09 17:49:36:771
-0.89;6.761;8.485;442.0;1.0;46.25;48.15747;11.54372;510.2;NaN;0.0;4.6;237.5;10 / 19;718822;2018-11-09 17:49:36:871
-0.766;6.885;8.466;452.0;1.0;46.25;48.15747;11.54372;510.2;NaN;0.0;4.6;237.5;10 / 19;718921;2018-11-09 17:49:36:970
-0.632;6.885;8.38;437.0;1.0;41.16;48.15747;11.54372;510.2;NaN;0.0;4.6;237.5;10 / 19;719021;2018-11-09 17:49:37:070
-0.641;6.828;8.581;421.0;1.0;41.16;48.15747;11.54372;510.2;NaN;0.0;4.6;237.5;10 / 19;719121;2018-11-09 17:49:37:170
-0.852;6.723;8.571;429.0;1.0;41.16;48.15748;11.54371;509.8;NaN;0.0;4.5;237.5;10 / 19;719221;2018-11-09 17:49:37:270
-0.823;6.847;8.408;439.0;1.0;44.85;48.15748;11.54371;509.8;NaN;0.0;4.5;237.5;10 / 19;719321;2018-11-09 17:49:37:370
-0.756;6.761;8.399;436.0;1.0;44.85;48.15748;11.54371;509.8;NaN;0.0;4.5;237.5;10 / 19;719421;2018-11-09 17:49:37:470
-0.794;6.799;8.399;440.0;1.0;44.85;48.15748;11.54371;509.8;NaN;0.0;4.5;237.5;10 / 19;719521;2018-11-09 17:49:37:570
-0.747;6.723;8.437;442.0;1.0;41.49;48.15748;11.54371;509.8;NaN;0.0;4.5;237.5;10 / 19;719621;2018-11-09 17:49:37:670
-0.747;6.866;8.542;431.0;1.0;41.49;48.15748;11.54371;509.8;NaN;0.0;4.5;237.5;10 / 19;719722;2018-11-09 17:49:37:771
-0.852;6.684;8.542;440.0;1.0;41.49;48.15748;11.54371;509.8;NaN;0.0;4.5;237.5;10 / 19;719822;2018-11-09 17:49:37:871
-0.766;6.751;8.552;437.0;1.0;46.0;48.15748;11.54371;509.8;NaN;0.0;4.5;237.5;10 / 19;719922;2018-11-09 17:49:37:971
-0.679;6.79;8.399;427.0;1.0;46.0;48.15748;11.54371;509.8;NaN;0.0;4.5;237.5;10 / 19;720022;2018-11-09 17:49:38:071
-0.727;6.771;8.571;445.0;1.0;46.0;48.15748;11.54371;509.4;NaN;0.0;4.4;237.5;10 / 19;720122;2018-11-09 17:49:38:171
-0.928;6.656;8.514;459.0;1.0;42.8;48.15748;11.54371;509.4;NaN;0.0;4.4;237.5;10 / 19;720222;2018-11-09 17:49:38:271
-0.871;6.723;8.6;451.0;1.0;42.8;48.15748;11.54371;509.4;NaN;0.0;4.4;237.5;10 / 19;720322;2018-11-09 17:49:38:371
-0.718;6.905;8.523;454.0;1.0;42.8;48.15748;11.54371;509.4;NaN;0.0;4.4;237.5;10 / 19;720422;2018-11-09 17:49:38:471
-0.794;6.866;8.418;468.0;1.0;42.17;48.15748;11.54371;509.4;NaN;0.0;4.4;237.5;10 / 19;720522;2018-11-09 17:49:38:571
-0.852;6.761;8.303;462.0;1.0;42.17;48.15748;11.54371;509.4;NaN;0.0;4.4;237.5;10 / 19;720622;2018-11-09 17:49:38:671
-0.785;6.751;8.609;470.0;1.0;42.17;48.15748;11.54371;509.4;NaN;0.0;4.4;237.5;10 / 19;720722;2018-11-09 17:49:38:771
-0.747;6.838;8.514;483.0;1.0;49.44;48.15748;11.54371;509.4;NaN;0.0;4.4;237.5;10 / 19;720822;2018-11-09 17:49:38:871
-0.948;6.761;8.38;480.0;1.0;49.44;48.15748;11.54371;509.4;NaN;0.0;4.4;237.5;10 / 19;720921;2018-11-09 17:49:38:970
-0.641;7.039;8.408;475.0;1.0;49.44;48.15748;11.54371;509.4;NaN;0.0;4.4;237.5;10 / 19;721021;2018-11-09 17:49:39:070
-0.804;6.838;8.523;461.0;1.0;41.73;48.15748;11.54371;509.4;NaN;0.0;4.4;237.5;10 / 19;721122;2018-11-09 17:49:39:171
-0.756;6.914;8.542;452.0;1.0;41.73;48.15748;11.54371;509.4;NaN;0.0;4.4;237.5;10 / 19;721222;2018-11-09 17:49:39:271
-0.584;6.876;8.332;425.0;1.0;41.73;48.15748;11.54371;509.4;NaN;0.0;4.4;237.5;10 / 19;721322;2018-11-09 17:49:39:371
-0.689;6.991;8.418;417.0;1.0;43.75;48.15748;11.54371;509.4;NaN;0.0;4.4;237.5;10 / 19;721421;2018-11-09 17:49:39:470
-0.651;6.914;8.418;423.0;1.0;43.75;48.15748;11.54371;509.4;NaN;0.0;4.4;237.5;10 / 19;721521;2018-11-09 17:49:39:570
-0.651;6.895;8.293;430.0;1.0;43.75;48.15748;11.54371;509.4;NaN;0.0;4.4;237.5;10 / 19;721621;2018-11-09 17:49:39:670
-0.737;6.933;8.399;424.0;1.0;44.85;48.15748;11.54371;509.4;NaN;0.0;4.4;237.5;10 / 19;721721;2018-11-09 17:49:39:770
-0.641;6.914;8.418;437.0;1.0;44.85;48.15748;11.54371;509.4;NaN;0.0;4.4;237.5;10 / 19;721821;2018-11-09 17:49:39:870
-0.852;6.838;8.226;436.0;1.0;44.85;48.15748;11.54371;509.4;NaN;0.0;4.4;237.5;10 / 19;721921;2018-11-09 17:49:39:970
-0.679;7.029;8.399;434.0;1.0;40.75;48.15748;11.54371;509.4;NaN;0.0;4.4;237.5;10 / 19;722021;2018-11-09 17:49:40:070
-0.747;7.087;8.207;441.0;1.0;40.75;48.15748;11.54371;509.4;NaN;0.0;4.4;237.5;10 / 19;722121;2018-11-09 17:49:40:170
-0.536;7.211;8.178;443.0;1.0;40.75;48.15748;11.54371;509.4;NaN;0.0;4.4;237.5;10 / 19;722221;2018-11-09 17:49:40:270
-0.66;7.115;8.092;427.0;1.0;42.09;48.15748;11.54371;509.4;NaN;0.0;4.4;237.5;10 / 19;722321;2018-11-09 17:49:40:370
-0.689;7.096;8.408;430.0;1.0;42.09;48.15748;11.54371;509.4;NaN;0.0;4.4;237.5;10 / 19;722421;2018-11-09 17:49:40:470
-0.679;7.106;8.303;428.0;1.0;42.09;48.15748;11.54371;509.4;NaN;0.0;4.4;237.5;10 / 19;722521;2018-11-09 17:49:40:570
-0.632;7.182;8.389;435.0;1.0;43.78;48.15748;11.54371;509.4;NaN;0.0;4.4;237.5;10 / 19;722621;2018-11-09 17:49:40:670
-0.852;7.144;8.169;412.0;1.0;43.78;48.15748;11.54371;509.4;NaN;0.0;4.4;237.5;10 / 19;722722;2018-11-09 17:49:40:771
-0.651;7.077;8.427;406.0;1.0;43.78;48.15748;11.54371;509.4;NaN;0.0;4.4;237.5;10 / 19;722822;2018-11-09 17:49:40:871
-1.11;6.799;8.303;414.0;1.0;44.7;48.15748;11.54371;509.4;NaN;0.0;4.4;237.5;10 / 19;722922;2018-11-09 17:49:40:971
-1.101;6.818;8.293;407.0;1.0;44.7;48.15748;11.54371;509.4;NaN;0.0;4.4;237.5;10 / 19;723022;2018-11-09 17:49:41:071
-0.938;6.895;8.207;415.0;1.0;44.7;48.15748;11.54371;509.4;NaN;0.0;4.4;237.5;10 / 19;723122;2018-11-09 17:49:41:171
-0.641;7.077;8.475;405.0;1.0;42.25;48.15748;11.54371;509.4;NaN;0.0;4.4;237.5;9 / 19;723222;2018-11-09 17:49:41:271
-0.651;7.115;8.341;370.0;1.0;42.25;48.15748;11.54371;509.4;NaN;0.0;4.4;237.5;9 / 19;723322;2018-11-09 17:49:41:371
-0.89;7.01;8.389;374.0;1.0;42.25;48.15748;11.54371;509.4;NaN;0.0;4.4;237.5;9 / 19;723422;2018-11-09 17:49:41:471
-0.871;6.962;8.303;358.0;1.0;52.14;48.15748;11.54371;509.4;NaN;0.0;4.4;237.5;9 / 19;723522;2018-11-09 17:49:41:571
-0.756;6.972;8.303;380.0;1.0;52.14;48.15748;11.54371;509.4;NaN;0.0;4.4;237.5;9 / 19;723622;2018-11-09 17:49:41:671
-0.89;6.962;8.322;384.0;1.0;52.14;48.15748;11.54371;509.4;NaN;0.0;4.4;237.5;9 / 19;723722;2018-11-09 17:49:41:771
-0.833;6.972;8.14;378.0;1.0;43.37;48.15748;11.54371;509.4;NaN;0.0;4.4;237.5;9 / 19;723822;2018-11-09 17:49:41:871
-0.622;6.962;8.063;366.0;1.0;43.37;48.15748;11.54371;509.4;NaN;0.0;4.4;237.5;9 / 19;723922;2018-11-09 17:49:41:971
-0.747;7.029;8.447;371.0;1.0;43.37;48.15748;11.54371;509.4;NaN;0.0;4.4;237.5;9 / 19;724022;2018-11-09 17:49:42:071
-0.804;6.933;8.236;372.0;1.0;41.27;48.15748;11.54371;509.4;NaN;0.0;4.4;237.5;9 / 19;724122;2018-11-09 17:49:42:171
-0.641;7.048;8.399;371.0;1.0;41.27;48.15748;11.54371;509.4;NaN;0.0;4.4;237.5;9 / 19;724222;2018-11-09 17:49:42:271
-0.603;7.02;8.303;368.0;1.0;41.27;48.15748;11.54371;509.4;NaN;0.0;4.4;237.5;9 / 19;724322;2018-11-09 17:49:42:371
-0.699;6.933;8.284;342.0;1.0;41.74;48.15748;11.54371;509.4;NaN;0.0;4.4;237.5;9 / 19;724422;2018-11-09 17:49:42:471
-0.775;7.01;8.284;373.0;1.0;41.74;48.15748;11.54371;509.4;NaN;0.0;4.4;237.5;9 / 19;724522;2018-11-09 17:49:42:571
-0.593;6.981;8.188;373.0;1.0;41.74;48.15748;11.54371;509.4;NaN;0.0;4.4;237.5;9 / 19;724622;2018-11-09 17:49:42:671
-0.775;7.01;8.303;362.0;1.0;40.12;48.15748;11.54371;509.4;NaN;0.0;4.4;237.5;9 / 19;724722;2018-11-09 17:49:42:771
-0.66;7.029;8.408;374.0;1.0;40.12;48.15748;11.54371;509.4;NaN;0.0;4.4;237.5;9 / 19;724822;2018-11-09 17:49:42:871
-0.66;6.991;8.293;350.0;1.0;40.12;48.15748;11.54371;509.4;NaN;0.0;4.4;237.5;9 / 19;724922;2018-11-09 17:49:42:971
-0.593;6.885;8.312;355.0;1.0;47.37;48.15748;11.54371;509.4;NaN;0.0;4.4;237.5;9 / 19;725022;2018-11-09 17:49:43:071
-0.43;6.991;8.437;358.0;1.0;47.37;48.15748;11.54371;509.4;NaN;0.0;4.4;237.5;9 / 19;725122;2018-11-09 17:49:43:171
-0.689;7.0;8.178;346.0;1.0;47.37;48.15748;11.54371;509.4;NaN;0.0;4.4;237.5;9 / 19;725222;2018-11-09 17:49:43:271
-1.053;6.656;8.351;389.0;1.0;40.34;48.15748;11.54371;509.4;NaN;0.0;4.4;237.5;9 / 19;725322;2018-11-09 17:49:43:371
-0.871;6.847;8.504;373.0;1.0;40.34;48.15748;11.54371;509.4;NaN;0.0;4.4;237.5;9 / 19;725422;2018-11-09 17:49:43:471
-0.584;7.077;8.255;375.0;1.0;40.34;48.15748;11.54371;509.4;NaN;0.0;4.4;237.5;9 / 19;725522;2018-11-09 17:49:43:571
-0.718;6.962;8.552;365.0;1.0;42.24;48.15748;11.54371;509.4;NaN;0.0;4.4;237.5;9 / 19;725621;2018-11-09 17:49:43:670
-0.871;6.838;8.389;376.0;1.0;42.24;48.15748;11.54371;509.4;NaN;0.0;4.4;237.5;9 / 19;725721;2018-11-09 17:49:43:770
-0.804;6.991;8.303;389.0;1.0;42.24;48.15748;11.54371;509.4;NaN;0.0;4.4;237.5;9 / 19;725821;2018-11-09 17:49:43:870
-0.737;7.067;8.312;379.0;1.0;39.77;48.15748;11.54371;509.4;NaN;0.0;4.4;237.5;9 / 19;725921;2018-11-09 17:49:43:970
-0.833;6.895;8.303;367.0;1.0;39.77;48.15748;11.54371;509.4;NaN;0.0;4.4;237.5;9 / 19;726021;2018-11-09 17:49:44:070
-0.881;6.866;8.427;365.0;1.0;39.77;48.15748;11.54371;509.4;NaN;0.0;4.4;237.5;9 / 19;726122;2018-11-09 17:49:44:171
-0.814;7.0;8.389;393.0;1.0;39.18;48.15748;11.54371;509.4;NaN;0.0;4.4;237.5;9 / 19;726222;2018-11-09 17:49:44:271
-0.833;6.933;8.274;389.0;1.0;39.18;48.15748;11.54371;509.4;NaN;0.0;4.4;237.5;9 / 19;726322;2018-11-09 17:49:44:371
-0.861;6.885;8.332;407.0;1.0;39.18;48.15748;11.54371;509.4;NaN;0.0;4.4;237.5;9 / 19;726421;2018-11-09 17:49:44:470
-0.794;6.933;8.475;387.0;1.0;41.42;48.15748;11.54371;509.4;NaN;0.0;4.4;237.5;9 / 19;726522;2018-11-09 17:49:44:571
-0.785;7.0;8.169;407.0;1.0;41.42;48.15748;11.54371;509.4;NaN;0.0;4.4;237.5;9 / 19;726621;2018-11-09 17:49:44:670
-0.919;6.914;8.466;396.0;1.0;41.42;48.15748;11.54371;509.4;NaN;0.0;4.4;237.5;9 / 19;726721;2018-11-09 17:49:44:770
-0.928;6.838;8.083;392.0;1.0;41.24;48.15748;11.54371;509.4;NaN;0.0;4.4;237.5;9 / 19;726821;2018-11-09 17:49:44:870
-0.833;6.895;8.38;417.0;1.0;41.24;48.15748;11.54371;509.4;NaN;0.0;4.4;237.5;9 / 19;726921;2018-11-09 17:49:44:970
-0.89;6.818;8.303;395.0;1.0;41.24;48.15748;11.54371;509.4;NaN;0.0;4.4;237.5;9 / 19;727021;2018-11-09 17:49:45:070
-0.718;6.895;8.447;412.0;1.0;41.24;48.15748;11.54371;509.4;NaN;0.0;4.4;237.5;9 / 19;727121;2018-11-09 17:49:45:170
-0.67;7.029;8.581;387.0;1.0;40.51;48.15748;11.54371;509.4;NaN;0.0;4.4;237.5;10 / 19;727222;2018-11-09 17:49:45:271
-0.488;6.809;8.466;400.0;1.0;40.51;48.15748;11.54371;509.4;NaN;0.0;4.4;237.5;10 / 19;727322;2018-11-09 17:49:45:371
-0.785;7.115;7.958;388.0;1.0;40.51;48.15748;11.54371;509.4;NaN;0.0;4.4;237.5;10 / 19;727422;2018-11-09 17:49:45:471
-1.197;6.972;8.322;447.0;1.0;41.94;48.15748;11.54371;509.4;NaN;0.0;4.4;237.5;10 / 19;727521;2018-11-09 17:49:45:570
-1.312;6.684;8.207;432.0;1.0;41.94;48.15748;11.54371;509.4;NaN;0.0;4.4;237.5;10 / 19;727621;2018-11-09 17:49:45:670
-0.737;7.01;8.226;428.0;1.0;41.94;48.15748;11.54371;509.4;NaN;0.0;4.4;237.5;10 / 19;727721;2018-11-09 17:49:45:770
-0.526;7.192;8.667;434.0;1.0;39.37;48.15748;11.54371;509.4;NaN;0.0;4.4;237.5;10 / 19;727821;2018-11-09 17:49:45:870
-0.852;6.838;8.207;433.0;1.0;39.37;48.15748;11.54371;509.4;NaN;0.0;4.4;237.5;10 / 19;727921;2018-11-09 17:49:45:970
-0.861;6.924;8.38;430.0;1.0;39.37;48.15748;11.54371;509.4;NaN;0.0;4.4;237.5;10 / 19;728021;2018-11-09 17:49:46:070
-0.785;6.876;8.312;419.0;1.0;39.75;48.15748;11.54371;509.4;NaN;0.0;4.4;237.5;10 / 19;728121;2018-11-09 17:49:46:170
-0.679;7.02;8.437;417.0;1.0;39.75;48.15748;11.54371;509.4;NaN;0.0;4.4;237.5;10 / 19;728222;2018-11-09 17:49:46:271
-0.775;6.991;8.408;403.0;1.0;39.75;48.15748;11.54371;509.4;NaN;0.0;4.4;237.5;10 / 19;728322;2018-11-09 17:49:46:371
-0.775;6.933;8.485;396.0;1.0;39.18;48.15748;11.54371;509.4;NaN;0.0;4.4;237.5;10 / 19;728422;2018-11-09 17:49:46:471
-0.881;6.914;8.389;402.0;1.0;39.18;48.15748;11.54371;509.4;NaN;0.0;4.4;237.5;10 / 19;728522;2018-11-09 17:49:46:571
-0.823;7.0;8.265;391.0;1.0;39.18;48.15748;11.54371;509.4;NaN;0.0;4.4;237.5;10 / 19;728622;2018-11-09 17:49:46:671
-0.823;6.914;8.37;399.0;1.0;38.44;48.15748;11.54371;509.4;NaN;0.0;4.4;237.5;10 / 19;728722;2018-11-09 17:49:46:771
-0.747;7.0;8.494;405.0;1.0;38.44;48.15748;11.54371;509.4;NaN;0.0;4.4;237.5;10 / 19;728822;2018-11-09 17:49:46:871
-0.794;6.972;8.37;408.0;1.0;38.44;48.15748;11.54371;509.4;NaN;0.0;4.4;237.5;10 / 19;728921;2018-11-09 17:49:46:970
-0.852;6.924;8.265;400.0;1.0;44.34;48.15748;11.54371;509.4;NaN;0.0;4.4;237.5;10 / 19;729021;2018-11-09 17:49:47:070
-0.842;6.962;8.341;407.0;1.0;44.34;48.15748;11.54371;509.4;NaN;0.0;4.4;237.5;10 / 19;729122;2018-11-09 17:49:47:171
-0.785;6.838;8.341;392.0;1.0;44.34;48.15748;11.54371;509.4;NaN;0.0;4.4;237.5;10 / 19;729222;2018-11-09 17:49:47:271
-0.747;6.972;8.408;412.0;1.0;42.06;48.15748;11.54371;509.4;NaN;0.0;4.4;237.5;10 / 19;729322;2018-11-09 17:49:47:371
-0.89;6.885;8.37;397.0;1.0;42.06;48.15748;11.54371;509.4;NaN;0.0;4.4;237.5;10 / 19;729422;2018-11-09 17:49:47:471
-0.766;6.972;8.322;419.0;1.0;42.06;48.15748;11.54371;509.4;NaN;0.0;4.4;237.5;10 / 19;729522;2018-11-09 17:49:47:571
-0.833;7.0;8.121;398.0;1.0;43.04;48.15748;11.54371;509.4;NaN;0.0;4.4;237.5;10 / 19;729622;2018-11-09 17:49:47:671
-0.794;6.933;8.38;412.0;1.0;43.04;48.15748;11.54371;509.4;NaN;0.0;4.4;237.5;10 / 19;729721;2018-11-09 17:49:47:770
-0.909;6.866;8.312;405.0;1.0;43.04;48.15748;11.54371;509.4;NaN;0.0;4.4;237.5;10 / 19;729821;2018-11-09 17:49:47:870
-0.718;6.953;8.629;412.0;1.0;48.95;48.15748;11.54371;509.4;NaN;0.0;4.4;237.5;10 / 19;729921;2018-11-09 17:49:47:970
-0.699;6.847;8.418;408.0;1.0;48.95;48.15748;11.54371;509.4;NaN;0.0;4.4;237.5;10 / 19;730022;2018-11-09 17:49:48:071
-0.612;6.962;8.485;394.0;1.0;48.95;48.15754;11.54371;506.0;NaN;0.0;4.0;237.5;10 / 19;730122;2018-11-09 17:49:48:171
-0.756;6.943;8.437;396.0;1.0;44.37;48.15754;11.54371;506.0;NaN;0.0;4.0;237.5;10 / 19;730222;2018-11-09 17:49:48:271
-0.909;6.598;8.255;414.0;1.0;44.37;48.15754;11.54371;506.0;NaN;0.0;4.0;237.5;10 / 19;730322;2018-11-09 17:49:48:371
-0.766;6.675;8.466;426.0;1.0;44.37;48.15754;11.54371;506.0;NaN;0.0;4.0;237.5;10 / 19;730422;2018-11-09 17:49:48:471
-0.402;6.924;8.485;433.0;1.0;46.74;48.15754;11.54371;506.0;NaN;0.0;4.0;237.5;10 / 19;730522;2018-11-09 17:49:48:571
-0.689;6.847;8.466;393.0;1.0;46.74;48.15754;11.54371;506.0;NaN;0.0;4.0;237.5;10 / 19;730622;2018-11-09 17:49:48:671
-0.928;6.713;8.542;377.0;1.0;46.74;48.15754;11.54371;506.0;NaN;0.0;4.0;237.5;10 / 19;730722;2018-11-09 17:49:48:771
-0.612;6.914;8.447;372.0;1.0;45.69;48.15754;11.54371;506.0;NaN;0.0;4.0;237.5;10 / 19;730821;2018-11-09 17:49:48:870
-0.536;7.106;8.686;394.0;1.0;45.69;48.15754;11.54371;506.0;NaN;0.0;4.0;237.5;10 / 19;730921;2018-11-09 17:49:48:970
-1.053;6.589;8.111;372.0;1.0;45.69;48.15754;11.54371;506.0;NaN;0.0;4.0;237.5;10 / 19;731021;2018-11-09 17:49:49:070
-0.928;7.087;8.217;395.0;1.0;48.63;48.15755;11.54369;505.8;NaN;0.0;4.1;237.5;10 / 19;731121;2018-11-09 17:49:49:170
-1.312;7.058;7.996;371.0;1.0;48.63;48.15755;11.54369;505.8;NaN;0.0;4.1;237.5;10 / 19;731222;2018-11-09 17:49:49:271
-1.216;6.742;9.356;358.0;1.0;48.63;48.15755;11.54369;505.8;NaN;0.0;4.1;237.5;11 / 19;731322;2018-11-09 17:49:49:371
-0.067;7.46;8.006;358.0;1.0;47.38;48.15755;11.54369;505.8;NaN;0.0;4.1;237.5;11 / 19;731421;2018-11-09 17:49:49:470
-0.555;6.838;7.738;373.0;1.0;47.38;48.15755;11.54369;505.8;NaN;0.0;4.1;237.5;11 / 19;731521;2018-11-09 17:49:49:570
-1.245;6.866;8.178;386.0;1.0;47.38;48.15755;11.54369;505.8;NaN;0.0;4.1;237.5;11 / 19;731621;2018-11-09 17:49:49:670
-0.421;6.799;9.107;392.0;1.0;43.31;48.15755;11.54369;505.8;NaN;0.0;4.1;237.5;11 / 19;731721;2018-11-09 17:49:49:770
0.986;5.583;8.092;365.0;1.0;43.31;48.15755;11.54369;505.8;NaN;0.0;4.1;237.5;11 / 19;731821;2018-11-09 17:49:49:870
1.072;5.133;8.399;366.0;1.0;43.31;48.15755;11.54369;505.8;NaN;0.0;4.1;237.5;11 / 19;731921;2018-11-09 17:49:49:970
0.708;6.043;7.69;317.0;1.0;53.6;48.15755;11.54369;505.8;NaN;0.0;4.1;237.5;11 / 19;732021;2018-11-09 17:49:50:070
0.277;5.822;9.031;250.0;1.0;53.6;48.15755;11.54367;505.8;NaN;0.0;4.1;237.5;11 / 19;732137;2018-11-09 17:49:50:186
0.948;6.033;8.408;208.0;1.0;53.6;48.15755;11.54367;505.8;NaN;0.0;4.1;237.5;11 / 19;732221;2018-11-09 17:49:50:270
-0.019;5.985;7.939;251.0;1.0;53.88;48.15755;11.54367;505.8;NaN;0.0;4.1;237.5;11 / 19;732321;2018-11-09 17:49:50:370
-0.612;6.933;9.481;275.0;1.0;53.88;48.15755;11.54367;505.8;NaN;0.0;4.1;237.5;11 / 19;732422;2018-11-09 17:49:50:471
-0.143;6.033;8.849;285.0;1.0;53.88;48.15755;11.54367;505.8;NaN;0.0;4.1;237.5;11 / 19;732522;2018-11-09 17:49:50:571
-0.785;6.483;8.322;285.0;1.0;42.13;48.15755;11.54367;505.8;NaN;0.0;4.1;237.5;11 / 19;732622;2018-11-09 17:49:50:671
-0.21;6.043;8.724;249.0;1.0;42.13;48.15755;11.54367;505.8;NaN;0.0;4.1;237.5;11 / 19;732721;2018-11-09 17:49:50:770
0.392;5.573;8.408;242.0;1.0;42.13;48.15755;11.54367;505.8;NaN;0.0;4.1;237.5;11 / 19;732821;2018-11-09 17:49:50:870
0.44;5.803;8.878;214.0;1.0;42.29;48.15755;11.54367;505.8;NaN;0.0;4.1;237.5;11 / 19;732922;2018-11-09 17:49:50:971
0.009;5.966;8.571;193.0;1.0;42.29;48.15755;11.54367;505.8;NaN;0.0;4.1;237.5;11 / 19;733022;2018-11-09 17:49:51:071
-0.009;5.889;8.581;202.0;1.0;42.29;48.15756;11.54367;505.7;NaN;0.0;4.1;237.5;11 / 19;733122;2018-11-09 17:49:51:171
0.229;5.909;8.772;208.0;1.0;46.21;48.15756;11.54367;505.7;NaN;0.0;4.1;237.5;11 / 19;733222;2018-11-09 17:49:51:271
-0.153;6.11;8.705;219.0;1.0;46.21;48.15756;11.54367;505.7;NaN;0.0;4.1;237.5;11 / 19;733323;2018-11-09 17:49:51:372
-0.105;6.407;8.945;233.0;1.0;46.21;48.15756;11.54367;505.7;NaN;0.0;4.1;237.5;11 / 19;733422;2018-11-09 17:49:51:471
0.162;5.928;8.523;224.0;1.0;46.97;48.15756;11.54367;505.7;NaN;0.0;4.1;237.5;11 / 19;733522;2018-11-09 17:49:51:571
0.105;6.014;8.447;201.0;1.0;46.97;48.15756;11.54367;505.7;NaN;0.0;4.1;237.5;11 / 19;733621;2018-11-09 17:49:51:670
0.325;5.621;8.389;185.0;1.0;46.97;48.15756;11.54367;505.7;NaN;0.0;4.1;237.5;11 / 19;733721;2018-11-09 17:49:51:770
0.536;5.516;8.427;205.0;1.0;40.89;48.15756;11.54367;505.7;NaN;0.0;4.1;237.5;11 / 19;733822;2018-11-09 17:49:51:871
0.478;5.229;9.069;224.0;1.0;40.89;48.15756;11.54367;505.7;NaN;0.0;4.1;237.5;11 / 19;733922;2018-11-09 17:49:51:971
0.44;5.631;8.887;217.0;1.0;40.89;48.15756;11.54367;505.7;NaN;0.0;4.1;237.5;11 / 19;734021;2018-11-09 17:49:52:070
0.076;6.024;8.552;220.0;1.0;48.18;48.15756;11.54366;505.7;NaN;0.0;4.1;237.5;11 / 19;734122;2018-11-09 17:49:52:171
0.105;5.976;8.552;202.0;1.0;48.18;48.15756;11.54366;505.7;NaN;0.0;4.1;237.5;11 / 19;734223;2018-11-09 17:49:52:272
-0.105;6.416;8.619;216.0;1.0;48.18;48.15756;11.54366;505.7;NaN;0.0;4.1;237.5;11 / 19;734322;2018-11-09 17:49:52:371
-0.21;6.569;8.494;222.0;1.0;45.84;48.15756;11.54366;505.7;NaN;0.0;4.1;237.5;11 / 19;734422;2018-11-09 17:49:52:471
0.306;5.813;8.667;207.0;1.0;45.84;48.15756;11.54366;505.7;NaN;0.0;4.1;237.5;11 / 19;734522;2018-11-09 17:49:52:571
0.363;5.621;8.782;195.0;1.0;45.84;48.15756;11.54366;505.7;NaN;0.0;4.1;237.5;11 / 19;734622;2018-11-09 17:49:52:671
0.258;5.937;8.571;171.0;1.0;40.17;48.15756;11.54366;505.7;NaN;0.0;4.1;237.5;11 / 19;734721;2018-11-09 17:49:52:770
0.632;5.612;8.619;141.0;1.0;40.17;48.15756;11.54366;505.7;NaN;0.0;4.1;237.5;11 / 19;734821;2018-11-09 17:49:52:870
0.249;5.861;8.504;150.0;1.0;40.17;48.15756;11.54366;505.7;NaN;0.0;4.1;237.5;11 / 19;734921;2018-11-09 17:49:52:970
-0.641;7.604;8.092;161.0;1.0;38.89;48.15756;11.54366;505.7;NaN;0.0;4.1;237.5;11 / 19;735021;2018-11-09 17:49:53:070
-0.861;6.579;7.537;172.0;1.0;38.89;48.15756;11.54368;505.6;NaN;0.0;4.2;237.5;11 / 19;735125;2018-11-09 17:49:53:174
1.053;7.106;7.891;198.0;1.0;38.89;48.15756;11.54368;505.6;NaN;0.0;4.2;237.5;11 / 19;735222;2018-11-09 17:49:53:271
-0.172;6.359;7.585;146.0;1.0;38.89;48.15756;11.54368;505.6;NaN;0.0;4.2;237.5;11 / 19;735322;2018-11-09 17:49:53:371
0.363;7.01;8.303;155.0;1.0;42.25;48.15756;11.54368;505.6;NaN;0.0;4.2;237.5;11 / 19;735422;2018-11-09 17:49:53:471
0.172;6.665;8.121;152.0;1.0;42.25;48.15756;11.54368;505.6;NaN;0.0;4.2;237.5;11 / 19;735522;2018-11-09 17:49:53:571
-0.172;7.441;7.767;135.0;1.0;42.25;48.15756;11.54368;505.6;NaN;0.0;4.2;237.5;11 / 19;735622;2018-11-09 17:49:53:671
-0.258;7.288;8.494;156.0;1.0;45.76;48.15756;11.54368;505.6;NaN;0.0;4.2;237.5;11 / 19;735722;2018-11-09 17:49:53:771
0.316;6.905;8.121;143.0;1.0;45.76;48.15756;11.54368;505.6;NaN;0.0;4.2;237.5;11 / 19;735821;2018-11-09 17:49:53:870
-0.019;6.464;7.747;129.0;1.0;45.76;48.15756;11.54368;505.6;NaN;0.0;4.2;237.5;11 / 19;735922;2018-11-09 17:49:53:971
0.22;6.636;8.293;108.0;1.0;44.46;48.15756;11.54368;505.6;NaN;0.0;4.2;237.5;11 / 19;736022;2018-11-09 17:49:54:071
-0.086;6.818;7.565;114.0;1.0;44.46;48.15755;11.54369;505.7;NaN;0.0;4.2;237.5;11 / 19;736122;2018-11-09 17:49:54:171
0.354;6.579;8.724;110.0;1.0;44.46;48.15755;11.54369;505.7;NaN;0.0;4.2;237.5;11 / 19;736222;2018-11-09 17:49:54:271
0.067;6.397;8.15;123.0;1.0;45.4;48.15755;11.54369;505.7;NaN;0.0;4.2;237.5;11 / 19;736322;2018-11-09 17:49:54:371
0.009;6.589;8.447;107.0;1.0;45.4;48.15755;11.54369;505.7;NaN;0.0;4.2;237.5;11 / 19;736421;2018-11-09 17:49:54:470
-0.028;6.617;8.303;118.0;1.0;45.4;48.15755;11.54369;505.7;NaN;0.0;4.2;237.5;11 / 19;736521;2018-11-09 17:49:54:570
-0.086;6.723;8.15;109.0;1.0;44.17;48.15755;11.54369;505.7;NaN;0.0;4.2;237.5;11 / 19;736621;2018-11-09 17:49:54:670
-0.143;6.522;8.466;124.0;1.0;44.17;48.15755;11.54369;505.7;NaN;0.0;4.2;237.5;11 / 19;736721;2018-11-09 17:49:54:770
0.0;6.617;8.198;110.0;1.0;44.17;48.15755;11.54369;505.7;NaN;0.0;4.2;237.5;11 / 19;736821;2018-11-09 17:49:54:870
-0.019;6.483;8.37;119.0;1.0;47.15;48.15755;11.54369;505.7;NaN;0.0;4.2;237.5;11 / 19;736921;2018-11-09 17:49:54:970
-0.047;6.55;8.437;123.0;1.0;47.15;48.15755;11.54369;505.7;NaN;0.0;4.2;237.5;11 / 19;737023;2018-11-09 17:49:55:072
0.009;6.445;8.82;128.0;1.0;47.15;48.15755;11.54369;505.7;NaN;0.0;4.2;237.5;11 / 19;737122;2018-11-09 17:49:55:171
0.114;6.186;8.609;123.0;1.0;46.78;48.15755;11.54369;505.7;NaN;0.0;4.2;237.5;11 / 19;737222;2018-11-09 17:49:55:271
0.143;6.273;8.523;133.0;1.0;46.78;48.15755;11.54369;505.7;NaN;0.0;4.2;237.5;11 / 19;737322;2018-11-09 17:49:55:371
0.047;6.454;8.6;114.0;1.0;46.78;48.15755;11.54369;505.7;NaN;0.0;4.2;237.5;11 / 19;737422;2018-11-09 17:49:55:471
-0.287;6.723;8.092;125.0;1.0;46.69;48.15755;11.54369;505.7;NaN;0.0;4.2;237.5;11 / 19;737521;2018-11-09 17:49:55:570
-0.555;6.368;8.696;155.0;1.0;46.69;48.15755;11.54369;505.7;NaN;0.0;4.2;237.5;11 / 19;737621;2018-11-09 17:49:55:670
-0.517;6.234;8.724;169.0;1.0;46.69;48.15755;11.54369;505.7;NaN;0.0;4.2;237.5;11 / 19;737721;2018-11-09 17:49:55:770
-1.168;7.134;9.596;180.0;1.0;45.1;48.15755;11.54369;505.7;NaN;0.0;4.2;237.5;11 / 19;737821;2018-11-09 17:49:55:870
-1.043;5.985;9.165;227.0;1.0;45.1;48.15755;11.54369;505.7;NaN;0.0;4.2;237.5;11 / 19;737921;2018-11-09 17:49:55:970
-0.766;6.177;9.136;211.0;1.0;45.1;48.15755;11.54369;505.7;NaN;0.0;4.2;237.5;11 / 19;738021;2018-11-09 17:49:56:070
-0.833;5.899;8.839;213.0;1.0;50.28;48.15755;11.54369;505.7;NaN;0.0;4.2;237.5;11 / 19;738122;2018-11-09 17:49:56:171
-0.775;5.899;8.868;194.0;1.0;50.28;48.15755;11.54369;505.7;NaN;0.0;4.2;237.5;11 / 19;738222;2018-11-09 17:49:56:271
-0.89;5.899;8.916;178.0;1.0;50.28;48.15755;11.54369;505.7;NaN;0.0;4.2;237.5;11 / 19;738322;2018-11-09 17:49:56:371
-0.967;5.851;8.629;201.0;1.0;49.16;48.15755;11.54369;505.7;NaN;0.0;4.2;237.5;11 / 19;738421;2018-11-09 17:49:56:470
-0.928;5.88;9.107;186.0;1.0;49.16;48.15755;11.54369;505.7;NaN;0.0;4.2;237.5;11 / 19;738521;2018-11-09 17:49:56:570
-0.871;5.851;8.897;184.0;1.0;49.16;48.15755;11.54369;505.7;NaN;0.0;4.2;237.5;11 / 19;738621;2018-11-09 17:49:56:670
-0.986;5.583;8.657;173.0;1.0;48.9;48.15755;11.54369;505.7;NaN;0.0;4.2;237.5;11 / 19;738721;2018-11-09 17:49:56:770
-0.766;5.765;9.481;177.0;1.0;48.9;48.15755;11.54369;505.7;NaN;0.0;4.2;237.5;11 / 19;738821;2018-11-09 17:49:56:870
-0.861;5.688;9.002;159.0;1.0;48.9;48.15755;11.54369;505.7;NaN;0.0;4.2;237.5;11 / 19;738921;2018-11-09 17:49:56:970
-0.785;5.775;9.012;164.0;1.0;48.26;48.15755;11.54369;505.7;NaN;0.0;4.2;237.5;11 / 19;739021;2018-11-09 17:49:57:070
-0.823;5.842;9.031;156.0;1.0;48.26;48.15757;11.54366;506.0;NaN;14.3;4.3;309.1;11 / 19;739121;2018-11-09 17:49:57:170
-0.689;5.784;9.098;170.0;1.0;48.26;48.15757;11.54366;506.0;NaN;14.3;4.3;309.1;11 / 19;739221;2018-11-09 17:49:57:270
-0.976;5.535;9.241;152.0;1.0;48.26;48.15757;11.54366;506.0;NaN;14.3;4.3;309.1;11 / 19;739321;2018-11-09 17:49:57:370
-0.622;5.889;8.906;170.0;1.0;51.28;48.15757;11.54366;506.0;NaN;14.3;4.3;309.1;11 / 19;739421;2018-11-09 17:49:57:470
-0.861;5.736;8.667;161.0;1.0;51.28;48.15757;11.54366;506.0;NaN;14.3;4.3;309.1;11 / 19;739521;2018-11-09 17:49:57:570
-0.584;6.004;9.012;154.0;1.0;51.28;48.15757;11.54366;506.0;NaN;14.3;4.3;309.1;11 / 19;739622;2018-11-09 17:49:57:671
-0.871;5.928;9.059;169.0;1.0;53.35;48.15757;11.54366;506.0;NaN;14.3;4.3;309.1;11 / 19;739722;2018-11-09 17:49:57:771
-0.871;5.736;9.194;184.0;1.0;53.35;48.15757;11.54366;506.0;NaN;14.3;4.3;309.1;11 / 19;739822;2018-11-09 17:49:57:871
-0.699;5.966;9.002;165.0;1.0;53.35;48.15757;11.54366;506.0;NaN;14.3;4.3;309.1;11 / 19;739922;2018-11-09 17:49:57:971
-0.651;6.1;8.763;165.0;1.0;50.33;48.15757;11.54366;506.0;NaN;14.3;4.3;309.1;11 / 19;740022;2018-11-09 17:49:58:071
-0.66;5.976;9.107;158.0;1.0;50.33;48.15759;11.54363;505.3;NaN;14.1;4.4;307.7;11 / 19;740124;2018-11-09 17:49:58:173
-0.526;5.803;8.82;152.0;1.0;50.33;48.15759;11.54363;505.3;NaN;14.1;4.4;307.7;11 / 19;740221;2018-11-09 17:49:58:270
-0.756;5.602;9.136;159.0;1.0;51.41;48.15759;11.54363;505.3;NaN;14.1;4.4;307.7;11 / 19;740321;2018-11-09 17:49:58:370
-0.766;5.947;9.002;165.0;1.0;51.41;48.15759;11.54363;505.3;NaN;14.1;4.4;307.7;11 / 19;740421;2018-11-09 17:49:58:470
-0.948;5.813;9.107;164.0;1.0;51.41;48.15759;11.54363;505.3;NaN;14.1;4.4;307.7;11 / 19;740521;2018-11-09 17:49:58:570
-0.584;5.928;8.561;166.0;1.0;50.01;48.15759;11.54363;505.3;NaN;14.1;4.4;307.7;11 / 19;740621;2018-11-09 17:49:58:670
-0.718;5.765;8.782;165.0;1.0;50.01;48.15759;11.54363;505.3;NaN;14.1;4.4;307.7;11 / 19;740721;2018-11-09 17:49:58:770
-0.928;5.794;9.098;157.0;1.0;50.01;48.15759;11.54363;505.3;NaN;14.1;4.4;307.7;11 / 19;740821;2018-11-09 17:49:58:870
-0.919;5.937;9.481;186.0;1.0;50.93;48.15759;11.54363;505.3;NaN;14.1;4.4;307.7;11 / 19;740921;2018-11-09 17:49:58:970
-0.727;5.966;9.012;177.0;1.0;50.93;48.15759;11.54363;505.3;NaN;14.1;4.4;307.7;11 / 19;741021;2018-11-09 17:49:59:070
-0.584;5.717;8.734;179.0;1.0;50.93;48.15757;11.5436;503.6;NaN;11.1;4.4;283.7;11 / 19;741122;2018-11-09 17:49:59:171
-0.67;5.775;9.155;163.0;1.0;51.76;48.15757;11.5436;503.6;NaN;11.1;4.4;283.7;11 / 19;741222;2018-11-09 17:49:59:271
-1.063;5.698;9.031;171.0;1.0;51.76;48.15757;11.5436;503.6;NaN;11.1;4.4;283.7;11 / 19;741322;2018-11-09 17:49:59:371
-0.785;5.966;9.194;186.0;1.0;51.76;48.15757;11.5436;503.6;NaN;11.1;4.4;283.7;11 / 19;741422;2018-11-09 17:49:59:471
-1.034;5.736;8.782;190.0;1.0;50.97;48.15757;11.5436;503.6;NaN;11.1;4.4;283.7;11 / 19;741521;2018-11-09 17:49:59:570
-0.421;6.062;8.581;165.0;1.0;50.97;48.15757;11.5436;503.6;NaN;11.1;4.4;283.7;11 / 19;741621;2018-11-09 17:49:59:670
-0.861;6.014;8.763;166.0;1.0;50.97;48.15757;11.5436;503.6;NaN;11.1;4.4;283.7;11 / 19;741721;2018-11-09 17:49:59:770
-0.814;5.842;8.753;160.0;1.0;54.28;48.15757;11.5436;503.6;NaN;11.1;4.4;283.7;11 / 19;741821;2018-11-09 17:49:59:870
-0.612;5.861;8.868;184.0;1.0;54.28;48.15757;11.5436;503.6;NaN;11.1;4.4;283.7;11 / 19;741921;2018-11-09 17:49:59:970
-0.823;5.899;9.088;163.0;1.0;54.28;48.15757;11.5436;503.6;NaN;11.1;4.4;283.7;11 / 19;742021;2018-11-09 17:50:00:070
-0.747;5.765;8.992;185.0;1.0;53.4;48.15757;11.5436;503.6;NaN;11.1;4.4;283.7;11 / 19;742121;2018-11-09 17:50:00:170
-0.794;5.813;8.992;157.0;1.0;53.4;48.15757;11.54359;502.3;NaN;8.8;4.5;273.0;11 / 19;742222;2018-11-09 17:50:00:271
-0.689;5.851;8.791;178.0;1.0;53.4;48.15757;11.54359;502.3;NaN;8.8;4.5;273.0;11 / 19;742322;2018-11-09 17:50:00:371
-0.948;5.813;8.265;181.0;1.0;54.31;48.15757;11.54359;502.3;NaN;8.8;4.5;273.0;11 / 19;742422;2018-11-09 17:50:00:471
-0.833;5.717;9.012;158.0;1.0;54.31;48.15757;11.54359;502.3;NaN;8.8;4.5;273.0;11 / 19;742522;2018-11-09 17:50:00:571
-0.909;5.755;9.308;178.0;1.0;54.31;48.15757;11.54359;502.3;NaN;8.8;4.5;273.0;11 / 19;742622;2018-11-09 17:50:00:671
-0.565;5.966;8.801;175.0;1.0;53.52;48.15757;11.54359;502.3;NaN;8.8;4.5;273.0;11 / 19;742722;2018-11-09 17:50:00:771
-0.861;5.631;8.657;169.0;1.0;53.52;48.15757;11.54359;502.3;NaN;8.8;4.5;273.0;11 / 19;742822;2018-11-09 17:50:00:871
-0.909;5.727;9.146;168.0;1.0;53.52;48.15757;11.54359;502.3;NaN;8.8;4.5;273.0;11 / 19;742921;2018-11-09 17:50:00:970
-1.245;5.458;9.615;182.0;1.0;53.54;48.15757;11.54359;502.3;NaN;8.8;4.5;273.0;11 / 19;743021;2018-11-09 17:50:01:070
-0.632;5.746;8.724;199.0;1.0;53.54;48.15756;11.54356;501.4;NaN;7.9;4.5;248.3;11 / 19;743122;2018-11-09 17:50:01:171
-0.861;5.66;9.059;179.0;1.0;53.54;48.15756;11.54356;501.4;NaN;7.9;4.5;248.3;11 / 19;743222;2018-11-09 17:50:01:271
-0.861;5.755;9.251;172.0;1.0;54.7;48.15756;11.54356;501.4;NaN;7.9;4.5;248.3;11 / 19;743322;2018-11-09 17:50:01:371
-0.881;5.832;9.299;168.0;1.0;54.7;48.15756;11.54356;501.4;NaN;7.9;4.5;248.3;11 / 19;743422;2018-11-09 17:50:01:471
-0.804;5.794;9.27;169.0;1.0;54.7;48.15756;11.54356;501.4;NaN;7.9;4.5;248.3;11 / 19;743522;2018-11-09 17:50:01:571
-0.775;5.65;8.753;168.0;1.0;53.81;48.15756;11.54356;501.4;NaN;7.9;4.5;248.3;11 / 19;743622;2018-11-09 17:50:01:671
-0.775;5.736;8.887;163.0;1.0;53.81;48.15756;11.54356;501.4;NaN;7.9;4.5;248.3;11 / 19;743721;2018-11-09 17:50:01:770
-1.12;5.468;9.356;179.0;1.0;53.81;48.15756;11.54356;501.4;NaN;7.9;4.5;248.3;11 / 19;743821;2018-11-09 17:50:01:870
-0.823;5.545;8.925;156.0;1.0;54.56;48.15756;11.54356;501.4;NaN;7.9;4.5;248.3;11 / 19;743921;2018-11-09 17:50:01:970
-0.938;5.727;9.088;146.0;1.0;54.56;48.15756;11.54356;501.4;NaN;7.9;4.5;248.3;11 / 19;744021;2018-11-09 17:50:02:070
-0.823;5.64;8.696;155.0;1.0;54.56;48.15754;11.54353;500.6;NaN;8.9;4.6;240.4;11 / 19;744122;2018-11-09 17:50:02:171
-0.976;5.842;8.676;172.0;1.0;55.49;48.15754;11.54353;500.6;NaN;8.9;4.6;240.4;11 / 19;744222;2018-11-09 17:50:02:271
-0.373;5.822;8.801;174.0;1.0;55.49;48.15754;11.54353;500.6;NaN;8.9;4.6;240.4;11 / 19;744322;2018-11-09 17:50:02:371
-1.561;4.491;9.835;190.0;1.0;55.49;48.15754;11.54353;500.6;NaN;8.9;4.6;240.4;11 / 19;744421;2018-11-09 17:50:02:470
-0.411;5.324;9.184;182.0;1.0;56.07;48.15754;11.54353;500.6;NaN;8.9;4.6;240.4;11 / 19;744521;2018-11-09 17:50:02:570
0.019;5.985;8.81;178.0;1.0;56.07;48.15754;11.54353;500.6;NaN;8.9;4.6;240.4;11 / 19;744621;2018-11-09 17:50:02:670
-0.124;5.267;9.328;165.0;1.0;56.07;48.15754;11.54353;500.6;NaN;8.9;4.6;240.4;11 / 19;744721;2018-11-09 17:50:02:770
0.392;4.52;10.046;125.0;1.0;59.31;48.15754;11.54353;500.6;NaN;8.9;4.6;240.4;11 / 19;744821;2018-11-09 17:50:02:870
1.273;5.066;9.778;120.0;1.0;59.31;48.15754;11.54353;500.6;NaN;8.9;4.6;240.4;11 / 19;744921;2018-11-09 17:50:02:970
-0.641;4.079;10.582;115.0;1.0;59.31;48.15754;11.54353;500.6;NaN;8.9;4.6;240.4;11 / 19;745021;2018-11-09 17:50:03:070
-3.361;1.015;9.376;118.0;1.0;53.26;48.15751;11.54349;499.2;NaN;11.5;4.6;234.3;11 / 19;745122;2018-11-09 17:50:03:171
-1.187;2.451;11.779;108.0;1.0;53.26;48.15751;11.54349;499.2;NaN;11.5;4.6;234.3;11 / 19;745221;2018-11-09 17:50:03:270
-0.45;2.729;11.626;93.0;1.0;53.26;48.15751;11.54349;499.2;NaN;11.5;4.6;234.3;11 / 19;745321;2018-11-09 17:50:03:370
-1.12;3.668;9.845;99.0;1.0;54.59;48.15751;11.54349;499.2;NaN;11.5;4.6;234.3;11 / 19;745421;2018-11-09 17:50:03:470
0.249;4.884;8.351;84.0;1.0;54.59;48.15751;11.54349;499.2;NaN;11.5;4.6;234.3;11 / 19;745522;2018-11-09 17:50:03:571
-0.162;4.644;9.567;98.0;1.0;54.59;48.15751;11.54349;499.2;NaN;11.5;4.6;234.3;11 / 19;745622;2018-11-09 17:50:03:671
0.938;3.926;11.492;95.0;1.0;53.66;48.15751;11.54349;499.2;NaN;11.5;4.6;234.3;11 / 19;745722;2018-11-09 17:50:03:771
-1.024;4.51;10.563;97.0;1.0;53.66;48.15751;11.54349;499.2;NaN;11.5;4.6;234.3;11 / 19;745822;2018-11-09 17:50:03:871
1.829;4.826;11.578;101.0;1.0;53.66;48.15751;11.54349;499.2;NaN;11.5;4.6;234.3;11 / 19;745923;2018-11-09 17:50:03:972
1.034;5.372;8.418;83.0;1.0;53.53;48.15751;11.54349;499.2;NaN;11.5;4.6;234.3;11 / 19;746025;2018-11-09 17:50:04:074
0.976;4.884;9.356;97.0;1.0;53.53;48.15745;11.54344;498.0;NaN;16.4;4.7;218.9;11 / 19;746123;2018-11-09 17:50:04:172
1.082;5.468;8.322;84.0;1.0;53.53;48.15745;11.54344;498.0;NaN;16.4;4.7;218.9;11 / 19;746222;2018-11-09 17:50:04:271
1.867;5.593;9.711;97.0;1.0;53.19;48.15745;11.54344;498.0;NaN;16.4;4.7;218.9;11 / 19;746322;2018-11-09 17:50:04:371
0.699;5.717;7.901;94.0;1.0;53.19;48.15745;11.54344;498.0;NaN;16.4;4.7;218.9;11 / 19;746422;2018-11-09 17:50:04:471
0.488;5.909;8.542;104.0;1.0;53.19;48.15745;11.54344;498.0;NaN;16.4;4.7;218.9;11 / 19;746522;2018-11-09 17:50:04:571
1.034;5.439;7.843;113.0;1.0;51.96;48.15745;11.54344;498.0;NaN;16.4;4.7;218.9;11 / 19;746622;2018-11-09 17:50:04:671
1.963;6.071;8.83;84.0;1.0;51.96;48.15745;11.54344;498.0;NaN;16.4;4.7;218.9;11 / 19;746722;2018-11-09 17:50:04:771
1.398;4.903;8.878;88.0;1.0;51.96;48.15745;11.54344;498.0;NaN;16.4;4.7;218.9;11 / 19;746822;2018-11-09 17:50:04:871
0.354;5.047;9.634;101.0;1.0;53.75;48.15745;11.54344;498.0;NaN;16.4;4.7;218.9;11 / 19;746922;2018-11-09 17:50:04:971
1.139;4.242;10.879;100.0;1.0;53.75;48.15745;11.54344;498.0;NaN;16.4;4.7;218.9;11 / 19;747022;2018-11-09 17:50:05:071
0.919;4.156;11.004;103.0;1.0;53.75;48.1574;11.54335;497.2;NaN;21.3;4.7;225.3;11 / 19;747122;2018-11-09 17:50:05:171
0.134;4.07;10.084;99.0;1.0;52.17;48.1574;11.54335;497.2;NaN;21.3;4.7;225.3;11 / 19;747222;2018-11-09 17:50:05:271
-0.162;3.917;9.213;108.0;1.0;52.17;48.1574;11.54335;497.2;NaN;21.3;4.7;225.3;11 / 19;747322;2018-11-09 17:50:05:371
0.536;4.07;11.339;107.0;1.0;52.17;48.1574;11.54335;497.2;NaN;21.3;4.7;225.3;11 / 19;747421;2018-11-09 17:50:05:470
-0.268;4.721;10.419;116.0;1.0;54.43;48.1574;11.54335;497.2;NaN;21.3;4.7;225.3;11 / 19;747522;2018-11-09 17:50:05:571
-0.373;4.041;9.902;121.0;1.0;54.43;48.1574;11.54335;497.2;NaN;21.3;4.7;225.3;11 / 19;747622;2018-11-09 17:50:05:671
-0.325;3.505;11.109;96.0;1.0;54.43;48.1574;11.54335;497.2;NaN;21.3;4.7;225.3;11 / 19;747722;2018-11-09 17:50:05:771
-0.335;3.859;11.176;117.0;1.0;50.98;48.1574;11.54335;497.2;NaN;21.3;4.7;225.3;11 / 19;747822;2018-11-09 17:50:05:871
-0.756;4.213;9.692;108.0;1.0;50.98;48.1574;11.54335;497.2;NaN;21.3;4.7;225.3;11 / 19;747921;2018-11-09 17:50:05:970
-0.89;3.773;10.257;114.0;1.0;50.98;48.1574;11.54335;497.2;NaN;21.3;4.7;225.3;11 / 19;748021;2018-11-09 17:50:06:070
-1.685;3.352;10.812;100.0;1.0;51.97;48.15735;11.54325;496.4;NaN;25.5;4.8;228.5;11 / 19;748122;2018-11-09 17:50:06:171
-1.302;3.687;11.004;120.0;1.0;51.97;48.15735;11.54325;496.4;NaN;25.5;4.8;228.5;11 / 19;748221;2018-11-09 17:50:06:270
-1.12;4.003;11.032;138.0;1.0;51.97;48.15735;11.54325;496.4;NaN;25.5;4.8;228.5;11 / 19;748321;2018-11-09 17:50:06:370
-1.245;4.673;9.625;131.0;1.0;54.72;48.15735;11.54325;496.4;NaN;25.5;4.8;228.5;11 / 19;748421;2018-11-09 17:50:06:470
-0.747;4.099;11.521;120.0;1.0;54.72;48.15735;11.54325;496.4;NaN;25.5;4.8;228.5;11 / 19;748522;2018-11-09 17:50:06:571
-0.373;4.146;11.013;126.0;1.0;54.72;48.15735;11.54325;496.4;NaN;25.5;4.8;228.5;11 / 19;748622;2018-11-09 17:50:06:671
-0.498;4.089;10.295;117.0;1.0;55.95;48.15735;11.54325;496.4;NaN;25.5;4.8;228.5;11 / 19;748722;2018-11-09 17:50:06:771
-0.411;3.955;10.678;126.0;1.0;55.95;48.15735;11.54325;496.4;NaN;25.5;4.8;228.5;11 / 19;748822;2018-11-09 17:50:06:871
-0.277;3.869;10.228;114.0;1.0;55.95;48.15735;11.54325;496.4;NaN;25.5;4.8;228.5;11 / 19;748922;2018-11-09 17:50:06:971
-0.172;3.811;10.333;118.0;1.0;54.29;48.15735;11.54325;496.4;NaN;25.5;4.8;228.5;11 / 19;749022;2018-11-09 17:50:07:071
-0.363;3.792;10.745;116.0;1.0;54.29;48.1573;11.54316;495.8;NaN;28.5;4.8;229.2;11 / 19;749122;2018-11-09 17:50:07:171
-0.507;3.744;10.611;118.0;1.0;54.29;48.1573;11.54316;495.8;NaN;28.5;4.8;229.2;11 / 19;749222;2018-11-09 17:50:07:271
-0.325;3.61;11.233;127.0;1.0;54.24;48.1573;11.54316;495.8;NaN;28.5;4.8;229.2;11 / 19;749321;2018-11-09 17:50:07:370
-0.354;3.476;10.831;129.0;1.0;54.24;48.1573;11.54316;495.8;NaN;28.5;4.8;229.2;11 / 19;749421;2018-11-09 17:50:07:470
-0.258;3.39;10.917;105.0;1.0;54.24;48.1573;11.54316;495.8;NaN;28.5;4.8;229.2;11 / 19;749521;2018-11-09 17:50:07:570
0.153;2.758;10.688;112.0;1.0;53.01;48.1573;11.54316;495.8;NaN;28.5;4.8;229.2;11 / 19;749621;2018-11-09 17:50:07:670
1.043;2.279;10.774;109.0;1.0;53.01;48.1573;11.54316;495.8;NaN;28.5;4.8;229.2;11 / 19;749722;2018-11-09 17:50:07:771
0.105;3.074;11.674;104.0;1.0;53.01;48.1573;11.54316;495.8;NaN;28.5;4.8;229.2;11 / 19;749822;2018-11-09 17:50:07:871
-1.455;4.031;10.056;201.0;1.0;53.61;48.1573;11.54316;495.8;NaN;28.5;4.8;229.2;11 / 19;749922;2018-11-09 17:50:07:971
-0.766;4.798;9.5;485.0;1.0;53.61;48.1573;11.54316;495.8;NaN;28.5;4.8;229.2;11 / 19;750021;2018-11-09 17:50:08:070
-1.762;5.889;8.667;799.0;1.0;53.61;48.15724;11.54307;495.3;NaN;30.8;4.9;227.4;11 / 19;750122;2018-11-09 17:50:08:171
-2.451;5.698;8.293;1020.0;1.0;54.57;48.15724;11.54307;495.3;NaN;30.8;4.9;227.4;11 / 19;750222;2018-11-09 17:50:08:271
-2.834;6.014;7.47;1156.0;1.0;54.57;48.15724;11.54307;495.3;NaN;30.8;4.9;227.4;11 / 19;750321;2018-11-09 17:50:08:370
-2.174;5.985;8.485;1168.0;1.0;54.57;48.15724;11.54307;495.3;NaN;30.8;4.9;227.4;11 / 19;750421;2018-11-09 17:50:08:470
-2.365;5.593;8.983;1011.0;1.0;54.92;48.15724;11.54307;495.3;NaN;30.8;4.9;227.4;11 / 19;750522;2018-11-09 17:50:08:571
-2.011;5.123;9.28;796.0;1.0;54.92;48.15724;11.54307;495.3;NaN;30.8;4.9;227.4;11 / 19;750622;2018-11-09 17:50:08:671
-1.034;5.219;9.519;544.0;1.0;54.92;48.15724;11.54307;495.3;NaN;30.8;4.9;227.4;11 / 19;750721;2018-11-09 17:50:08:770
-0.871;5.324;9.194;333.0;1.0;53.9;48.15724;11.54307;495.3;NaN;30.8;4.9;227.4;11 / 19;750821;2018-11-09 17:50:08:870
-0.727;5.257;9.625;209.0;1.0;53.9;48.15724;11.54307;495.3;NaN;30.8;4.9;227.4;11 / 19;750922;2018-11-09 17:50:08:971
-0.287;4.96;10.362;176.0;1.0;53.9;48.15724;11.54307;495.3;NaN;30.8;4.9;227.4;11 / 19;751022;2018-11-09 17:50:09:071
-0.277;5.037;9.385;175.0;1.0;53.9;48.15718;11.54296;494.6;NaN;33.7;4.9;227.6;11 / 19;751121;2018-11-09 17:50:09:170
-0.383;5.142;10.056;146.0;1.0;53.06;48.15718;11.54296;494.6;NaN;33.7;4.9;227.6;10 / 19;751221;2018-11-09 17:50:09:270
-0.373;4.865;9.969;136.0;1.0;53.06;48.15718;11.54296;494.6;NaN;33.7;4.9;227.6;10 / 19;751322;2018-11-09 17:50:09:371
-0.622;4.817;9.232;150.0;1.0;53.06;48.15718;11.54296;494.6;NaN;33.7;4.9;227.6;10 / 19;751421;2018-11-09 17:50:09:470
-0.335;4.807;9.816;145.0;1.0;53.48;48.15718;11.54296;494.6;NaN;33.7;4.9;227.6;10 / 19;751522;2018-11-09 17:50:09:571
-0.22;4.386;10.19;150.0;1.0;53.48;48.15718;11.54296;494.6;NaN;33.7;4.9;227.6;10 / 19;751622;2018-11-09 17:50:09:671
-0.134;4.453;9.912;161.0;1.0;53.48;48.15718;11.54296;494.6;NaN;33.7;4.9;227.6;10 / 19;751721;2018-11-09 17:50:09:770
-0.306;4.587;10.113;127.0;1.0;55.04;48.15718;11.54296;494.6;NaN;33.7;4.9;227.6;10 / 19;751821;2018-11-09 17:50:09:870
-0.172;4.549;9.854;131.0;1.0;55.04;48.15718;11.54296;494.6;NaN;33.7;4.9;227.6;10 / 19;751923;2018-11-09 17:50:09:972
-0.287;4.846;10.036;153.0;1.0;55.04;48.15718;11.54296;494.6;NaN;33.7;4.9;227.6;10 / 19;752021;2018-11-09 17:50:10:070
-0.22;4.664;10.209;130.0;1.0;54.44;48.15711;11.54283;493.8;NaN;37.2;5.0;230.9;10 / 19;752121;2018-11-09 17:50:10:170
-0.536;4.635;10.161;146.0;1.0;54.44;48.15711;11.54283;493.8;NaN;37.2;5.0;230.9;10 / 19;752221;2018-11-09 17:50:10:270
-0.507;4.769;10.372;132.0;1.0;54.44;48.15711;11.54283;493.8;NaN;37.2;5.0;230.9;10 / 19;752321;2018-11-09 17:50:10:370
-0.306;4.539;9.95;135.0;1.0;55.29;48.15711;11.54283;493.8;NaN;37.2;5.0;230.9;10 / 19;752421;2018-11-09 17:50:10:470
-0.153;4.462;10.333;130.0;1.0;55.29;48.15711;11.54283;493.8;NaN;37.2;5.0;230.9;10 / 19;752522;2018-11-09 17:50:10:571
-0.162;4.558;10.18;122.0;1.0;55.29;48.15711;11.54283;493.8;NaN;37.2;5.0;230.9;10 / 19;752622;2018-11-09 17:50:10:671
-0.574;4.367;10.237;120.0;1.0;54.07;48.15711;11.54283;493.8;NaN;37.2;5.0;230.9;10 / 19;752722;2018-11-09 17:50:10:771
-0.43;4.462;10.707;121.0;1.0;54.07;48.15711;11.54283;493.8;NaN;37.2;5.0;230.9;10 / 19;752822;2018-11-09 17:50:10:871
-0.459;4.826;10.247;144.0;1.0;54.07;48.15711;11.54283;493.8;NaN;37.2;5.0;230.9;10 / 19;752922;2018-11-09 17:50:10:971
0.296;4.051;9.433;144.0;1.0;52.74;48.15711;11.54283;493.8;NaN;37.2;5.0;230.9;10 / 19;753022;2018-11-09 17:50:11:071
0.105;4.443;9.807;142.0;1.0;52.74;48.15704;11.54269;492.8;NaN;39.6;5.0;231.8;10 / 19;753122;2018-11-09 17:50:11:171
0.114;4.395;10.927;137.0;1.0;52.74;48.15704;11.54269;492.8;NaN;39.6;5.0;231.8;10 / 19;753222;2018-11-09 17:50:11:271
-0.028;4.731;10.199;142.0;1.0;54.18;48.15704;11.54269;492.8;NaN;39.6;5.0;231.8;10 / 19;753321;2018-11-09 17:50:11:370
-0.038;4.96;10.036;125.0;1.0;54.18;48.15704;11.54269;492.8;NaN;39.6;5.0;231.8;10 / 19;753422;2018-11-09 17:50:11:471
0.086;5.008;9.117;145.0;1.0;54.18;48.15704;11.54269;492.8;NaN;39.6;5.0;231.8;10 / 19;753522;2018-11-09 17:50:11:571
-0.105;5.391;8.964;144.0;1.0;53.75;48.15704;11.54269;492.8;NaN;39.6;5.0;231.8;10 / 19;753622;2018-11-09 17:50:11:671
-0.296;5.43;9.481;136.0;1.0;53.75;48.15704;11.54269;492.8;NaN;39.6;5.0;231.8;10 / 19;753722;2018-11-09 17:50:11:771
-0.718;5.526;9.337;145.0;1.0;53.75;48.15704;11.54269;492.8;NaN;39.6;5.0;231.8;10 / 19;753822;2018-11-09 17:50:11:871
-0.478;5.65;8.992;139.0;1.0;51.94;48.15704;11.54269;492.8;NaN;39.6;5.0;231.8;10 / 19;753922;2018-11-09 17:50:11:971
0.296;5.363;9.337;155.0;1.0;51.94;48.15704;11.54269;492.8;NaN;39.6;5.0;231.8;10 / 19;754021;2018-11-09 17:50:12:070
0.191;5.458;8.609;134.0;1.0;51.94;48.15704;11.54269;492.8;NaN;39.6;5.0;231.8;10 / 19;754122;2018-11-09 17:50:12:171
0.373;5.363;8.782;155.0;1.0;53.22;48.15697;11.54256;492.0;NaN;40.8;5.0;229.9;10 / 19;754222;2018-11-09 17:50:12:271
0.172;5.363;9.27;137.0;1.0;53.22;48.15697;11.54256;492.0;NaN;40.8;5.0;229.9;10 / 19;754322;2018-11-09 17:50:12:371
0.047;5.573;8.858;127.0;1.0;53.22;48.15697;11.54256;492.0;NaN;40.8;5.0;229.9;10 / 19;754421;2018-11-09 17:50:12:470
0.517;5.506;8.878;150.0;1.0;52.79;48.15697;11.54256;492.0;NaN;40.8;5.0;229.9;10 / 19;754521;2018-11-09 17:50:12:570
0.526;5.593;8.293;141.0;1.0;52.79;48.15697;11.54256;492.0;NaN;40.8;5.0;229.9;10 / 19;754621;2018-11-09 17:50:12:670
0.067;5.315;9.701;136.0;1.0;52.79;48.15697;11.54256;492.0;NaN;40.8;5.0;229.9;10 / 19;754721;2018-11-09 17:50:12:770
0.277;5.487;8.839;163.0;1.0;50.68;48.15697;11.54256;492.0;NaN;40.8;5.0;229.9;10 / 19;754821;2018-11-09 17:50:12:870
0.134;5.468;9.146;140.0;1.0;50.68;48.15697;11.54256;492.0;NaN;40.8;5.0;229.9;10 / 19;754922;2018-11-09 17:50:12:971
0.019;5.573;8.801;149.0;1.0;50.68;48.15697;11.54256;492.0;NaN;40.8;5.0;229.9;10 / 19;755021;2018-11-09 17:50:13:070
0.038;5.506;8.983;128.0;1.0;51.75;48.15689;11.54243;491.2;NaN;42.8;5.0;228.0;10 / 19;755122;2018-11-09 17:50:13:171
0.191;5.526;9.385;149.0;1.0;51.75;48.15689;11.54243;491.2;NaN;42.8;5.0;228.0;10 / 19;755222;2018-11-09 17:50:13:271
-0.028;5.468;8.858;153.0;1.0;51.75;48.15689;11.54243;491.2;NaN;42.8;5.0;228.0;10 / 19;755321;2018-11-09 17:50:13:370
0.181;5.401;8.992;151.0;1.0;53.53;48.15689;11.54243;491.2;NaN;42.8;5.0;228.0;10 / 19;755422;2018-11-09 17:50:13:471
0.296;5.267;9.012;154.0;1.0;53.53;48.15689;11.54243;491.2;NaN;42.8;5.0;228.0;10 / 19;755522;2018-11-09 17:50:13:571
0.028;5.42;8.878;153.0;1.0;53.53;48.15689;11.54243;491.2;NaN;42.8;5.0;228.0;10 / 19;755622;2018-11-09 17:50:13:671
0.153;5.583;9.289;159.0;1.0;52.12;48.15689;11.54243;491.2;NaN;42.8;5.0;228.0;10 / 19;755722;2018-11-09 17:50:13:771
0.076;5.688;9.27;165.0;1.0;52.12;48.15689;11.54243;491.2;NaN;42.8;5.0;228.0;10 / 19;755822;2018-11-09 17:50:13:871
0.162;5.535;9.088;143.0;1.0;52.12;48.15689;11.54243;491.2;NaN;42.8;5.0;228.0;10 / 19;755922;2018-11-09 17:50:13:971
0.0;5.42;8.839;167.0;1.0;51.98;48.15689;11.54243;491.2;NaN;42.8;5.0;228.0;10 / 19;756022;2018-11-09 17:50:14:071
0.028;5.535;9.232;149.0;1.0;51.98;48.15681;11.54229;490.5;NaN;43.5;5.0;228.7;10 / 19;756122;2018-11-09 17:50:14:171
-0.038;5.334;8.858;154.0;1.0;51.98;48.15681;11.54229;490.5;NaN;43.5;5.0;228.7;10 / 19;756222;2018-11-09 17:50:14:271
0.201;5.315;9.663;161.0;1.0;53.27;48.15681;11.54229;490.5;NaN;43.5;5.0;228.7;10 / 19;756322;2018-11-09 17:50:14:371
0.181;5.267;9.261;149.0;1.0;53.27;48.15681;11.54229;490.5;NaN;43.5;5.0;228.7;10 / 19;756422;2018-11-09 17:50:14:471
0.191;5.363;9.289;137.0;1.0;53.27;48.15681;11.54229;490.5;NaN;43.5;5.0;228.7;10 / 19;756522;2018-11-09 17:50:14:571
0.067;5.296;9.328;144.0;1.0;51.0;48.15681;11.54229;490.5;NaN;43.5;5.0;228.7;10 / 19;756622;2018-11-09 17:50:14:671
0.057;5.516;8.81;170.0;1.0;51.0;48.15681;11.54229;490.5;NaN;43.5;5.0;228.7;10 / 19;756722;2018-11-09 17:50:14:771
0.172;5.305;9.117;147.0;1.0;51.0;48.15681;11.54229;490.5;NaN;43.5;5.0;228.7;10 / 19;756821;2018-11-09 17:50:14:870
0.153;5.564;8.954;162.0;1.0;53.77;48.15681;11.54229;490.5;NaN;43.5;5.0;228.7;10 / 19;756922;2018-11-09 17:50:14:971
-0.086;5.545;9.155;168.0;1.0;53.77;48.15681;11.54229;490.5;NaN;43.5;5.0;228.7;10 / 19;757021;2018-11-09 17:50:15:070
0.124;5.487;9.021;138.0;1.0;53.77;48.15673;11.54214;490.0;NaN;44.0;4.9;229.2;10 / 19;757122;2018-11-09 17:50:15:171
-0.114;5.458;8.887;153.0;1.0;52.13;48.15673;11.54214;490.0;NaN;44.0;4.9;229.2;10 / 19;757222;2018-11-09 17:50:15:271
0.0;5.526;8.983;150.0;1.0;52.13;48.15673;11.54214;490.0;NaN;44.0;4.9;229.2;10 / 19;757321;2018-11-09 17:50:15:370
0.153;5.229;9.059;153.0;1.0;52.13;48.15673;11.54214;490.0;NaN;44.0;4.9;229.2;10 / 19;757421;2018-11-09 17:50:15:470
0.296;5.382;9.433;152.0;1.0;51.92;48.15673;11.54214;490.0;NaN;44.0;4.9;229.2;10 / 19;757522;2018-11-09 17:50:15:571
0.134;5.248;9.04;156.0;1.0;51.92;48.15673;11.54214;490.0;NaN;44.0;4.9;229.2;10 / 19;757622;2018-11-09 17:50:15:671
0.057;5.458;9.308;159.0;1.0;51.92;48.15673;11.54214;490.0;NaN;44.0;4.9;229.2;10 / 19;757722;2018-11-09 17:50:15:771
-0.067;5.411;8.973;145.0;1.0;52.28;48.15673;11.54214;490.0;NaN;44.0;4.9;229.2;10 / 19;757822;2018-11-09 17:50:15:871
0.086;5.516;9.376;158.0;1.0;52.28;48.15673;11.54214;490.0;NaN;44.0;4.9;229.2;10 / 19;757922;2018-11-09 17:50:15:971
0.201;5.439;9.107;146.0;1.0;52.28;48.15673;11.54214;490.0;NaN;44.0;4.9;229.2;10 / 19;758022;2018-11-09 17:50:16:071
0.0;5.621;8.945;148.0;1.0;52.37;48.15665;11.542;489.5;NaN;44.4;4.9;229.8;10 / 19;758121;2018-11-09 17:50:16:170
-0.067;5.554;9.251;158.0;1.0;52.37;48.15665;11.542;489.5;NaN;44.4;4.9;229.8;10 / 19;758222;2018-11-09 17:50:16:271
-0.172;5.621;9.059;162.0;1.0;52.37;48.15665;11.542;489.5;NaN;44.4;4.9;229.8;10 / 19;758322;2018-11-09 17:50:16:371
0.028;5.391;9.203;160.0;1.0;51.04;48.15665;11.542;489.5;NaN;44.4;4.9;229.8;10 / 19;758422;2018-11-09 17:50:16:471
0.162;5.468;9.069;163.0;1.0;51.04;48.15665;11.542;489.5;NaN;44.4;4.9;229.8;10 / 19;758522;2018-11-09 17:50:16:571
0.019;5.631;9.098;157.0;1.0;51.04;48.15665;11.542;489.5;NaN;44.4;4.9;229.8;10 / 19;758622;2018-11-09 17:50:16:671
-0.124;5.449;8.916;148.0;1.0;53.45;48.15665;11.542;489.5;NaN;44.4;4.9;229.8;10 / 19;758722;2018-11-09 17:50:16:771
0.105;5.401;9.203;154.0;1.0;53.45;48.15665;11.542;489.5;NaN;44.4;4.9;229.8;10 / 19;758822;2018-11-09 17:50:16:871
0.0;5.401;9.05;164.0;1.0;53.45;48.15665;11.542;489.5;NaN;44.4;4.9;229.8;10 / 19;758922;2018-11-09 17:50:16:971
0.249;5.411;9.49;167.0;1.0;51.34;48.15665;11.542;489.5;NaN;44.4;4.9;229.8;10 / 19;759022;2018-11-09 17:50:17:071
0.296;5.363;8.772;138.0;1.0;51.34;48.15658;11.54186;489.0;NaN;44.0;4.9;230.4;10 / 19;759122;2018-11-09 17:50:17:171
-0.009;5.631;9.012;167.0;1.0;51.34;48.15658;11.54186;489.0;NaN;44.0;4.9;230.4;10 / 19;759221;2018-11-09 17:50:17:270
-0.095;5.612;8.992;171.0;1.0;52.2;48.15658;11.54186;489.0;NaN;44.0;4.9;230.4;10 / 19;759322;2018-11-09 17:50:17:371
-0.009;5.545;9.069;151.0;1.0;52.2;48.15658;11.54186;489.0;NaN;44.0;4.9;230.4;10 / 19;759422;2018-11-09 17:50:17:471
-0.009;5.478;9.155;148.0;1.0;52.2;48.15658;11.54186;489.0;NaN;44.0;4.9;230.4;10 / 19;759522;2018-11-09 17:50:17:571
0.105;5.545;8.916;151.0;1.0;51.16;48.15658;11.54186;489.0;NaN;44.0;4.9;230.4;10 / 19;759622;2018-11-09 17:50:17:671
0.086;5.458;9.27;155.0;1.0;51.16;48.15658;11.54186;489.0;NaN;44.0;4.9;230.4;10 / 19;759722;2018-11-09 17:50:17:771
-0.057;5.382;9.174;164.0;1.0;51.16;48.15658;11.54186;489.0;NaN;44.0;4.9;230.4;10 / 19;759822;2018-11-09 17:50:17:871
0.095;5.458;9.241;131.0;1.0;51.16;48.15658;11.54186;489.0;NaN;44.0;4.9;230.4;10 / 19;759921;2018-11-09 17:50:17:970
-0.057;5.535;9.146;163.0;1.0;51.41;48.15658;11.54186;489.0;NaN;44.0;4.9;230.4;10 / 19;760022;2018-11-09 17:50:18:071
0.0;5.478;9.356;149.0;1.0;51.41;48.15651;11.54172;488.6;NaN;44.1;4.8;230.9;10 / 19;760121;2018-11-09 17:50:18:170
0.143;5.497;9.069;151.0;1.0;51.41;48.15651;11.54172;488.6;NaN;44.1;4.8;230.9;10 / 19;760222;2018-11-09 17:50:18:271
-0.047;5.593;8.858;149.0;1.0;50.78;48.15651;11.54172;488.6;NaN;44.1;4.8;230.9;10 / 19;760322;2018-11-09 17:50:18:371
-0.057;5.468;9.184;138.0;1.0;50.78;48.15651;11.54172;488.6;NaN;44.1;4.8;230.9;10 / 19;760422;2018-11-09 17:50:18:471
-0.22;5.526;9.692;160.0;1.0;50.78;48.15651;11.54172;488.6;NaN;44.1;4.8;230.9;10 / 19;760522;2018-11-09 17:50:18:571
-1.235;5.047;10.755;138.0;1.0;52.39;48.15651;11.54172;488.6;NaN;44.1;4.8;230.9;10 / 19;760622;2018-11-09 17:50:18:671
1.005;6.148;8.083;172.0;1.0;52.39;48.15651;11.54172;488.6;NaN;44.1;4.8;230.9;10 / 19;760721;2018-11-09 17:50:18:770
2.537;7.422;6.943;178.0;1.0;52.39;48.15651;11.54172;488.6;NaN;44.1;4.8;230.9;10 / 19;760822;2018-11-09 17:50:18:871
0.718;6.684;7.048;190.0;1.0;51.97;48.15651;11.54172;488.6;NaN;44.1;4.8;230.9;10 / 19;760922;2018-11-09 17:50:18:971
0.574;6.857;6.694;188.0;1.0;51.97;48.15651;11.54172;488.6;NaN;44.1;4.8;230.9;10 / 19;761022;2018-11-09 17:50:19:071
0.833;6.933;7.757;198.0;1.0;51.97;48.15643;11.54158;488.1;NaN;44.4;4.8;230.9;10 / 19;761121;2018-11-09 17:50:19:170
0.871;7.106;7.613;180.0;1.0;54.14;48.15643;11.54158;488.1;NaN;44.4;4.8;230.9;10 / 19;761221;2018-11-09 17:50:19:270
0.986;7.134;7.632;201.0;1.0;54.14;48.15643;11.54158;488.1;NaN;44.4;4.8;230.9;10 / 19;761321;2018-11-09 17:50:19:370
0.996;7.249;7.537;184.0;1.0;54.14;48.15643;11.54158;488.1;NaN;44.4;4.8;230.9;10 / 19;761422;2018-11-09 17:50:19:471
0.842;6.742;7.977;179.0;1.0;53.44;48.15643;11.54158;488.1;NaN;44.4;4.8;230.9;10 / 19;761522;2018-11-09 17:50:19:571
0.775;6.579;8.245;188.0;1.0;53.44;48.15643;11.54158;488.1;NaN;44.4;4.8;230.9;10 / 19;761622;2018-11-09 17:50:19:671
0.842;6.129;6.933;163.0;1.0;53.44;48.15643;11.54158;488.1;NaN;44.4;4.8;230.9;10 / 19;761722;2018-11-09 17:50:19:771
0.938;5.803;7.048;189.0;1.0;51.72;48.15643;11.54158;488.1;NaN;44.4;4.8;230.9;10 / 19;761821;2018-11-09 17:50:19:870
1.187;5.746;8.629;159.0;1.0;51.72;48.15643;11.54158;488.1;NaN;44.4;4.8;230.9;10 / 19;761921;2018-11-09 17:50:19:970
1.407;5.238;9.625;140.0;1.0;51.72;48.15643;11.54158;488.1;NaN;44.4;4.8;230.9;10 / 19;762022;2018-11-09 17:50:20:071
0.766;4.683;10.41;110.0;1.0;51.49;48.15636;11.54144;487.6;NaN;44.4;4.8;232.6;10 / 19;762122;2018-11-09 17:50:20:171
0.66;4.443;10.17;129.0;1.0;51.49;48.15636;11.54144;487.6;NaN;44.4;4.8;232.6;10 / 19;762222;2018-11-09 17:50:20:271
0.89;4.884;9.251;129.0;1.0;51.49;48.15636;11.54144;487.6;NaN;44.4;4.8;232.6;10 / 19;762322;2018-11-09 17:50:20:371
0.9;4.778;9.05;135.0;1.0;50.62;48.15636;11.54144;487.6;NaN;44.4;4.8;232.6;10 / 19;762422;2018-11-09 17:50:20:471
0.957;4.711;9.557;149.0;1.0;50.62;48.15636;11.54144;487.6;NaN;44.4;4.8;232.6;10 / 19;762522;2018-11-09 17:50:20:571
0.756;4.74;9.577;128.0;1.0;50.62;48.15636;11.54144;487.6;NaN;44.4;4.8;232.6;10 / 19;762622;2018-11-09 17:50:20:671
0.986;5.095;9.261;133.0;1.0;51.08;48.15636;11.54144;487.6;NaN;44.4;4.8;232.6;10 / 19;762722;2018-11-09 17:50:20:771
1.063;4.999;9.107;134.0;1.0;51.08;48.15636;11.54144;487.6;NaN;44.4;4.8;232.6;10 / 19;762822;2018-11-09 17:50:20:871
0.804;4.922;8.992;146.0;1.0;51.08;48.15636;11.54144;487.6;NaN;44.4;4.8;232.6;10 / 19;762922;2018-11-09 17:50:20:971
1.168;5.095;8.945;137.0;1.0;50.94;48.15636;11.54144;487.6;NaN;44.4;4.8;232.6;10 / 19;763021;2018-11-09 17:50:21:070
1.551;5.277;9.385;149.0;1.0;50.94;48.1563;11.54131;487.1;NaN;44.0;4.9;232.8;10 / 19;763122;2018-11-09 17:50:21:171
1.101;5.047;9.088;139.0;1.0;50.94;48.1563;11.54131;487.1;NaN;44.0;4.9;232.8;10 / 19;763222;2018-11-09 17:50:21:271
0.545;4.951;9.414;118.0;1.0;51.2;48.1563;11.54131;487.1;NaN;44.0;4.9;232.8;10 / 19;763322;2018-11-09 17:50:21:371
0.842;4.98;9.261;136.0;1.0;51.2;48.1563;11.54131;487.1;NaN;44.0;4.9;232.8;10 / 19;763423;2018-11-09 17:50:21:472
0.756;5.133;8.801;144.0;1.0;51.2;48.1563;11.54131;487.1;NaN;44.0;4.9;232.8;10 / 19;763521;2018-11-09 17:50:21:570
0.823;4.989;9.385;138.0;1.0;54.06;48.1563;11.54131;487.1;NaN;44.0;4.9;232.8;10 / 19;763622;2018-11-09 17:50:21:671
0.718;5.095;8.983;154.0;1.0;54.06;48.1563;11.54131;487.1;NaN;44.0;4.9;232.8;10 / 19;763721;2018-11-09 17:50:21:770
0.574;4.913;9.328;153.0;1.0;54.06;48.1563;11.54131;487.1;NaN;44.0;4.9;232.8;10 / 19;763821;2018-11-09 17:50:21:870
0.823;5.095;9.481;151.0;1.0;54.96;48.1563;11.54131;487.1;NaN;44.0;4.9;232.8;10 / 19;763921;2018-11-09 17:50:21:970
0.842;4.798;9.203;148.0;1.0;54.96;48.1563;11.54131;487.1;NaN;44.0;4.9;232.8;10 / 19;764021;2018-11-09 17:50:22:070
0.938;4.989;9.127;139.0;1.0;54.96;48.15623;11.54117;486.4;NaN;43.7;5.0;233.8;10 / 19;764122;2018-11-09 17:50:22:171
1.082;5.008;9.241;153.0;1.0;51.52;48.15623;11.54117;486.4;NaN;43.7;5.0;233.8;10 / 19;764222;2018-11-09 17:50:22:271
0.651;4.826;9.615;168.0;1.0;51.52;48.15623;11.54117;486.4;NaN;43.7;5.0;233.8;9 / 19;764322;2018-11-09 17:50:22:371
0.833;5.008;9.634;157.0;1.0;51.52;48.15623;11.54117;486.4;NaN;43.7;5.0;233.8;9 / 19;764422;2018-11-09 17:50:22:471
0.861;5.114;8.791;163.0;1.0;52.67;48.15623;11.54117;486.4;NaN;43.7;5.0;233.8;9 / 19;764522;2018-11-09 17:50:22:571
1.024;5.152;9.194;169.0;1.0;52.67;48.15623;11.54117;486.4;NaN;43.7;5.0;233.8;9 / 19;764622;2018-11-09 17:50:22:671
0.814;5.085;8.868;150.0;1.0;52.67;48.15623;11.54117;486.4;NaN;43.7;5.0;233.8;9 / 19;764721;2018-11-09 17:50:22:770
0.909;5.162;9.308;164.0;1.0;52.85;48.15623;11.54117;486.4;NaN;43.7;5.0;233.8;9 / 19;764821;2018-11-09 17:50:22:870
0.842;5.181;9.155;167.0;1.0;52.85;48.15623;11.54117;486.4;NaN;43.7;5.0;233.8;9 / 19;764922;2018-11-09 17:50:22:971
0.632;5.19;9.356;152.0;1.0;52.85;48.15623;11.54117;486.4;NaN;43.7;5.0;233.8;9 / 19;765022;2018-11-09 17:50:23:071
0.699;4.855;9.28;172.0;1.0;51.22;48.15616;11.54103;485.9;NaN;44.1;5.1;232.0;9 / 19;765122;2018-11-09 17:50:23:171
1.043;4.874;9.615;161.0;1.0;51.22;48.15616;11.54103;485.9;NaN;44.1;5.1;232.0;9 / 19;765222;2018-11-09 17:50:23:271
1.465;5.037;9.146;149.0;1.0;51.22;48.15616;11.54103;485.9;NaN;44.1;5.1;232.0;9 / 19;765322;2018-11-09 17:50:23:371
1.292;5.008;9.031;160.0;1.0;51.41;48.15616;11.54103;485.9;NaN;44.1;5.1;232.0;9 / 19;765421;2018-11-09 17:50:23:470
0.9;4.989;9.098;193.0;1.0;51.41;48.15616;11.54103;485.9;NaN;44.1;5.1;232.0;9 / 19;765521;2018-11-09 17:50:23:570
0.852;5.095;8.992;191.0;1.0;51.41;48.15616;11.54103;485.9;NaN;44.1;5.1;232.0;9 / 19;765621;2018-11-09 17:50:23:670
0.928;5.162;9.031;187.0;1.0;52.77;48.15616;11.54103;485.9;NaN;44.1;5.1;232.0;9 / 19;765722;2018-11-09 17:50:23:771
0.756;5.037;9.414;173.0;1.0;52.77;48.15616;11.54103;485.9;NaN;44.1;5.1;232.0;9 / 19;765822;2018-11-09 17:50:23:871
0.842;4.846;9.146;177.0;1.0;52.77;48.15616;11.54103;485.9;NaN;44.1;5.1;232.0;9 / 19;765922;2018-11-09 17:50:23:971
0.871;4.951;9.232;193.0;1.0;51.84;48.15616;11.54103;485.9;NaN;44.1;5.1;232.0;9 / 19;766022;2018-11-09 17:50:24:071
0.9;4.941;9.49;171.0;1.0;51.84;48.15608;11.54091;485.3;NaN;44.2;5.3;230.0;9 / 19;766122;2018-11-09 17:50:24:171
1.015;5.066;9.299;166.0;1.0;51.84;48.15608;11.54091;485.3;NaN;44.2;5.3;230.0;9 / 19;766222;2018-11-09 17:50:24:271
1.11;5.085;9.05;170.0;1.0;53.45;48.15608;11.54091;485.3;NaN;44.2;5.3;230.0;9 / 19;766322;2018-11-09 17:50:24:371
0.928;5.162;9.194;165.0;1.0;53.45;48.15608;11.54091;485.3;NaN;44.2;5.3;230.0;9 / 19;766422;2018-11-09 17:50:24:471
0.881;5.104;9.012;174.0;1.0;53.45;48.15608;11.54091;485.3;NaN;44.2;5.3;230.0;9 / 19;766522;2018-11-09 17:50:24:571
0.804;4.932;9.443;167.0;1.0;51.8;48.15608;11.54091;485.3;NaN;44.2;5.3;230.0;9 / 19;766622;2018-11-09 17:50:24:671
0.919;4.96;9.136;165.0;1.0;51.8;48.15608;11.54091;485.3;NaN;44.2;5.3;230.0;9 / 19;766722;2018-11-09 17:50:24:771
1.015;4.989;9.289;161.0;1.0;51.8;48.15608;11.54091;485.3;NaN;44.2;5.3;230.0;9 / 19;766821;2018-11-09 17:50:24:870
1.11;4.989;9.395;169.0;1.0;50.74;48.15608;11.54091;485.3;NaN;44.2;5.3;230.0;9 / 19;766921;2018-11-09 17:50:24:970
1.072;5.028;9.107;177.0;1.0;50.74;48.15608;11.54091;485.3;NaN;44.2;5.3;230.0;9 / 19;767022;2018-11-09 17:50:25:071
0.833;4.922;9.414;159.0;1.0;50.74;48.156;11.54078;484.7;NaN;44.3;5.4;228.9;9 / 19;767125;2018-11-09 17:50:25:174
0.766;4.97;9.174;153.0;1.0;53.02;48.156;11.54078;484.7;NaN;44.3;5.4;228.9;9 / 19;767221;2018-11-09 17:50:25:270
0.948;5.181;9.117;161.0;1.0;53.02;48.156;11.54078;484.7;NaN;44.3;5.4;228.9;9 / 19;767321;2018-11-09 17:50:25:370
0.852;4.98;9.107;140.0;1.0;53.02;48.156;11.54078;484.7;NaN;44.3;5.4;228.9;9 / 19;767421;2018-11-09 17:50:25:470
0.976;5.066;9.414;174.0;1.0;50.67;48.156;11.54078;484.7;NaN;44.3;5.4;228.9;9 / 19;767522;2018-11-09 17:50:25:571
0.996;4.941;8.964;164.0;1.0;50.67;48.156;11.54078;484.7;NaN;44.3;5.4;228.9;9 / 19;767622;2018-11-09 17:50:25:671
0.957;4.951;9.5;155.0;1.0;50.67;48.156;11.54078;484.7;NaN;44.3;5.4;228.9;9 / 19;767722;2018-11-09 17:50:25:771
1.015;5.008;9.155;153.0;1.0;51.64;48.156;11.54078;484.7;NaN;44.3;5.4;228.9;9 / 19;767822;2018-11-09 17:50:25:871
0.957;4.951;9.203;168.0;1.0;51.64;48.156;11.54078;484.7;NaN;44.3;5.4;228.9;9 / 19;767922;2018-11-09 17:50:25:971
0.881;4.874;9.462;161.0;1.0;51.64;48.156;11.54078;484.7;NaN;44.3;5.4;228.9;9 / 19;768021;2018-11-09 17:50:26:070
0.948;4.98;9.165;170.0;1.0;55.64;48.15593;11.54067;484.2;NaN;43.3;5.4;228.2;9 / 19;768121;2018-11-09 17:50:26:170
0.986;4.893;9.5;168.0;1.0;55.64;48.15593;11.54067;484.2;NaN;43.3;5.4;228.2;9 / 19;768221;2018-11-09 17:50:26:270
1.245;5.229;8.887;167.0;1.0;55.64;48.15593;11.54067;484.2;NaN;43.3;5.4;228.2;9 / 19;768321;2018-11-09 17:50:26:370
1.091;5.286;8.609;150.0;1.0;51.51;48.15593;11.54067;484.2;NaN;43.3;5.4;228.2;9 / 19;768422;2018-11-09 17:50:26:471
0.986;4.922;9.5;168.0;1.0;51.51;48.15593;11.54067;484.2;NaN;43.3;5.4;228.2;9 / 19;768522;2018-11-09 17:50:26:571
1.034;5.085;9.146;173.0;1.0;51.51;48.15593;11.54067;484.2;NaN;43.3;5.4;228.2;9 / 19;768622;2018-11-09 17:50:26:671
0.967;4.941;9.299;177.0;1.0;51.82;48.15593;11.54067;484.2;NaN;43.3;5.4;228.2;9 / 19;768721;2018-11-09 17:50:26:770
1.053;5.142;9.184;167.0;1.0;51.82;48.15593;11.54067;484.2;NaN;43.3;5.4;228.2;9 / 19;768821;2018-11-09 17:50:26:870
0.756;4.999;9.05;173.0;1.0;51.82;48.15593;11.54067;484.2;NaN;43.3;5.4;228.2;9 / 19;768922;2018-11-09 17:50:26:971
0.775;4.999;9.519;152.0;1.0;51.17;48.15593;11.54067;484.2;NaN;43.3;5.4;228.2;9 / 19;769021;2018-11-09 17:50:27:070
0.861;4.893;9.261;153.0;1.0;51.17;48.15586;11.54057;483.4;NaN;41.5;5.5;227.2;9 / 19;769124;2018-11-09 17:50:27:173
1.015;5.028;9.376;171.0;1.0;51.17;48.15586;11.54057;483.4;NaN;41.5;5.5;227.2;9 / 19;769222;2018-11-09 17:50:27:271
1.139;5.075;9.117;172.0;1.0;49.39;48.15586;11.54057;483.4;NaN;41.5;5.5;227.2;9 / 19;769322;2018-11-09 17:50:27:371
1.177;5.114;9.021;159.0;1.0;49.39;48.15586;11.54057;483.4;NaN;41.5;5.5;227.2;9 / 19;769422;2018-11-09 17:50:27:471
0.996;5.056;9.04;151.0;1.0;49.39;48.15586;11.54057;483.4;NaN;41.5;5.5;227.2;9 / 19;769521;2018-11-09 17:50:27:570
0.928;4.817;9.328;170.0;1.0;50.1;48.15586;11.54057;483.4;NaN;41.5;5.5;227.2;9 / 19;769621;2018-11-09 17:50:27:670
1.091;5.066;9.289;156.0;1.0;50.1;48.15586;11.54057;483.4;NaN;41.5;5.5;227.2;9 / 19;769722;2018-11-09 17:50:27:771
1.063;4.941;9.213;162.0;1.0;50.1;48.15586;11.54057;483.4;NaN;41.5;5.5;227.2;9 / 19;769822;2018-11-09 17:50:27:871
1.091;5.056;9.404;135.0;1.0;48.93;48.15586;11.54057;483.4;NaN;41.5;5.5;227.2;9 / 19;769921;2018-11-09 17:50:27:970
0.909;4.826;9.376;156.0;1.0;48.93;48.15586;11.54057;483.4;NaN;41.5;5.5;227.2;9 / 19;770021;2018-11-09 17:50:28:070
1.206;5.085;9.05;147.0;1.0;48.93;48.15586;11.54057;483.4;NaN;41.5;5.5;227.2;9 / 19;770121;2018-11-09 17:50:28:170
1.139;4.989;9.366;159.0;1.0;53.14;48.15578;11.54047;482.6;NaN;40.4;5.5;226.6;9 / 19;770222;2018-11-09 17:50:28:271
1.063;4.884;9.586;163.0;1.0;53.14;48.15578;11.54047;482.6;NaN;40.4;5.5;226.6;9 / 19;770322;2018-11-09 17:50:28:371
1.11;4.817;9.146;178.0;1.0;53.14;48.15578;11.54047;482.6;NaN;40.4;5.5;226.6;9 / 19;770421;2018-11-09 17:50:28:470
1.206;4.922;9.701;159.0;1.0;51.58;48.15578;11.54047;482.6;NaN;40.4;5.5;226.6;9 / 19;770521;2018-11-09 17:50:28:570
1.216;4.807;9.337;153.0;1.0;51.58;48.15578;11.54047;482.6;NaN;40.4;5.5;226.6;9 / 19;770621;2018-11-09 17:50:28:670
1.082;4.826;9.462;152.0;1.0;51.58;48.15578;11.54047;482.6;NaN;40.4;5.5;226.6;9 / 19;770722;2018-11-09 17:50:28:771
1.264;4.941;9.395;173.0;1.0;51.58;48.15578;11.54047;482.6;NaN;40.4;5.5;226.6;9 / 19;770822;2018-11-09 17:50:28:871
1.216;5.037;9.232;162.0;1.0;51.15;48.15578;11.54047;482.6;NaN;40.4;5.5;226.6;9 / 19;770922;2018-11-09 17:50:28:971
0.938;4.778;9.519;170.0;1.0;51.15;48.15578;11.54047;482.6;NaN;40.4;5.5;226.6;9 / 19;771022;2018-11-09 17:50:29:071
1.12;4.97;9.519;164.0;1.0;51.15;48.15572;11.54037;482.0;NaN;39.0;5.7;226.2;9 / 19;771122;2018-11-09 17:50:29:171
1.168;4.913;9.299;164.0;1.0;49.81;48.15572;11.54037;482.0;NaN;39.0;5.7;226.2;9 / 19;771222;2018-11-09 17:50:29:271
1.254;5.018;9.308;158.0;1.0;49.81;48.15572;11.54037;482.0;NaN;39.0;5.7;226.2;9 / 19;771321;2018-11-09 17:50:29:370
1.197;4.855;9.443;153.0;1.0;49.81;48.15572;11.54037;482.0;NaN;39.0;5.7;226.2;9 / 19;771422;2018-11-09 17:50:29:471
1.57;5.411;8.734;160.0;1.0;53.47;48.15572;11.54037;482.0;NaN;39.0;5.7;226.2;9 / 19;771522;2018-11-09 17:50:29:571
1.925;5.229;9.079;149.0;1.0;53.47;48.15572;11.54037;482.0;NaN;39.0;5.7;226.2;9 / 19;771622;2018-11-09 17:50:29:671
0.909;4.501;10.228;170.0;1.0;53.47;48.15572;11.54037;482.0;NaN;39.0;5.7;226.2;9 / 19;771721;2018-11-09 17:50:29:770
0.076;4.616;9.692;176.0;1.0;50.55;48.15572;11.54037;482.0;NaN;39.0;5.7;226.2;9 / 19;771821;2018-11-09 17:50:29:870
0.038;4.558;10.228;163.0;1.0;50.55;48.15572;11.54037;482.0;NaN;39.0;5.7;226.2;9 / 19;771922;2018-11-09 17:50:29:971
0.411;4.07;10.496;150.0;1.0;50.55;48.15572;11.54037;482.0;NaN;39.0;5.7;226.2;9 / 19;772022;2018-11-09 17:50:30:071
0.689;4.108;9.874;156.0;1.0;51.24;48.15565;11.54027;481.4;NaN;38.3;5.7;225.9;9 / 19;772121;2018-11-09 17:50:30:170
-0.009;4.108;10.123;143.0;1.0;51.24;48.15565;11.54027;481.4;NaN;38.3;5.7;225.9;9 / 19;772221;2018-11-09 17:50:30:270
-0.009;4.07;13.216;138.0;1.0;51.24;48.15565;11.54027;481.4;NaN;38.3;5.7;225.9;9 / 19;772322;2018-11-09 17:50:30:371
0.229;3.897;9.107;130.0;1.0;51.2;48.15565;11.54027;481.4;NaN;38.3;5.7;225.9;9 / 19;772421;2018-11-09 17:50:30:470
1.177;4.213;10.946;143.0;1.0;51.2;48.15565;11.54027;481.4;NaN;38.3;5.7;225.9;9 / 19;772521;2018-11-09 17:50:30:570
1.082;3.85;10.755;120.0;1.0;51.2;48.15565;11.54027;481.4;NaN;38.3;5.7;225.9;9 / 19;772621;2018-11-09 17:50:30:670
0.938;3.658;8.035;121.0;1.0;51.1;48.15565;11.54027;481.4;NaN;38.3;5.7;225.9;9 / 19;772722;2018-11-09 17:50:30:771
1.235;4.137;8.954;132.0;1.0;51.1;48.15565;11.54027;481.4;NaN;38.3;5.7;225.9;9 / 19;772821;2018-11-09 17:50:30:870
0.574;4.213;9.72;137.0;1.0;51.1;48.15565;11.54027;481.4;NaN;38.3;5.7;225.9;9 / 19;772921;2018-11-09 17:50:30:970
0.919;4.261;10.027;139.0;1.0;49.67;48.15565;11.54027;481.4;NaN;38.3;5.7;225.9;9 / 19;773021;2018-11-09 17:50:31:070
0.967;4.28;10.161;117.0;1.0;49.67;48.15559;11.54016;480.9;NaN;38.3;5.9;227.5;9 / 19;773121;2018-11-09 17:50:31:170
0.296;4.51;10.132;147.0;1.0;49.67;48.15559;11.54016;480.9;NaN;38.3;5.9;227.5;9 / 19;773222;2018-11-09 17:50:31:271
0.44;4.003;9.931;139.0;1.0;50.96;48.15559;11.54016;480.9;NaN;38.3;5.9;227.5;9 / 19;773322;2018-11-09 17:50:31:371
1.024;4.137;10.036;136.0;1.0;50.96;48.15559;11.54016;480.9;NaN;38.3;5.9;227.5;9 / 19;773422;2018-11-09 17:50:31:471
0.316;3.524;7.431;135.0;1.0;50.96;48.15559;11.54016;480.9;NaN;38.3;5.9;227.5;9 / 19;773521;2018-11-09 17:50:31:570
-0.009;4.28;8.849;131.0;1.0;48.98;48.15559;11.54016;480.9;NaN;38.3;5.9;227.5;9 / 19;773621;2018-11-09 17:50:31:670
0.976;3.361;9.95;133.0;1.0;48.98;48.15559;11.54016;480.9;NaN;38.3;5.9;227.5;9 / 19;773722;2018-11-09 17:50:31:771
0.794;3.62;10.822;136.0;1.0;48.98;48.15559;11.54016;480.9;NaN;38.3;5.9;227.5;9 / 19;773822;2018-11-09 17:50:31:871
0.641;3.447;10.458;129.0;1.0;49.11;48.15559;11.54016;480.9;NaN;38.3;5.9;227.5;9 / 19;773922;2018-11-09 17:50:31:971
0.852;3.39;10.199;119.0;1.0;49.11;48.15559;11.54016;480.9;NaN;38.3;5.9;227.5;9 / 19;774021;2018-11-09 17:50:32:070
0.804;3.457;10.19;111.0;1.0;49.11;48.15551;11.54003;480.3;NaN;39.9;6.0;229.0;9 / 19;774122;2018-11-09 17:50:32:171
0.861;3.486;10.563;116.0;1.0;50.01;48.15551;11.54003;480.3;NaN;39.9;6.0;229.0;9 / 19;774222;2018-11-09 17:50:32:271
0.775;3.543;10.132;111.0;1.0;50.01;48.15551;11.54003;480.3;NaN;39.9;6.0;229.0;9 / 19;774321;2018-11-09 17:50:32:370
0.622;4.051;12.469;131.0;1.0;50.01;48.15551;11.54003;480.3;NaN;39.9;6.0;229.0;9 / 19;774422;2018-11-09 17:50:32:471
0.325;4.29;9.088;146.0;1.0;48.04;48.15551;11.54003;480.3;NaN;39.9;6.0;229.0;9 / 19;774522;2018-11-09 17:50:32:571
0.938;4.118;9.557;142.0;1.0;48.04;48.15551;11.54003;480.3;NaN;39.9;6.0;229.0;9 / 19;774622;2018-11-09 17:50:32:671
0.641;3.802;10.458;143.0;1.0;48.04;48.15551;11.54003;480.3;NaN;39.9;6.0;229.0;9 / 19;774722;2018-11-09 17:50:32:771
0.727;3.936;10.659;126.0;1.0;47.85;48.15551;11.54003;480.3;NaN;39.9;6.0;229.0;9 / 19;774822;2018-11-09 17:50:32:871
0.756;3.964;9.807;131.0;1.0;47.85;48.15551;11.54003;480.3;NaN;39.9;6.0;229.0;9 / 19;774922;2018-11-09 17:50:32:971
1.35;4.711;9.079;129.0;1.0;47.85;48.15551;11.54003;480.3;NaN;39.9;6.0;229.0;9 / 19;775022;2018-11-09 17:50:33:071
0.967;4.309;10.4;139.0;1.0;48.11;48.15544;11.5399;479.7;NaN;41.3;6.2;230.4;8 / 19;775121;2018-11-09 17:50:33:170
1.245;4.319;9.711;125.0;1.0;48.11;48.15544;11.5399;479.7;NaN;41.3;6.2;230.4;8 / 19;775222;2018-11-09 17:50:33:271
1.446;4.367;9.845;133.0;1.0;48.11;48.15544;11.5399;479.7;NaN;41.3;6.2;230.4;8 / 19;775322;2018-11-09 17:50:33:371
1.283;4.204;9.615;116.0;1.0;46.27;48.15544;11.5399;479.7;NaN;41.3;6.2;230.4;8 / 19;775422;2018-11-09 17:50:33:471
1.771;5.085;13.714;121.0;1.0;46.27;48.15544;11.5399;479.7;NaN;41.3;6.2;230.4;8 / 19;775524;2018-11-09 17:50:33:573
1.254;4.079;10.448;124.0;1.0;46.27;48.15544;11.5399;479.7;NaN;41.3;6.2;230.4;8 / 19;775623;2018-11-09 17:50:33:672
1.168;3.955;9.749;128.0;1.0;47.76;48.15544;11.5399;479.7;NaN;41.3;6.2;230.4;8 / 19;775722;2018-11-09 17:50:33:771
1.407;3.955;9.874;120.0;1.0;47.76;48.15544;11.5399;479.7;NaN;41.3;6.2;230.4;8 / 19;775822;2018-11-09 17:50:33:871
1.407;3.83;10.017;127.0;1.0;47.76;48.15544;11.5399;479.7;NaN;41.3;6.2;230.4;8 / 19;775921;2018-11-09 17:50:33:970
1.158;3.878;10.123;122.0;1.0;52.17;48.15544;11.5399;479.7;NaN;41.3;6.2;230.4;8 / 19;776022;2018-11-09 17:50:34:071
0.268;4.223;10.544;127.0;1.0;52.17;48.15539;11.53978;479.3;NaN;41.0;6.4;231.3;7 / 19;776121;2018-11-09 17:50:34:170
0.335;4.529;10.678;126.0;1.0;52.17;48.15539;11.53978;479.3;NaN;41.0;6.4;231.3;7 / 19;776221;2018-11-09 17:50:34:270
0.201;4.597;9.615;121.0;1.0;50.41;48.15539;11.53978;479.3;NaN;41.0;6.4;231.3;7 / 19;776322;2018-11-09 17:50:34:371
0.067;4.951;9.941;122.0;1.0;50.41;48.15539;11.53978;479.3;NaN;41.0;6.4;231.3;7 / 19;776422;2018-11-09 17:50:34:471
0.383;4.328;10.889;120.0;1.0;50.41;48.15539;11.53978;479.3;NaN;41.0;6.4;231.3;7 / 19;776522;2018-11-09 17:50:34:571
0.229;4.319;9.376;144.0;1.0;48.61;48.15539;11.53978;479.3;NaN;41.0;6.4;231.3;7 / 19;776622;2018-11-09 17:50:34:671
-0.287;4.903;9.605;156.0;1.0;48.61;48.15539;11.53978;479.3;NaN;41.0;6.4;231.3;7 / 19;776722;2018-11-09 17:50:34:771
-0.612;4.367;10.908;144.0;1.0;48.61;48.15539;11.53978;479.3;NaN;41.0;6.4;231.3;7 / 19;776822;2018-11-09 17:50:34:871
-0.507;4.922;9.874;124.0;1.0;48.3;48.15539;11.53978;479.3;NaN;41.0;6.4;231.3;7 / 19;776921;2018-11-09 17:50:34:970
-0.996;4.558;10.065;128.0;1.0;48.3;48.15539;11.53978;479.3;NaN;41.0;6.4;231.3;7 / 19;777021;2018-11-09 17:50:35:070
-0.632;5.296;9.816;138.0;1.0;48.3;48.15535;11.53965;478.8;NaN;40.4;6.6;234.5;7 / 19;777121;2018-11-09 17:50:35:170
-0.612;4.913;9.127;135.0;1.0;42.08;48.15535;11.53965;478.8;NaN;40.4;6.6;234.5;7 / 19;777221;2018-11-09 17:50:35:270
-0.478;4.271;10.276;142.0;1.0;42.08;48.15535;11.53965;478.8;NaN;40.4;6.6;234.5;7 / 19;777322;2018-11-09 17:50:35:371
0.019;4.031;10.113;118.0;1.0;42.08;48.15535;11.53965;478.8;NaN;40.4;6.6;234.5;7 / 19;777422;2018-11-09 17:50:35:471
0.287;4.003;10.563;120.0;1.0;54.22;48.15535;11.53965;478.8;NaN;40.4;6.6;234.5;7 / 19;777522;2018-11-09 17:50:35:571
0.134;3.83;10.199;133.0;1.0;54.22;48.15535;11.53965;478.8;NaN;40.4;6.6;234.5;7 / 19;777622;2018-11-09 17:50:35:671
-0.086;4.711;9.519;127.0;1.0;54.22;48.15535;11.53965;478.8;NaN;40.4;6.6;234.5;7 / 19;777721;2018-11-09 17:50:35:770
-0.459;5.382;9.059;148.0;1.0;46.09;48.15535;11.53965;478.8;NaN;40.4;6.6;234.5;7 / 19;777821;2018-11-09 17:50:35:870
-0.392;4.644;10.41;146.0;1.0;46.09;48.15535;11.53965;478.8;NaN;40.4;6.6;234.5;7 / 19;777921;2018-11-09 17:50:35:970
-0.603;4.702;10.63;171.0;1.0;46.09;48.15535;11.53965;478.8;NaN;40.4;6.6;234.5;7 / 19;778021;2018-11-09 17:50:36:070
-0.019;4.616;9.548;146.0;1.0;44.97;48.15532;11.53953;478.3;NaN;39.8;6.8;235.5;5 / 19;778122;2018-11-09 17:50:36:171
-0.086;4.798;9.347;143.0;1.0;44.97;48.15532;11.53953;478.3;NaN;39.8;6.8;235.5;5 / 19;778222;2018-11-09 17:50:36:271
-0.086;4.29;10.496;125.0;1.0;44.97;48.15532;11.53953;478.3;NaN;39.8;6.8;235.5;5 / 19;778322;2018-11-09 17:50:36:371
-0.191;4.07;10.19;133.0;1.0;45.2;48.15532;11.53953;478.3;NaN;39.8;6.8;235.5;5 / 19;778422;2018-11-09 17:50:36:471
0.124;4.338;10.285;135.0;1.0;45.2;48.15532;11.53953;478.3;NaN;39.8;6.8;235.5;5 / 19;778522;2018-11-09 17:50:36:571
-0.162;4.52;10.065;118.0;1.0;45.2;48.15532;11.53953;478.3;NaN;39.8;6.8;235.5;5 / 19;778622;2018-11-09 17:50:36:671
-0.22;4.501;10.142;136.0;1.0;43.53;48.15532;11.53953;478.3;NaN;39.8;6.8;235.5;5 / 19;778722;2018-11-09 17:50:36:771
-0.373;4.702;10.362;134.0;1.0;43.53;48.15532;11.53953;478.3;NaN;39.8;6.8;235.5;5 / 19;778822;2018-11-09 17:50:36:871
-0.488;4.999;10.123;147.0;1.0;43.53;48.15532;11.53953;478.3;NaN;39.8;6.8;235.5;5 / 19;778922;2018-11-09 17:50:36:971
0.095;4.826;10.123;159.0;1.0;43.52;48.15532;11.53953;478.3;NaN;39.8;6.8;235.5;5 / 19;779022;2018-11-09 17:50:37:071
-1.177;4.577;10.582;159.0;1.0;43.52;48.15528;11.5394;477.8;NaN;39.5;7.1;236.8;5 / 19;779122;2018-11-09 17:50:37:171
-0.622;4.711;10.209;134.0;1.0;43.52;48.15528;11.5394;477.8;NaN;39.5;7.1;236.8;5 / 19;779221;2018-11-09 17:50:37:270
-0.67;5.257;9.481;122.0;1.0;49.29;48.15528;11.5394;477.8;NaN;39.5;7.1;236.8;5 / 19;779321;2018-11-09 17:50:37:370
-0.411;5.085;9.308;142.0;1.0;49.29;48.15528;11.5394;477.8;NaN;39.5;7.1;236.8;5 / 19;779421;2018-11-09 17:50:37:470
-0.727;4.146;9.672;136.0;1.0;49.29;48.15528;11.5394;477.8;NaN;39.5;7.1;236.8;5 / 19;779521;2018-11-09 17:50:37:570
-0.421;4.51;9.969;127.0;1.0;47.87;48.15528;11.5394;477.8;NaN;39.5;7.1;236.8;5 / 19;779621;2018-11-09 17:50:37:670
-0.43;4.711;10.554;112.0;1.0;47.87;48.15528;11.5394;477.8;NaN;39.5;7.1;236.8;5 / 19;779722;2018-11-09 17:50:37:771
-0.268;5.085;9.605;125.0;1.0;47.87;48.15528;11.5394;477.8;NaN;39.5;7.1;236.8;5 / 19;779822;2018-11-09 17:50:37:871
-0.181;5.085;9.261;112.0;1.0;43.93;48.15528;11.5394;477.8;NaN;39.5;7.1;236.8;5 / 19;779922;2018-11-09 17:50:37:971
-0.363;4.52;10.036;126.0;1.0;43.93;48.15528;11.5394;477.8;NaN;39.5;7.1;236.8;5 / 19;780022;2018-11-09 17:50:38:071
-0.134;4.884;10.343;123.0;1.0;43.93;48.15525;11.53927;477.3;NaN;39.5;7.3;238.2;5 / 19;780122;2018-11-09 17:50:38:171
0.268;4.472;9.759;114.0;1.0;50.59;48.15525;11.53927;477.3;NaN;39.5;7.3;238.2;5 / 19;780222;2018-11-09 17:50:38:271
-0.363;4.166;10.716;116.0;1.0;50.59;48.15525;11.53927;477.3;NaN;39.5;7.3;238.2;5 / 19;780321;2018-11-09 17:50:38:370
-0.785;4.079;10.803;124.0;1.0;50.59;48.15525;11.53927;477.3;NaN;39.5;7.3;238.2;5 / 19;780421;2018-11-09 17:50:38:470
-0.143;4.51;9.73;129.0;1.0;42.78;48.15525;11.53927;477.3;NaN;39.5;7.3;238.2;5 / 19;780522;2018-11-09 17:50:38:571
-0.114;4.252;9.874;123.0;1.0;42.78;48.15525;11.53927;477.3;NaN;39.5;7.3;238.2;5 / 19;780622;2018-11-09 17:50:38:671
-0.201;4.146;10.4;142.0;1.0;42.78;48.15525;11.53927;477.3;NaN;39.5;7.3;238.2;5 / 19;780722;2018-11-09 17:50:38:771
-0.009;4.28;10.266;131.0;1.0;43.05;48.15525;11.53927;477.3;NaN;39.5;7.3;238.2;5 / 19;780822;2018-11-09 17:50:38:871
-0.277;4.395;10.228;118.0;1.0;43.05;48.15525;11.53927;477.3;NaN;39.5;7.3;238.2;5 / 19;780922;2018-11-09 17:50:38:971
-0.249;4.357;10.305;124.0;1.0;43.05;48.15525;11.53927;477.3;NaN;39.5;7.3;238.2;5 / 19;781022;2018-11-09 17:50:39:071
-0.172;4.453;10.343;142.0;1.0;47.49;48.1552;11.53915;476.8;NaN;39.2;7.6;239.6;5 / 19;781122;2018-11-09 17:50:39:171
-0.45;4.395;10.008;126.0;1.0;47.49;48.1552;11.53915;476.8;NaN;39.2;7.6;239.6;5 / 19;781221;2018-11-09 17:50:39:270
-0.411;4.204;10.247;128.0;1.0;47.49;48.1552;11.53915;476.8;NaN;39.2;7.6;239.6;5 / 19;781321;2018-11-09 17:50:39:370
-0.335;4.788;9.701;123.0;1.0;46.66;48.1552;11.53915;476.8;NaN;39.2;7.6;239.6;5 / 19;781421;2018-11-09 17:50:39:470
-0.44;4.443;10.707;145.0;1.0;46.66;48.1552;11.53915;476.8;NaN;39.2;7.6;239.6;5 / 19;781521;2018-11-09 17:50:39:570
-0.43;4.453;10.065;130.0;1.0;46.66;48.1552;11.53915;476.8;NaN;39.2;7.6;239.6;5 / 19;781621;2018-11-09 17:50:39:670
-0.325;4.395;10.285;127.0;1.0;49.71;48.1552;11.53915;476.8;NaN;39.2;7.6;239.6;5 / 19;781721;2018-11-09 17:50:39:770
-0.086;4.137;10.18;133.0;1.0;49.71;48.1552;11.53915;476.8;NaN;39.2;7.6;239.6;5 / 19;781821;2018-11-09 17:50:39:870
0.009;4.213;9.941;124.0;1.0;49.71;48.1552;11.53915;476.8;NaN;39.2;7.6;239.6;5 / 19;781922;2018-11-09 17:50:39:971
0.038;4.06;10.563;135.0;1.0;50.53;48.1552;11.53915;476.8;NaN;39.2;7.6;239.6;5 / 19;782021;2018-11-09 17:50:40:070
-0.268;4.146;10.132;119.0;1.0;50.53;48.15517;11.53904;476.3;NaN;38.7;7.8;240.0;5 / 19;782122;2018-11-09 17:50:40:171
-0.181;4.491;10.592;126.0;1.0;50.53;48.15517;11.53904;476.3;NaN;38.7;7.8;240.0;5 / 19;782222;2018-11-09 17:50:40:271
-0.095;4.328;9.902;122.0;1.0;48.77;48.15517;11.53904;476.3;NaN;38.7;7.8;240.0;5 / 19;782321;2018-11-09 17:50:40:370
-0.258;4.194;10.87;118.0;1.0;48.77;48.15517;11.53904;476.3;NaN;38.7;7.8;240.0;5 / 19;782421;2018-11-09 17:50:40:470
-0.143;4.309;10.333;118.0;1.0;48.77;48.15517;11.53904;476.3;NaN;38.7;7.8;240.0;5 / 19;782521;2018-11-09 17:50:40:570
-0.363;4.386;10.161;124.0;1.0;47.77;48.15517;11.53904;476.3;NaN;38.7;7.8;240.0;5 / 19;782621;2018-11-09 17:50:40:670
-0.526;4.376;10.506;115.0;1.0;47.77;48.15517;11.53904;476.3;NaN;38.7;7.8;240.0;5 / 19;782721;2018-11-09 17:50:40:770
-0.325;4.386;10.439;113.0;1.0;47.77;48.15517;11.53904;476.3;NaN;38.7;7.8;240.0;5 / 19;782821;2018-11-09 17:50:40:870
-0.373;4.252;10.458;109.0;1.0;47.54;48.15517;11.53904;476.3;NaN;38.7;7.8;240.0;5 / 19;782922;2018-11-09 17:50:40:971
-0.181;4.041;10.573;130.0;1.0;47.54;48.15517;11.53904;476.3;NaN;38.7;7.8;240.0;5 / 19;783021;2018-11-09 17:50:41:070
-0.526;4.213;10.534;123.0;1.0;47.54;48.15515;11.53902;476.0;NaN;35.3;8.0;237.2;6 / 19;783122;2018-11-09 17:50:41:171
-0.747;3.754;10.372;110.0;1.0;43.63;48.15515;11.53902;476.0;NaN;35.3;8.0;237.2;6 / 19;783222;2018-11-09 17:50:41:271
0.421;3.486;9.941;125.0;1.0;43.63;48.15515;11.53902;476.0;NaN;35.3;8.0;237.2;6 / 19;783321;2018-11-09 17:50:41:370
0.814;3.763;10.889;100.0;1.0;43.63;48.15515;11.53902;476.0;NaN;35.3;8.0;237.2;6 / 19;783421;2018-11-09 17:50:41:470
0.679;3.572;10.218;119.0;1.0;42.62;48.15515;11.53902;476.0;NaN;35.3;8.0;237.2;6 / 19;783521;2018-11-09 17:50:41:570
0.833;3.907;10.123;132.0;1.0;42.62;48.15515;11.53902;476.0;NaN;35.3;8.0;237.2;6 / 19;783621;2018-11-09 17:50:41:670
-0.498;3.715;11.348;117.0;1.0;42.62;48.15515;11.53902;476.0;NaN;35.3;8.0;237.2;6 / 19;783721;2018-11-09 17:50:41:770
-0.43;3.62;10.582;118.0;1.0;42.69;48.15515;11.53902;476.0;NaN;35.3;8.0;237.2;6 / 19;783821;2018-11-09 17:50:41:870
-0.268;3.811;10.716;106.0;1.0;42.69;48.15515;11.53902;476.0;NaN;35.3;8.0;237.2;6 / 19;783922;2018-11-09 17:50:41:971
0.459;3.687;10.161;122.0;1.0;42.69;48.15515;11.53902;476.0;NaN;35.3;8.0;237.2;6 / 19;784022;2018-11-09 17:50:42:071
0.143;3.974;10.314;119.0;1.0;42.69;48.15521;11.53912;475.7;NaN;27.6;7.9;235.8;6 / 19;784123;2018-11-09 17:50:42:172
-0.507;4.348;10.4;115.0;1.0;42.28;48.15521;11.53912;475.7;NaN;27.6;7.9;235.8;6 / 19;784221;2018-11-09 17:50:42:270
-0.114;3.907;10.391;101.0;1.0;42.28;48.15521;11.53912;475.7;NaN;27.6;7.9;235.8;6 / 19;784321;2018-11-09 17:50:42:370
-0.249;4.041;10.831;126.0;1.0;42.28;48.15521;11.53912;475.7;NaN;27.6;7.9;235.8;6 / 19;784421;2018-11-09 17:50:42:470
-0.45;3.984;10.783;127.0;1.0;41.41;48.15521;11.53912;475.7;NaN;27.6;7.9;235.8;6 / 19;784522;2018-11-09 17:50:42:571
-0.335;4.051;10.63;122.0;1.0;41.41;48.15521;11.53912;475.7;NaN;27.6;7.9;235.8;6 / 19;784622;2018-11-09 17:50:42:671
-0.239;3.85;10.649;121.0;1.0;41.41;48.15521;11.53912;475.7;NaN;27.6;7.9;235.8;6 / 19;784722;2018-11-09 17:50:42:771
-0.191;3.955;10.324;135.0;1.0;41.19;48.15521;11.53912;475.7;NaN;27.6;7.9;235.8;6 / 19;784822;2018-11-09 17:50:42:871
-0.172;3.859;10.41;122.0;1.0;41.19;48.15521;11.53912;475.7;NaN;27.6;7.9;235.8;6 / 19;784921;2018-11-09 17:50:42:970
-0.191;3.964;10.783;119.0;1.0;41.19;48.15521;11.53912;475.7;NaN;27.6;7.9;235.8;6 / 19;785021;2018-11-09 17:50:43:070
-0.162;3.802;10.735;127.0;1.0;40.59;48.15529;11.53931;475.4;NaN;18.8;7.8;232.3;6 / 19;785122;2018-11-09 17:50:43:171
-0.047;3.859;10.103;124.0;1.0;40.59;48.15529;11.53931;475.4;NaN;18.8;7.8;232.3;5 / 19;785222;2018-11-09 17:50:43:271
-0.009;3.572;10.755;122.0;1.0;40.59;48.15529;11.53931;475.4;NaN;18.8;7.8;232.3;5 / 19;785322;2018-11-09 17:50:43:371
-0.028;3.629;10.582;108.0;1.0;49.54;48.15529;11.53931;475.4;NaN;18.8;7.8;232.3;5 / 19;785421;2018-11-09 17:50:43:470
-0.201;3.84;10.688;108.0;1.0;49.54;48.15529;11.53931;475.4;NaN;18.8;7.8;232.3;5 / 19;785521;2018-11-09 17:50:43:570
-0.181;3.687;11.693;123.0;1.0;49.54;48.15529;11.53931;475.4;NaN;18.8;7.8;232.3;5 / 19;785621;2018-11-09 17:50:43:670
-0.019;3.936;10.285;114.0;1.0;52.12;48.15529;11.53931;475.4;NaN;18.8;7.8;232.3;5 / 19;785721;2018-11-09 17:50:43:770
-0.067;3.936;9.845;121.0;1.0;52.12;48.15529;11.53931;475.4;NaN;18.8;7.8;232.3;5 / 19;785822;2018-11-09 17:50:43:871
-0.086;4.051;10.199;121.0;1.0;52.12;48.15529;11.53931;475.4;NaN;18.8;7.8;232.3;5 / 19;785922;2018-11-09 17:50:43:971
-0.277;4.338;10.419;132.0;1.0;53.29;48.15529;11.53931;475.4;NaN;18.8;7.8;232.3;5 / 19;786022;2018-11-09 17:50:44:071
-0.402;4.252;10.161;131.0;1.0;53.29;48.15534;11.5394;475.0;NaN;14.0;7.7;233.7;5 / 19;786122;2018-11-09 17:50:44:171
-0.21;4.166;10.257;132.0;1.0;53.29;48.15534;11.5394;475.0;NaN;14.0;7.7;233.7;5 / 19;786223;2018-11-09 17:50:44:272
-0.22;4.233;10.391;142.0;1.0;51.66;48.15534;11.5394;475.0;NaN;14.0;7.7;233.7;5 / 19;786323;2018-11-09 17:50:44:372
-0.249;4.156;10.343;125.0;1.0;51.66;48.15534;11.5394;475.0;NaN;14.0;7.7;233.7;5 / 19;786422;2018-11-09 17:50:44:471
-0.258;4.185;10.592;130.0;1.0;51.66;48.15534;11.5394;475.0;NaN;14.0;7.7;233.7;5 / 19;786521;2018-11-09 17:50:44:570
-0.249;4.118;10.4;122.0;1.0;52.74;48.15534;11.5394;475.0;NaN;14.0;7.7;233.7;5 / 19;786622;2018-11-09 17:50:44:671
0.009;4.07;10.611;118.0;1.0;52.74;48.15534;11.5394;475.0;NaN;14.0;7.7;233.7;5 / 19;786722;2018-11-09 17:50:44:771
-0.172;4.089;10.458;119.0;1.0;52.74;48.15534;11.5394;475.0;NaN;14.0;7.7;233.7;5 / 19;786822;2018-11-09 17:50:44:871
-0.421;4.29;10.017;133.0;1.0;55.61;48.15534;11.5394;475.0;NaN;14.0;7.7;233.7;5 / 19;786922;2018-11-09 17:50:44:971
-0.344;4.166;11.214;130.0;1.0;55.61;48.15534;11.5394;475.0;NaN;14.0;7.7;233.7;5 / 19;787022;2018-11-09 17:50:45:071
-0.249;3.993;10.86;116.0;1.0;55.61;48.15536;11.53946;474.7;NaN;12.5;7.4;234.3;5 / 19;787122;2018-11-09 17:50:45:171
-0.287;4.031;10.659;130.0;1.0;40.57;48.15536;11.53946;474.7;NaN;12.5;7.4;234.3;6 / 19;787222;2018-11-09 17:50:45:271
-0.181;3.974;10.458;121.0;1.0;40.57;48.15536;11.53946;474.7;NaN;12.5;7.4;234.3;6 / 19;787321;2018-11-09 17:50:45:370
-0.296;4.07;10.391;141.0;1.0;40.57;48.15536;11.53946;474.7;NaN;12.5;7.4;234.3;6 / 19;787421;2018-11-09 17:50:45:470
-0.191;4.003;10.352;129.0;1.0;41.47;48.15536;11.53946;474.7;NaN;12.5;7.4;234.3;6 / 19;787522;2018-11-09 17:50:45:571
-0.153;4.051;10.17;111.0;1.0;41.47;48.15536;11.53946;474.7;NaN;12.5;7.4;234.3;6 / 19;787622;2018-11-09 17:50:45:671
-0.306;4.089;10.448;127.0;1.0;41.47;48.15536;11.53946;474.7;NaN;12.5;7.4;234.3;6 / 19;787721;2018-11-09 17:50:45:770
-0.373;4.031;10.333;127.0;1.0;44.15;48.15536;11.53946;474.7;NaN;12.5;7.4;234.3;6 / 19;787821;2018-11-09 17:50:45:870
-0.296;4.031;10.898;114.0;1.0;44.15;48.15536;11.53946;474.7;NaN;12.5;7.4;234.3;6 / 19;787921;2018-11-09 17:50:45:970
-0.392;3.964;10.812;130.0;1.0;44.15;48.15536;11.53946;474.7;NaN;12.5;7.4;234.3;6 / 19;788022;2018-11-09 17:50:46:071
-0.383;4.051;10.735;124.0;1.0;40.15;48.15538;11.53951;474.3;NaN;11.4;7.2;234.6;6 / 19;788121;2018-11-09 17:50:46:170
0.009;3.85;10.276;110.0;1.0;40.15;48.15538;11.53951;474.3;NaN;11.4;7.2;234.6;6 / 19;788221;2018-11-09 17:50:46:270
-0.306;4.031;10.391;119.0;1.0;40.15;48.15538;11.53951;474.3;NaN;11.4;7.2;234.6;6 / 19;788321;2018-11-09 17:50:46:370
-0.249;4.012;10.735;119.0;1.0;39.5;48.15538;11.53951;474.3;NaN;11.4;7.2;234.6;6 / 19;788422;2018-11-09 17:50:46:471
-0.402;3.859;10.362;121.0;1.0;39.5;48.15538;11.53951;474.3;NaN;11.4;7.2;234.6;6 / 19;788522;2018-11-09 17:50:46:571
-0.277;3.897;10.429;117.0;1.0;39.5;48.15538;11.53951;474.3;NaN;11.4;7.2;234.6;6 / 19;788622;2018-11-09 17:50:46:671
-0.172;3.869;10.735;126.0;1.0;38.21;48.15538;11.53951;474.3;NaN;11.4;7.2;234.6;6 / 19;788722;2018-11-09 17:50:46:771
-0.344;3.735;10.352;123.0;1.0;38.21;48.15538;11.53951;474.3;NaN;11.4;7.2;234.6;6 / 19;788821;2018-11-09 17:50:46:870
-0.44;3.821;10.755;132.0;1.0;38.21;48.15538;11.53951;474.3;NaN;11.4;7.2;234.6;6 / 19;788921;2018-11-09 17:50:46:970
-0.172;3.821;10.563;121.0;1.0;39.99;48.15538;11.53951;474.3;NaN;11.4;7.2;234.6;6 / 19;789021;2018-11-09 17:50:47:070
0.0;3.773;9.864;134.0;1.0;39.99;48.1554;11.53956;473.9;NaN;10.4;7.1;233.7;6 / 19;789121;2018-11-09 17:50:47:170
-0.536;3.85;11.099;119.0;1.0;39.99;48.1554;11.53956;473.9;NaN;10.4;7.1;233.7;6 / 19;789221;2018-11-09 17:50:47:270
-0.325;3.763;10.735;125.0;1.0;43.8;48.1554;11.53956;473.9;NaN;10.4;7.1;233.7;6 / 19;789322;2018-11-09 17:50:47:371
-0.296;3.677;10.707;121.0;1.0;43.8;48.1554;11.53956;473.9;NaN;10.4;7.1;233.7;6 / 19;789422;2018-11-09 17:50:47:471
-0.181;3.754;10.735;122.0;1.0;43.8;48.1554;11.53956;473.9;NaN;10.4;7.1;233.7;6 / 19;789522;2018-11-09 17:50:47:571
-0.258;3.629;10.467;125.0;1.0;45.5;48.1554;11.53956;473.9;NaN;10.4;7.1;233.7;6 / 19;789622;2018-11-09 17:50:47:671
-0.392;3.735;10.984;111.0;1.0;45.5;48.1554;11.53956;473.9;NaN;10.4;7.1;233.7;6 / 19;789722;2018-11-09 17:50:47:771
-0.181;3.658;10.486;111.0;1.0;45.5;48.1554;11.53956;473.9;NaN;10.4;7.1;233.7;6 / 19;789822;2018-11-09 17:50:47:871
-0.153;3.668;10.755;118.0;1.0;46.59;48.1554;11.53956;473.9;NaN;10.4;7.1;233.7;6 / 19;789922;2018-11-09 17:50:47:971
-0.296;3.677;10.601;126.0;1.0;46.59;48.1554;11.53956;473.9;NaN;10.4;7.1;233.7;6 / 19;790022;2018-11-09 17:50:48:071
-0.162;3.648;10.745;122.0;1.0;46.59;48.15542;11.53959;473.5;NaN;10.3;7.0;240.9;6 / 19;790122;2018-11-09 17:50:48:171
-0.191;3.668;10.458;109.0;1.0;45.68;48.15542;11.53959;473.5;NaN;10.3;7.0;240.9;6 / 19;790222;2018-11-09 17:50:48:271
-0.392;3.715;10.937;126.0;1.0;45.68;48.15542;11.53959;473.5;NaN;10.3;7.0;240.9;6 / 19;790321;2018-11-09 17:50:48:370
-0.258;3.668;10.678;107.0;1.0;45.68;48.15542;11.53959;473.5;NaN;10.3;7.0;240.9;6 / 19;790421;2018-11-09 17:50:48:470
-0.287;3.735;10.601;119.0;1.0;44.57;48.15542;11.53959;473.5;NaN;10.3;7.0;240.9;6 / 19;790521;2018-11-09 17:50:48:570
-0.191;3.782;10.726;127.0;1.0;44.57;48.15542;11.53959;473.5;NaN;10.3;7.0;240.9;6 / 19;790621;2018-11-09 17:50:48:670
-0.507;3.754;11.463;137.0;1.0;44.57;48.15542;11.53959;473.5;NaN;10.3;7.0;240.9;6 / 19;790721;2018-11-09 17:50:48:770
-0.22;3.725;10.554;129.0;1.0;45.89;48.15542;11.53959;473.5;NaN;10.3;7.0;240.9;6 / 19;790822;2018-11-09 17:50:48:871
-0.229;3.802;10.898;127.0;1.0;45.89;48.15542;11.53959;473.5;NaN;10.3;7.0;240.9;6 / 19;790922;2018-11-09 17:50:48:971
-0.43;3.677;11.09;123.0;1.0;45.89;48.15542;11.53959;473.5;NaN;10.3;7.0;240.9;6 / 19;791022;2018-11-09 17:50:49:071
-0.258;3.639;10.439;134.0;1.0;46.1;48.15539;11.53955;473.8;NaN;11.7;6.9;249.6;7 / 19;791122;2018-11-09 17:50:49:171
-0.249;3.696;11.052;117.0;1.0;46.1;48.15539;11.53955;473.8;NaN;11.7;6.9;249.6;7 / 19;791222;2018-11-09 17:50:49:271
-0.344;3.869;10.419;122.0;1.0;46.1;48.15539;11.53955;473.8;NaN;11.7;6.9;249.6;7 / 19;791322;2018-11-09 17:50:49:371
-0.478;3.696;10.659;115.0;1.0;46.45;48.15539;11.53955;473.8;NaN;11.7;6.9;249.6;7 / 19;791422;2018-11-09 17:50:49:471
-0.325;3.792;11.119;124.0;1.0;46.45;48.15539;11.53955;473.8;NaN;11.7;6.9;249.6;7 / 19;791522;2018-11-09 17:50:49:571
-0.095;3.744;10.324;109.0;1.0;46.45;48.15539;11.53955;473.8;NaN;11.7;6.9;249.6;7 / 19;791622;2018-11-09 17:50:49:671
-0.172;3.677;10.601;121.0;1.0;47.3;48.15539;11.53955;473.8;NaN;11.7;6.9;249.6;7 / 19;791722;2018-11-09 17:50:49:771
-0.21;3.562;10.898;126.0;1.0;47.3;48.15539;11.53955;473.8;NaN;11.7;6.9;249.6;7 / 19;791822;2018-11-09 17:50:49:871
-0.028;3.524;10.439;139.0;1.0;47.3;48.15539;11.53955;473.8;NaN;11.7;6.9;249.6;7 / 19;791921;2018-11-09 17:50:49:970
0.028;3.524;10.563;114.0;1.0;51.41;48.15539;11.53955;473.8;NaN;11.7;6.9;249.6;7 / 19;792021;2018-11-09 17:50:50:070
0.019;3.572;10.678;116.0;1.0;51.41;48.15537;11.53953;474.0;NaN;12.3;6.9;252.6;7 / 19;792121;2018-11-09 17:50:50:170
-0.028;3.543;10.64;105.0;1.0;51.41;48.15537;11.53953;474.0;NaN;12.3;6.9;252.6;7 / 19;792221;2018-11-09 17:50:50:270
-0.019;3.486;10.678;132.0;1.0;45.21;48.15537;11.53953;474.0;NaN;12.3;6.9;252.6;7 / 19;792321;2018-11-09 17:50:50:370
0.067;3.428;10.391;107.0;1.0;45.21;48.15537;11.53953;474.0;NaN;12.3;6.9;252.6;7 / 19;792421;2018-11-09 17:50:50:470
0.249;3.428;11.032;134.0;1.0;45.21;48.15537;11.53953;474.0;NaN;12.3;6.9;252.6;7 / 19;792522;2018-11-09 17:50:50:571
-0.153;3.763;11.08;117.0;1.0;44.57;48.15537;11.53953;474.0;NaN;12.3;6.9;252.6;7 / 19;792622;2018-11-09 17:50:50:671
-0.258;3.754;11.693;125.0;1.0;44.57;48.15537;11.53953;474.0;NaN;12.3;6.9;252.6;7 / 19;792721;2018-11-09 17:50:50:770
0.038;3.907;9.998;111.0;1.0;44.57;48.15537;11.53953;474.0;NaN;12.3;6.9;252.6;7 / 19;792821;2018-11-09 17:50:50:870
-0.076;4.156;10.534;136.0;1.0;61.68;48.15537;11.53953;474.0;NaN;12.3;6.9;252.6;7 / 19;792921;2018-11-09 17:50:50:970
-0.268;4.127;9.883;143.0;1.0;61.68;48.15537;11.53953;474.0;NaN;12.3;6.9;252.6;7 / 19;793021;2018-11-09 17:50:51:070
-0.45;4.137;11.004;139.0;1.0;61.68;48.1554;11.53955;473.9;NaN;13.2;6.8;268.3;7 / 19;793122;2018-11-09 17:50:51:171
-0.383;3.993;10.209;140.0;1.0;45.2;48.1554;11.53955;473.9;NaN;13.2;6.8;268.3;7 / 19;793222;2018-11-09 17:50:51:271
-0.153;4.223;10.716;145.0;1.0;45.2;48.1554;11.53955;473.9;NaN;13.2;6.8;268.3;7 / 19;793322;2018-11-09 17:50:51:371
-0.249;4.175;10.372;140.0;1.0;45.2;48.1554;11.53955;473.9;NaN;13.2;6.8;268.3;7 / 19;793422;2018-11-09 17:50:51:471
-0.287;4.089;10.697;127.0;1.0;43.45;48.1554;11.53955;473.9;NaN;13.2;6.8;268.3;7 / 19;793522;2018-11-09 17:50:51:571
-0.181;4.166;10.467;119.0;1.0;43.45;48.1554;11.53955;473.9;NaN;13.2;6.8;268.3;7 / 19;793622;2018-11-09 17:50:51:671
-0.249;4.185;10.448;115.0;1.0;43.45;48.1554;11.53955;473.9;NaN;13.2;6.8;268.3;7 / 19;793722;2018-11-09 17:50:51:771
-0.478;4.3;10.573;139.0;1.0;43.1;48.1554;11.53955;473.9;NaN;13.2;6.8;268.3;7 / 19;793822;2018-11-09 17:50:51:871
-0.517;4.089;10.678;131.0;1.0;43.1;48.1554;11.53955;473.9;NaN;13.2;6.8;268.3;7 / 19;793922;2018-11-09 17:50:51:971
-0.095;3.945;10.419;137.0;1.0;43.1;48.1554;11.53955;473.9;NaN;13.2;6.8;268.3;7 / 19;794022;2018-11-09 17:50:52:071
-0.354;4.529;10.257;126.0;1.0;40.5;48.15541;11.53956;473.5;NaN;12.9;6.7;268.4;7 / 19;794121;2018-11-09 17:50:52:170
-0.747;4.491;10.218;125.0;1.0;40.5;48.15541;11.53956;473.5;NaN;12.9;6.7;268.4;7 / 19;794222;2018-11-09 17:50:52:271
-1.379;4.003;9.854;139.0;1.0;40.5;48.15541;11.53956;473.5;NaN;12.9;6.7;268.4;7 / 19;794322;2018-11-09 17:50:52:371
-1.398;4.194;11.138;126.0;1.0;43.54;48.15541;11.53956;473.5;NaN;12.9;6.7;268.4;7 / 19;794422;2018-11-09 17:50:52:471
-0.909;4.74;9.835;126.0;1.0;43.54;48.15541;11.53956;473.5;NaN;12.9;6.7;268.4;7 / 19;794522;2018-11-09 17:50:52:571
-1.369;4.798;10.123;117.0;1.0;43.54;48.15541;11.53956;473.5;NaN;12.9;6.7;268.4;7 / 19;794622;2018-11-09 17:50:52:671
-1.829;4.194;10.161;120.0;1.0;43.44;48.15541;11.53956;473.5;NaN;12.9;6.7;268.4;7 / 19;794722;2018-11-09 17:50:52:771
-1.867;4.616;10.161;126.0;1.0;43.44;48.15541;11.53956;473.5;NaN;12.9;6.7;268.4;7 / 19;794822;2018-11-09 17:50:52:871
-1.589;4.367;9.902;122.0;1.0;43.44;48.15541;11.53956;473.5;NaN;12.9;6.7;268.4;7 / 19;794922;2018-11-09 17:50:52:971
-1.685;4.213;10.439;139.0;1.0;47.12;48.15541;11.53956;473.5;NaN;12.9;6.7;268.4;7 / 19;795022;2018-11-09 17:50:53:071
-1.905;4.108;10.324;120.0;1.0;47.12;48.15545;11.53981;473.2;NaN;0.0;6.4;268.4;7 / 19;795122;2018-11-09 17:50:53:171
-1.197;4.252;10.151;133.0;1.0;47.12;48.15545;11.53981;473.2;NaN;0.0;6.4;268.4;7 / 19;795221;2018-11-09 17:50:53:270
-1.379;4.07;9.998;121.0;1.0;45.9;48.15545;11.53981;473.2;NaN;0.0;6.4;268.4;7 / 19;795322;2018-11-09 17:50:53:371
-0.737;4.28;10.209;118.0;1.0;45.9;48.15545;11.53981;473.2;NaN;0.0;6.4;268.4;7 / 19;795422;2018-11-09 17:50:53:471
-0.22;4.443;10.917;108.0;1.0;45.9;48.15545;11.53981;473.2;NaN;0.0;6.4;268.4;7 / 19;795521;2018-11-09 17:50:53:570
0.306;4.482;11.846;115.0;1.0;48.77;48.15545;11.53981;473.2;NaN;0.0;6.4;268.4;7 / 19;795621;2018-11-09 17:50:53:670
-0.498;3.888;9.395;122.0;1.0;48.77;48.15545;11.53981;473.2;NaN;0.0;6.4;268.4;7 / 19;795722;2018-11-09 17:50:53:771
-0.201;3.706;9.988;115.0;1.0;48.77;48.15545;11.53981;473.2;NaN;0.0;6.4;268.4;7 / 19;795822;2018-11-09 17:50:53:871
0.363;4.271;10.084;128.0;1.0;47.66;48.15545;11.53981;473.2;NaN;0.0;6.4;268.4;7 / 19;795922;2018-11-09 17:50:53:971
-0.507;4.022;10.429;110.0;1.0;47.66;48.15545;11.53981;473.2;NaN;0.0;6.4;268.4;7 / 19;796022;2018-11-09 17:50:54:071
-0.861;3.677;10.937;110.0;1.0;47.66;48.15545;11.53985;472.8;NaN;0.0;6.4;268.4;7 / 19;796122;2018-11-09 17:50:54:171
-0.134;4.759;10.735;93.0;1.0;46.56;48.15545;11.53985;472.8;NaN;0.0;6.4;268.4;7 / 19;796222;2018-11-09 17:50:54:271
-0.181;4.118;10.008;100.0;1.0;46.56;48.15545;11.53985;472.8;NaN;0.0;6.4;268.4;7 / 19;796322;2018-11-09 17:50:54:371
-0.478;4.041;10.534;110.0;1.0;46.56;48.15545;11.53985;472.8;NaN;0.0;6.4;268.4;7 / 19;796422;2018-11-09 17:50:54:471
-0.622;4.577;9.778;104.0;1.0;48.31;48.15545;11.53985;472.8;NaN;0.0;6.4;268.4;7 / 19;796522;2018-11-09 17:50:54:571
-0.603;4.434;10.352;120.0;1.0;48.31;48.15545;11.53985;472.8;NaN;0.0;6.4;268.4;7 / 19;796621;2018-11-09 17:50:54:670
-0.747;4.683;10.075;119.0;1.0;48.31;48.15545;11.53985;472.8;NaN;0.0;6.4;268.4;7 / 19;796721;2018-11-09 17:50:54:770
-0.421;4.462;10.257;104.0;1.0;48.62;48.15545;11.53985;472.8;NaN;0.0;6.4;268.4;7 / 19;796822;2018-11-09 17:50:54:871
-0.794;4.357;10.573;107.0;1.0;48.62;48.15545;11.53985;472.8;NaN;0.0;6.4;268.4;7 / 19;796922;2018-11-09 17:50:54:971
-0.651;4.261;10.515;112.0;1.0;48.62;48.15545;11.53985;472.8;NaN;0.0;6.4;268.4;7 / 19;797022;2018-11-09 17:50:55:071
-0.421;4.577;10.63;110.0;1.0;50.26;48.15544;11.53987;472.9;NaN;0.0;6.3;268.4;7 / 19;797121;2018-11-09 17:50:55:170
-0.66;4.28;10.506;126.0;1.0;50.26;48.15544;11.53987;472.9;NaN;0.0;6.3;268.4;7 / 19;797221;2018-11-09 17:50:55:270
-0.928;4.348;10.601;99.0;1.0;50.26;48.15544;11.53987;472.9;NaN;0.0;6.3;268.4;7 / 19;797321;2018-11-09 17:50:55:370
-1.082;4.146;10.142;102.0;1.0;50.36;48.15544;11.53987;472.9;NaN;0.0;6.3;268.4;7 / 19;797422;2018-11-09 17:50:55:471
-0.823;4.204;10.927;115.0;1.0;50.36;48.15544;11.53987;472.9;NaN;0.0;6.3;268.4;7 / 19;797524;2018-11-09 17:50:55:573
-0.421;4.501;10.295;109.0;1.0;50.36;48.15544;11.53987;472.9;NaN;0.0;6.3;268.4;7 / 19;797621;2018-11-09 17:50:55:670
-0.517;4.242;10.103;103.0;1.0;51.31;48.15544;11.53987;472.9;NaN;0.0;6.3;268.4;7 / 19;797721;2018-11-09 17:50:55:770
-0.153;3.878;11.099;124.0;1.0;51.31;48.15544;11.53987;472.9;NaN;0.0;6.3;268.4;7 / 19;797821;2018-11-09 17:50:55:870
-0.287;4.041;10.64;110.0;1.0;51.31;48.15544;11.53987;472.9;NaN;0.0;6.3;268.4;7 / 19;797921;2018-11-09 17:50:55:970
-0.277;3.859;11.004;100.0;1.0;51.37;48.15544;11.53987;472.9;NaN;0.0;6.3;268.4;7 / 19;798021;2018-11-09 17:50:56:070
-0.277;3.85;10.965;107.0;1.0;51.37;48.15544;11.53987;472.9;NaN;0.0;6.3;268.4;7 / 19;798124;2018-11-09 17:50:56:173
-0.105;3.869;10.343;105.0;1.0;51.37;48.15544;11.53987;472.9;NaN;0.0;6.3;268.4;7 / 19;798222;2018-11-09 17:50:56:271
-0.038;3.668;10.496;107.0;1.0;51.93;48.15544;11.53987;472.9;NaN;0.0;6.3;268.4;7 / 19;798322;2018-11-09 17:50:56:371
0.095;3.629;10.688;95.0;1.0;51.93;48.15544;11.53987;472.9;NaN;0.0;6.3;268.4;7 / 19;798422;2018-11-09 17:50:56:471
0.047;3.505;10.841;110.0;1.0;51.93;48.15544;11.53987;472.9;NaN;0.0;6.3;268.4;7 / 19;798522;2018-11-09 17:50:56:571
0.114;3.466;10.333;95.0;1.0;51.9;48.15544;11.53987;472.9;NaN;0.0;6.3;268.4;7 / 19;798622;2018-11-09 17:50:56:671
-0.028;3.495;10.803;108.0;1.0;51.9;48.15544;11.53987;472.9;NaN;0.0;6.3;268.4;7 / 19;798722;2018-11-09 17:50:56:771
-0.162;3.476;10.18;99.0;1.0;51.9;48.15544;11.53987;472.9;NaN;0.0;6.3;268.4;7 / 19;798822;2018-11-09 17:50:56:871
-0.162;3.581;10.63;97.0;1.0;52.02;48.15544;11.53987;472.9;NaN;0.0;6.3;268.4;7 / 19;798922;2018-11-09 17:50:56:971
0.095;3.342;10.755;90.0;1.0;52.02;48.15544;11.53987;472.9;NaN;0.0;6.3;268.4;7 / 19;799022;2018-11-09 17:50:57:071
0.268;3.629;10.257;108.0;1.0;52.02;48.15544;11.53987;472.9;NaN;0.0;6.3;268.4;7 / 19;799122;2018-11-09 17:50:57:171
-0.162;3.639;10.793;104.0;1.0;53.3;48.15544;11.53987;472.9;NaN;0.0;6.3;268.4;7 / 19;799222;2018-11-09 17:50:57:271
-0.124;3.735;10.85;81.0;1.0;53.3;48.15544;11.53987;472.9;NaN;0.0;6.3;268.4;7 / 19;799321;2018-11-09 17:50:57:370
-0.354;3.763;10.841;102.0;1.0;53.3;48.15544;11.53987;472.9;NaN;0.0;6.3;268.4;7 / 19;799422;2018-11-09 17:50:57:471
-0.067;3.945;10.448;94.0;1.0;52.59;48.15544;11.53987;472.9;NaN;0.0;6.3;268.4;7 / 19;799522;2018-11-09 17:50:57:571
0.44;3.897;10.63;101.0;1.0;52.59;48.15544;11.53987;472.9;NaN;0.0;6.3;268.4;7 / 19;799621;2018-11-09 17:50:57:670
-0.632;3.802;10.63;105.0;1.0;52.59;48.15544;11.53987;472.9;NaN;0.0;6.3;268.4;7 / 19;799722;2018-11-09 17:50:57:771
-0.823;3.677;10.554;100.0;1.0;51.13;48.15544;11.53987;472.9;NaN;0.0;6.3;268.4;7 / 19;799822;2018-11-09 17:50:57:871
-0.162;4.233;10.439;99.0;1.0;51.13;48.15544;11.53987;472.9;NaN;0.0;6.3;268.4;7 / 19;799921;2018-11-09 17:50:57:970
-0.335;3.984;10.41;113.0;1.0;51.13;48.15544;11.53987;472.9;NaN;0.0;6.3;268.4;7 / 19;800021;2018-11-09 17:50:58:070
-0.153;4.156;10.841;115.0;1.0;51.13;48.15541;11.53987;472.6;NaN;0.6;6.3;268.4;7 / 19;800123;2018-11-09 17:50:58:172
0.0;3.907;10.237;123.0;1.0;53.65;48.15541;11.53987;472.6;NaN;0.6;6.3;268.4;7 / 19;800222;2018-11-09 17:50:58:271
-0.45;3.888;10.621;105.0;1.0;53.65;48.15541;11.53987;472.6;NaN;0.6;6.3;268.4;7 / 19;800322;2018-11-09 17:50:58:371
-0.402;3.878;11.099;113.0;1.0;53.65;48.15541;11.53987;472.6;NaN;0.6;6.3;268.4;7 / 19;800421;2018-11-09 17:50:58:470
-0.325;3.792;10.295;109.0;1.0;52.2;48.15541;11.53987;472.6;NaN;0.6;6.3;268.4;7 / 19;800522;2018-11-09 17:50:58:571
-0.373;3.984;11.387;104.0;1.0;52.2;48.15541;11.53987;472.6;NaN;0.6;6.3;268.4;7 / 19;800622;2018-11-09 17:50:58:671
-0.153;3.84;9.902;105.0;1.0;52.2;48.15541;11.53987;472.6;NaN;0.6;6.3;268.4;7 / 19;800721;2018-11-09 17:50:58:770
-0.363;3.869;10.889;113.0;1.0;49.79;48.15541;11.53987;472.6;NaN;0.6;6.3;268.4;7 / 19;800821;2018-11-09 17:50:58:870
0.047;3.754;10.372;120.0;1.0;49.79;48.15541;11.53987;472.6;NaN;0.6;6.3;268.4;7 / 19;800922;2018-11-09 17:50:58:971
-0.009;3.878;10.621;105.0;1.0;49.79;48.15541;11.53987;472.6;NaN;0.6;6.3;268.4;7 / 19;801022;2018-11-09 17:50:59:071
0.009;3.888;10.161;100.0;1.0;52.02;48.15538;11.53984;472.4;NaN;9.0;6.2;216.0;7 / 19;801121;2018-11-09 17:50:59:170
-0.268;3.917;10.621;109.0;1.0;52.02;48.15538;11.53984;472.4;NaN;9.0;6.2;216.0;8 / 19;801221;2018-11-09 17:50:59:270
-0.22;3.725;10.812;110.0;1.0;52.02;48.15538;11.53984;472.4;NaN;9.0;6.2;216.0;8 / 19;801321;2018-11-09 17:50:59:370
0.296;3.17;10.477;100.0;1.0;53.1;48.15538;11.53984;472.4;NaN;9.0;6.2;216.0;8 / 19;801421;2018-11-09 17:50:59:470
0.43;3.045;10.458;108.0;1.0;53.1;48.15538;11.53984;472.4;NaN;9.0;6.2;216.0;8 / 19;801522;2018-11-09 17:50:59:571
0.699;2.729;10.716;106.0;1.0;53.1;48.15538;11.53984;472.4;NaN;9.0;6.2;216.0;8 / 19;801622;2018-11-09 17:50:59:671
0.545;2.815;10.458;114.0;1.0;52.17;48.15538;11.53984;472.4;NaN;9.0;6.2;216.0;8 / 19;801722;2018-11-09 17:50:59:771
0.766;2.719;10.17;110.0;1.0;52.17;48.15538;11.53984;472.4;NaN;9.0;6.2;216.0;8 / 19;801822;2018-11-09 17:50:59:871
0.459;2.643;10.295;91.0;1.0;52.17;48.15538;11.53984;472.4;NaN;9.0;6.2;216.0;8 / 19;801922;2018-11-09 17:50:59:971
0.747;2.959;10.333;115.0;1.0;49.66;48.15538;11.53984;472.4;NaN;9.0;6.2;216.0;8 / 19;802022;2018-11-09 17:51:00:071
0.852;3.256;10.64;102.0;1.0;49.66;48.15537;11.53983;472.4;NaN;10.9;6.2;217.9;8 / 19;802122;2018-11-09 17:51:00:171
-0.134;2.988;10.515;126.0;1.0;49.66;48.15537;11.53983;472.4;NaN;10.9;6.2;217.9;8 / 19;802221;2018-11-09 17:51:00:270
0.383;3.055;10.697;100.0;1.0;51.01;48.15537;11.53983;472.4;NaN;10.9;6.2;217.9;8 / 19;802321;2018-11-09 17:51:00:370
0.699;3.284;10.343;109.0;1.0;51.01;48.15537;11.53983;472.4;NaN;10.9;6.2;217.9;8 / 19;802421;2018-11-09 17:51:00:470
-0.114;3.409;10.611;102.0;1.0;51.01;48.15537;11.53983;472.4;NaN;10.9;6.2;217.9;8 / 19;802522;2018-11-09 17:51:00:571
0.086;3.093;10.41;115.0;1.0;51.3;48.15537;11.53983;472.4;NaN;10.9;6.2;217.9;8 / 19;802621;2018-11-09 17:51:00:670
0.373;2.968;10.324;111.0;1.0;51.3;48.15537;11.53983;472.4;NaN;10.9;6.2;217.9;8 / 19;802722;2018-11-09 17:51:00:771
-0.009;3.246;10.467;113.0;1.0;51.3;48.15537;11.53983;472.4;NaN;10.9;6.2;217.9;8 / 19;802822;2018-11-09 17:51:00:871
0.057;2.873;10.343;111.0;1.0;54.08;48.15537;11.53983;472.4;NaN;10.9;6.2;217.9;8 / 19;802922;2018-11-09 17:51:00:971
0.277;2.911;10.467;122.0;1.0;54.08;48.15537;11.53983;472.4;NaN;10.9;6.2;217.9;8 / 19;803022;2018-11-09 17:51:01:071
0.316;2.863;10.515;118.0;1.0;54.08;48.15535;11.53979;472.2;NaN;12.6;6.2;223.1;8 / 19;803122;2018-11-09 17:51:01:171
0.22;2.968;10.257;106.0;1.0;51.92;48.15535;11.53979;472.2;NaN;12.6;6.2;223.1;8 / 19;803222;2018-11-09 17:51:01:271
0.536;2.901;10.419;110.0;1.0;51.92;48.15535;11.53979;472.2;NaN;12.6;6.2;223.1;8 / 19;803321;2018-11-09 17:51:01:370
0.086;2.853;11.08;101.0;1.0;51.92;48.15535;11.53979;472.2;NaN;12.6;6.2;223.1;8 / 19;803423;2018-11-09 17:51:01:472
-0.507;3.074;10.783;108.0;1.0;52.8;48.15535;11.53979;472.2;NaN;12.6;6.2;223.1;8 / 19;803521;2018-11-09 17:51:01:570
0.067;2.777;10.429;105.0;1.0;52.8;48.15535;11.53979;472.2;NaN;12.6;6.2;223.1;8 / 19;803622;2018-11-09 17:51:01:671
0.105;2.748;10.707;105.0;1.0;52.8;48.15535;11.53979;472.2;NaN;12.6;6.2;223.1;8 / 19;803722;2018-11-09 17:51:01:771
0.277;2.681;10.525;113.0;1.0;53.45;48.15535;11.53979;472.2;NaN;12.6;6.2;223.1;8 / 19;803821;2018-11-09 17:51:01:870
0.239;2.7;10.391;110.0;1.0;53.45;48.15535;11.53979;472.2;NaN;12.6;6.2;223.1;8 / 19;803921;2018-11-09 17:51:01:970
0.306;2.614;10.237;109.0;1.0;53.45;48.15535;11.53979;472.2;NaN;12.6;6.2;223.1;8 / 19;804022;2018-11-09 17:51:02:071
0.067;2.71;10.515;115.0;1.0;51.39;48.15534;11.53976;472.1;NaN;13.5;6.2;226.2;8 / 19;804122;2018-11-09 17:51:02:171
0.114;2.662;10.688;111.0;1.0;51.39;48.15534;11.53976;472.1;NaN;13.5;6.2;226.2;7 / 19;804222;2018-11-09 17:51:02:271
0.43;2.547;10.477;125.0;1.0;51.39;48.15534;11.53976;472.1;NaN;13.5;6.2;226.2;7 / 19;804321;2018-11-09 17:51:02:370
0.344;2.49;10.534;111.0;1.0;51.91;48.15534;11.53976;472.1;NaN;13.5;6.2;226.2;7 / 19;804422;2018-11-09 17:51:02:471
0.354;2.537;10.209;108.0;1.0;51.91;48.15534;11.53976;472.1;NaN;13.5;6.2;226.2;7 / 19;804522;2018-11-09 17:51:02:571
0.296;2.518;10.458;110.0;1.0;51.91;48.15534;11.53976;472.1;NaN;13.5;6.2;226.2;7 / 19;804621;2018-11-09 17:51:02:670
0.478;2.451;10.218;120.0;1.0;51.87;48.15534;11.53976;472.1;NaN;13.5;6.2;226.2;7 / 19;804721;2018-11-09 17:51:02:770
0.105;2.901;10.333;115.0;1.0;51.87;48.15534;11.53976;472.1;NaN;13.5;6.2;226.2;7 / 19;804822;2018-11-09 17:51:02:871
0.22;2.614;10.333;114.0;1.0;51.87;48.15534;11.53976;472.1;NaN;13.5;6.2;226.2;7 / 19;804922;2018-11-09 17:51:02:971
0.718;2.729;10.084;111.0;1.0;52.7;48.15534;11.53976;472.1;NaN;13.5;6.2;226.2;7 / 19;805022;2018-11-09 17:51:03:071
-0.028;2.959;10.678;109.0;1.0;52.7;48.15532;11.53972;471.9;NaN;13.8;6.3;228.1;7 / 19;805121;2018-11-09 17:51:03:170
-0.191;3.208;11.013;107.0;1.0;52.7;48.15532;11.53972;471.9;NaN;13.8;6.3;228.1;7 / 19;805221;2018-11-09 17:51:03:270
-0.363;3.256;10.937;122.0;1.0;52.51;48.15532;11.53972;471.9;NaN;13.8;6.3;228.1;7 / 19;805322;2018-11-09 17:51:03:371
-0.383;3.342;11.061;120.0;1.0;52.51;48.15532;11.53972;471.9;NaN;13.8;6.3;228.1;7 / 19;805422;2018-11-09 17:51:03:471
-0.641;3.591;11.109;108.0;1.0;52.51;48.15532;11.53972;471.9;NaN;13.8;6.3;228.1;7 / 19;805522;2018-11-09 17:51:03:571
-0.268;2.911;10.898;121.0;1.0;53.86;48.15532;11.53972;471.9;NaN;13.8;6.3;228.1;7 / 19;805622;2018-11-09 17:51:03:671
0.105;3.371;10.649;124.0;1.0;53.86;48.15532;11.53972;471.9;NaN;13.8;6.3;228.1;7 / 19;805721;2018-11-09 17:51:03:770
-0.478;3.61;10.506;116.0;1.0;53.86;48.15532;11.53972;471.9;NaN;13.8;6.3;228.1;7 / 19;805822;2018-11-09 17:51:03:871
-1.101;3.265;10.4;136.0;1.0;53.36;48.15532;11.53972;471.9;NaN;13.8;6.3;228.1;7 / 19;805922;2018-11-09 17:51:03:971
-0.919;3.361;10.755;132.0;1.0;53.36;48.15532;11.53972;471.9;NaN;13.8;6.3;228.1;7 / 19;806022;2018-11-09 17:51:04:071
-0.344;3.591;11.147;126.0;1.0;53.36;48.15529;11.53968;471.8;NaN;13.9;6.4;225.5;7 / 19;806121;2018-11-09 17:51:04:170
-0.258;3.639;10.946;123.0;1.0;53.44;48.15529;11.53968;471.8;NaN;13.9;6.4;225.5;7 / 19;806221;2018-11-09 17:51:04:270
-0.095;3.457;10.257;114.0;1.0;53.44;48.15529;11.53968;471.8;NaN;13.9;6.4;225.5;7 / 19;806322;2018-11-09 17:51:04:371
-0.584;3.486;10.984;129.0;1.0;53.44;48.15529;11.53968;471.8;NaN;13.9;6.4;225.5;7 / 19;806422;2018-11-09 17:51:04:471
-0.718;3.533;10.755;142.0;1.0;54.55;48.15529;11.53968;471.8;NaN;13.9;6.4;225.5;7 / 19;806521;2018-11-09 17:51:04:570
-0.67;3.572;11.071;135.0;1.0;54.55;48.15529;11.53968;471.8;NaN;13.9;6.4;225.5;7 / 19;806621;2018-11-09 17:51:04:670
-0.411;3.543;10.439;119.0;1.0;54.55;48.15529;11.53968;471.8;NaN;13.9;6.4;225.5;7 / 19;806722;2018-11-09 17:51:04:771
-0.335;3.572;11.186;125.0;1.0;56.06;48.15529;11.53968;471.8;NaN;13.9;6.4;225.5;7 / 19;806822;2018-11-09 17:51:04:871
-0.047;3.361;10.065;127.0;1.0;56.06;48.15529;11.53968;471.8;NaN;13.9;6.4;225.5;7 / 19;806921;2018-11-09 17:51:04:970
-0.354;3.869;10.218;125.0;1.0;56.06;48.15529;11.53968;471.8;NaN;13.9;6.4;225.5;7 / 19;807022;2018-11-09 17:51:05:071
-1.446;3.802;12.421;144.0;1.0;54.94;48.15527;11.53963;471.6;NaN;14.8;6.5;224.0;7 / 19;807122;2018-11-09 17:51:05:171
-0.794;3.811;10.803;131.0;1.0;54.94;48.15527;11.53963;471.6;NaN;14.8;6.5;224.0;7 / 19;807221;2018-11-09 17:51:05:270
-0.507;4.443;9.787;142.0;1.0;54.94;48.15527;11.53963;471.6;NaN;14.8;6.5;224.0;7 / 19;807321;2018-11-09 17:51:05:370
0.0;4.395;9.739;143.0;1.0;53.97;48.15527;11.53963;471.6;NaN;14.8;6.5;224.0;7 / 19;807421;2018-11-09 17:51:05:470
-0.316;3.782;11.348;129.0;1.0;53.97;48.15527;11.53963;471.6;NaN;14.8;6.5;224.0;7 / 19;807522;2018-11-09 17:51:05:571
1.321;3.897;11.789;135.0;1.0;53.97;48.15527;11.53963;471.6;NaN;14.8;6.5;224.0;7 / 19;807621;2018-11-09 17:51:05:670
0.756;4.166;8.284;122.0;1.0;52.08;48.15527;11.53963;471.6;NaN;14.8;6.5;224.0;7 / 19;807722;2018-11-09 17:51:05:771
-0.316;3.687;11.377;123.0;1.0;52.08;48.15527;11.53963;471.6;NaN;14.8;6.5;224.0;7 / 19;807821;2018-11-09 17:51:05:870
-0.957;3.227;11.846;133.0;1.0;52.08;48.15527;11.53963;471.6;NaN;14.8;6.5;224.0;7 / 19;807921;2018-11-09 17:51:05:970
-0.488;2.317;10.783;119.0;1.0;52.07;48.15527;11.53963;471.6;NaN;14.8;6.5;224.0;7 / 19;808021;2018-11-09 17:51:06:070
0.21;2.585;9.759;120.0;1.0;52.07;48.15526;11.53961;471.5;NaN;13.6;6.6;224.4;7 / 19;808121;2018-11-09 17:51:06:170
1.312;3.438;10.352;113.0;1.0;52.07;48.15526;11.53961;471.5;NaN;13.6;6.6;224.4;7 / 19;808221;2018-11-09 17:51:06:270
1.369;3.064;10.324;136.0;1.0;50.46;48.15526;11.53961;471.5;NaN;13.6;6.6;224.4;7 / 19;808321;2018-11-09 17:51:06:370
-0.354;3.811;12.019;122.0;1.0;50.46;48.15526;11.53961;471.5;NaN;13.6;6.6;224.4;7 / 19;808421;2018-11-09 17:51:06:470
0.172;3.112;10.209;140.0;1.0;50.46;48.15526;11.53961;471.5;NaN;13.6;6.6;224.4;7 / 19;808522;2018-11-09 17:51:06:571
0.057;3.648;10.036;118.0;1.0;50.37;48.15526;11.53961;471.5;NaN;13.6;6.6;224.4;7 / 19;808622;2018-11-09 17:51:06:671
0.047;4.395;10.285;157.0;1.0;50.37;48.15526;11.53961;471.5;NaN;13.6;6.6;224.4;7 / 19;808721;2018-11-09 17:51:06:770
-0.402;4.913;10.889;154.0;1.0;50.37;48.15526;11.53961;471.5;NaN;13.6;6.6;224.4;7 / 19;808821;2018-11-09 17:51:06:870
0.871;4.664;10.132;166.0;1.0;50.54;48.15526;11.53961;471.5;NaN;13.6;6.6;224.4;7 / 19;808922;2018-11-09 17:51:06:971
-1.072;4.558;10.496;158.0;1.0;50.54;48.15526;11.53961;471.5;NaN;13.6;6.6;224.4;7 / 19;809022;2018-11-09 17:51:07:071
1.015;3.859;13.36;149.0;1.0;50.54;48.15525;11.53958;471.3;NaN;13.1;6.7;223.2;7 / 19;809123;2018-11-09 17:51:07:172
-1.273;3.323;10.008;162.0;1.0;49.31;48.15525;11.53958;471.3;NaN;13.1;6.7;223.2;7 / 19;809222;2018-11-09 17:51:07:271
-2.145;3.648;11.052;174.0;1.0;49.31;48.15525;11.53958;471.3;NaN;13.1;6.7;223.2;7 / 19;809322;2018-11-09 17:51:07:371
-0.66;5.458;9.088;172.0;1.0;49.31;48.15525;11.53958;471.3;NaN;13.1;6.7;223.2;7 / 19;809422;2018-11-09 17:51:07:471
0.392;5.209;9.414;166.0;1.0;49.31;48.15525;11.53958;471.3;NaN;13.1;6.7;223.2;7 / 19;809522;2018-11-09 17:51:07:571
-0.651;5.123;9.088;150.0;1.0;49.43;48.15525;11.53958;471.3;NaN;13.1;6.7;223.2;7 / 19;809622;2018-11-09 17:51:07:671
0.162;3.936;9.874;160.0;1.0;49.43;48.15525;11.53958;471.3;NaN;13.1;6.7;223.2;7 / 19;809721;2018-11-09 17:51:07:770
0.536;5.209;10.209;160.0;1.0;49.43;48.15525;11.53958;471.3;NaN;13.1;6.7;223.2;7 / 19;809822;2018-11-09 17:51:07:871
0.411;4.664;11.176;186.0;1.0;50.06;48.15525;11.53958;471.3;NaN;13.1;6.7;223.2;7 / 19;809921;2018-11-09 17:51:07:970
3.304;4.051;7.173;172.0;1.0;50.06;48.15525;11.53958;471.3;NaN;13.1;6.7;223.2;7 / 19;810032;2018-11-09 17:51:08:081
1.197;2.384;8.878;171.0;1.0;50.06;48.15523;11.53953;471.4;NaN;13.1;6.8;222.7;7 / 19;810123;2018-11-09 17:51:08:172
-0.287;3.696;7.508;222.0;1.0;50.88;48.15523;11.53953;471.4;NaN;13.1;6.8;222.7;7 / 19;810222;2018-11-09 17:51:08:271
-2.317;7.383;10.266;377.0;1.0;50.88;48.15523;11.53953;471.4;NaN;13.1;6.8;222.7;7 / 19;810322;2018-11-09 17:51:08:371
-1.57;5.123;11.08;642.0;1.0;50.88;48.15523;11.53953;471.4;NaN;13.1;6.8;222.7;7 / 19;810421;2018-11-09 17:51:08:470
0.105;4.127;10.803;879.0;1.0;53.01;48.15523;11.53953;471.4;NaN;13.1;6.8;222.7;7 / 19;810521;2018-11-09 17:51:08:570
-0.287;4.644;12.162;845.0;1.0;53.01;48.15523;11.53953;471.4;NaN;13.1;6.8;222.7;7 / 19;810623;2018-11-09 17:51:08:672
-0.651;7.527;11.071;753.0;1.0;53.01;48.15523;11.53953;471.4;NaN;13.1;6.8;222.7;7 / 19;810723;2018-11-09 17:51:08:772
-1.302;7.92;9.988;815.0;1.0;52.47;48.15523;11.53953;471.4;NaN;13.1;6.8;222.7;7 / 19;810821;2018-11-09 17:51:08:870
2.643;9.395;10.295;474.0;1.0;52.47;48.15523;11.53953;471.4;NaN;13.1;6.8;222.7;7 / 19;810922;2018-11-09 17:51:08:971
1.944;7.451;6.608;335.0;1.0;52.47;48.15523;11.53953;471.4;NaN;13.1;6.8;222.7;7 / 19;811022;2018-11-09 17:51:09:071
0.574;6.636;5.286;274.0;1.0;51.48;48.15521;11.53948;471.4;NaN;13.2;6.8;221.7;7 / 19;811122;2018-11-09 17:51:09:171
0.028;6.847;4.865;252.0;1.0;51.48;48.15521;11.53948;471.4;NaN;13.2;6.8;221.7;7 / 19;811221;2018-11-09 17:51:09:270
-1.005;5.956;5.497;255.0;1.0;51.48;48.15521;11.53948;471.4;NaN;13.2;6.8;221.7;7 / 19;811322;2018-11-09 17:51:09:371
0.603;7.642;5.181;243.0;1.0;50.1;48.15521;11.53948;471.4;NaN;13.2;6.8;221.7;7 / 19;811422;2018-11-09 17:51:09:471
1.149;8.36;4.625;246.0;1.0;50.1;48.15521;11.53948;471.4;NaN;13.2;6.8;221.7;7 / 19;811522;2018-11-09 17:51:09:571
-0.239;7.355;6.378;271.0;1.0;50.1;48.15521;11.53948;471.4;NaN;13.2;6.8;221.7;7 / 19;811622;2018-11-09 17:51:09:671
-2.777;7.01;9.586;303.0;1.0;51.04;48.15521;11.53948;471.4;NaN;13.2;6.8;221.7;7 / 19;811721;2018-11-09 17:51:09:770
-2.174;5.621;8.705;312.0;1.0;51.04;48.15521;11.53948;471.4;NaN;13.2;6.8;221.7;7 / 19;811821;2018-11-09 17:51:09:870
-2.509;5.114;8.772;303.0;1.0;51.04;48.15521;11.53948;471.4;NaN;13.2;6.8;221.7;7 / 19;811921;2018-11-09 17:51:09:970
-2.308;6.56;9.069;302.0;1.0;50.42;48.15521;11.53948;471.4;NaN;13.2;6.8;221.7;7 / 19;812022;2018-11-09 17:51:10:071
-3.984;7.278;7.824;287.0;1.0;50.42;48.15517;11.53939;471.4;NaN;16.0;6.8;224.6;7 / 19;812122;2018-11-09 17:51:10:171
-2.126;5.832;9.328;276.0;1.0;50.42;48.15517;11.53939;471.4;NaN;16.0;6.8;224.6;8 / 19;812222;2018-11-09 17:51:10:271
-1.79;5.545;7.029;244.0;1.0;49.71;48.15517;11.53939;471.4;NaN;16.0;6.8;224.6;8 / 19;812322;2018-11-09 17:51:10:371
-5.526;5.382;9.213;241.0;1.0;49.71;48.15517;11.53939;471.4;NaN;16.0;6.8;224.6;8 / 19;812421;2018-11-09 17:51:10:470
-2.806;5.334;9.376;255.0;1.0;49.71;48.15517;11.53939;471.4;NaN;16.0;6.8;224.6;8 / 19;812521;2018-11-09 17:51:10:570
-2.403;5.047;8.983;267.0;1.0;51.06;48.15517;11.53939;471.4;NaN;16.0;6.8;224.6;8 / 19;812621;2018-11-09 17:51:10:670
-1.905;5.516;10.41;310.0;1.0;51.06;48.15517;11.53939;471.4;NaN;16.0;6.8;224.6;8 / 19;812721;2018-11-09 17:51:10:770
0.574;5.928;8.945;287.0;1.0;51.06;48.15517;11.53939;471.4;NaN;16.0;6.8;224.6;8 / 19;812821;2018-11-09 17:51:10:870
-5.209;5.171;11.119;262.0;1.0;51.49;48.15517;11.53939;471.4;NaN;16.0;6.8;224.6;8 / 19;812922;2018-11-09 17:51:10:971
-1.34;7.374;8.849;207.0;1.0;51.49;48.15517;11.53939;471.4;NaN;16.0;6.8;224.6;8 / 19;813023;2018-11-09 17:51:11:072
1.465;5.784;7.604;176.0;1.0;51.49;48.15512;11.53931;471.3;NaN;17.1;6.8;224.1;8 / 19;813122;2018-11-09 17:51:11:171
-0.363;8.102;8.274;167.0;1.0;48.78;48.15512;11.53931;471.3;NaN;17.1;6.8;224.1;8 / 19;813222;2018-11-09 17:51:11:271
-1.465;7.575;11.76;196.0;1.0;48.78;48.15512;11.53931;471.3;NaN;17.1;6.8;224.1;8 / 19;813321;2018-11-09 17:51:11:370
-2.03;5.458;4.913;214.0;1.0;48.78;48.15512;11.53931;471.3;NaN;17.1;6.8;224.1;8 / 19;813421;2018-11-09 17:51:11:470
-2.576;6.435;7.929;211.0;1.0;50.24;48.15512;11.53931;471.3;NaN;17.1;6.8;224.1;8 / 19;813521;2018-11-09 17:51:11:570
-0.766;6.474;9.117;205.0;1.0;50.24;48.15512;11.53931;471.3;NaN;17.1;6.8;224.1;8 / 19;813622;2018-11-09 17:51:11:671
-0.459;6.608;8.772;228.0;1.0;50.24;48.15512;11.53931;471.3;NaN;17.1;6.8;224.1;8 / 19;813722;2018-11-09 17:51:11:771
-2.576;5.296;9.059;253.0;1.0;51.36;48.15512;11.53931;471.3;NaN;17.1;6.8;224.1;8 / 19;813822;2018-11-09 17:51:11:871
-1.972;5.918;9.347;257.0;1.0;51.36;48.15512;11.53931;471.3;NaN;17.1;6.8;224.1;8 / 19;813922;2018-11-09 17:51:11:971
-0.785;5.439;9.241;270.0;1.0;51.36;48.15512;11.53931;471.3;NaN;17.1;6.8;224.1;8 / 19;814022;2018-11-09 17:51:12:071
-1.235;4.96;9.194;251.0;1.0;49.54;48.15505;11.53918;471.2;NaN;21.3;6.7;227.2;8 / 19;814122;2018-11-09 17:51:12:171
-0.181;5.698;8.925;245.0;1.0;49.54;48.15505;11.53918;471.2;NaN;21.3;6.7;227.2;8 / 19;814222;2018-11-09 17:51:12:271
-0.976;5.238;8.945;285.0;1.0;49.54;48.15505;11.53918;471.2;NaN;21.3;6.7;227.2;8 / 19;814321;2018-11-09 17:51:12:370
-0.852;5.545;10.209;284.0;1.0;49.67;48.15505;11.53918;471.2;NaN;21.3;6.7;227.2;8 / 19;814421;2018-11-09 17:51:12:470
-1.905;4.865;10.056;283.0;1.0;49.67;48.15505;11.53918;471.2;NaN;21.3;6.7;227.2;8 / 19;814522;2018-11-09 17:51:12:571
-1.072;5.698;8.696;267.0;1.0;49.67;48.15505;11.53918;471.2;NaN;21.3;6.7;227.2;8 / 19;814622;2018-11-09 17:51:12:671
-1.024;5.822;8.839;246.0;1.0;48.86;48.15505;11.53918;471.2;NaN;21.3;6.7;227.2;8 / 19;814722;2018-11-09 17:51:12:771
-1.312;5.707;9.04;242.0;1.0;48.86;48.15505;11.53918;471.2;NaN;21.3;6.7;227.2;8 / 19;814822;2018-11-09 17:51:12:871
-1.168;5.851;9.289;238.0;1.0;48.86;48.15505;11.53918;471.2;NaN;21.3;6.7;227.2;8 / 19;814921;2018-11-09 17:51:12:970
-1.599;5.976;8.533;231.0;1.0;50.49;48.15505;11.53918;471.2;NaN;21.3;6.7;227.2;8 / 19;815021;2018-11-09 17:51:13:070
-1.015;6.397;8.389;222.0;1.0;50.49;48.15501;11.53912;471.2;NaN;20.4;6.8;227.3;8 / 19;815121;2018-11-09 17:51:13:170
-1.81;5.439;8.217;211.0;1.0;50.49;48.15501;11.53912;471.2;NaN;20.4;6.8;227.3;9 / 19;815222;2018-11-09 17:51:13:271
-0.593;6.474;8.619;247.0;1.0;49.2;48.15501;11.53912;471.2;NaN;20.4;6.8;227.3;9 / 19;815322;2018-11-09 17:51:13:371
-0.268;5.87;8.514;228.0;1.0;49.2;48.15501;11.53912;471.2;NaN;20.4;6.8;227.3;9 / 19;815421;2018-11-09 17:51:13:470
0.162;5.899;8.188;228.0;1.0;49.2;48.15501;11.53912;471.2;NaN;20.4;6.8;227.3;9 / 19;815521;2018-11-09 17:51:13:570
-0.095;5.909;9.644;215.0;1.0;50.5;48.15501;11.53912;471.2;NaN;20.4;6.8;227.3;9 / 19;815621;2018-11-09 17:51:13:670
-0.019;5.985;8.561;240.0;1.0;50.5;48.15501;11.53912;471.2;NaN;20.4;6.8;227.3;9 / 19;815721;2018-11-09 17:51:13:770
-0.124;5.937;8.801;231.0;1.0;50.5;48.15501;11.53912;471.2;NaN;20.4;6.8;227.3;9 / 19;815821;2018-11-09 17:51:13:870
-0.076;5.87;8.983;242.0;1.0;49.92;48.15501;11.53912;471.2;NaN;20.4;6.8;227.3;9 / 19;815921;2018-11-09 17:51:13:970
-0.095;5.861;8.878;239.0;1.0;49.92;48.15501;11.53912;471.2;NaN;20.4;6.8;227.3;9 / 19;816021;2018-11-09 17:51:14:070
-0.009;5.746;9.079;243.0;1.0;49.92;48.15496;11.53904;471.2;NaN;21.1;6.9;227.2;9 / 19;816122;2018-11-09 17:51:14:171
-0.143;6.004;8.868;252.0;1.0;49.22;48.15496;11.53904;471.2;NaN;21.1;6.9;227.2;9 / 19;816222;2018-11-09 17:51:14:271
0.651;5.487;9.232;248.0;1.0;49.22;48.15496;11.53904;471.2;NaN;21.1;6.9;227.2;9 / 19;816322;2018-11-09 17:51:14:371
-2.317;5.468;6.33;256.0;1.0;49.22;48.15496;11.53904;471.2;NaN;21.1;6.9;227.2;9 / 19;816422;2018-11-09 17:51:14:471
-1.11;6.148;9.241;233.0;1.0;50.0;48.15496;11.53904;471.2;NaN;21.1;6.9;227.2;9 / 19;816522;2018-11-09 17:51:14:571
-0.498;6.541;7.805;243.0;1.0;50.0;48.15496;11.53904;471.2;NaN;21.1;6.9;227.2;9 / 19;816622;2018-11-09 17:51:14:671
-0.718;6.378;8.82;232.0;1.0;50.0;48.15496;11.53904;471.2;NaN;21.1;6.9;227.2;9 / 19;816722;2018-11-09 17:51:14:771
-0.181;6.052;9.088;257.0;1.0;52.95;48.15496;11.53904;471.2;NaN;21.1;6.9;227.2;9 / 19;816822;2018-11-09 17:51:14:871
-0.488;6.387;8.954;254.0;1.0;52.95;48.15496;11.53904;471.2;NaN;21.1;6.9;227.2;9 / 19;816921;2018-11-09 17:51:14:970
-0.019;6.091;8.408;247.0;1.0;52.95;48.15496;11.53904;471.2;NaN;21.1;6.9;227.2;9 / 19;817021;2018-11-09 17:51:15:070
-0.45;6.081;8.83;262.0;1.0;52.9;48.15488;11.53897;471.1;NaN;22.6;6.9;219.5;9 / 19;817122;2018-11-09 17:51:15:171
-0.354;6.215;8.743;251.0;1.0;52.9;48.15488;11.53897;471.1;NaN;22.6;6.9;219.5;9 / 19;817221;2018-11-09 17:51:15:270
-0.383;6.148;8.696;245.0;1.0;52.9;48.15488;11.53897;471.1;NaN;22.6;6.9;219.5;9 / 19;817321;2018-11-09 17:51:15:370
-0.134;5.889;9.021;256.0;1.0;52.53;48.15488;11.53897;471.1;NaN;22.6;6.9;219.5;9 / 19;817422;2018-11-09 17:51:15:471
-0.325;6.196;8.858;244.0;1.0;52.53;48.15488;11.53897;471.1;NaN;22.6;6.9;219.5;9 / 19;817521;2018-11-09 17:51:15:570
-0.239;5.976;8.868;242.0;1.0;52.53;48.15488;11.53897;471.1;NaN;22.6;6.9;219.5;9 / 19;817622;2018-11-09 17:51:15:671
-0.277;6.129;8.791;244.0;1.0;53.92;48.15488;11.53897;471.1;NaN;22.6;6.9;219.5;9 / 19;817722;2018-11-09 17:51:15:771
-0.268;6.196;9.002;247.0;1.0;53.92;48.15488;11.53897;471.1;NaN;22.6;6.9;219.5;9 / 19;817822;2018-11-09 17:51:15:871
-0.325;6.205;8.638;252.0;1.0;53.92;48.15488;11.53897;471.1;NaN;22.6;6.9;219.5;9 / 19;817922;2018-11-09 17:51:15:971
0.019;6.014;8.676;258.0;1.0;51.19;48.15488;11.53897;471.1;NaN;22.6;6.9;219.5;9 / 19;818022;2018-11-09 17:51:16:071
-0.287;6.215;8.609;249.0;1.0;51.19;48.15475;11.53883;471.5;NaN;25.8;6.6;215.1;9 / 19;818122;2018-11-09 17:51:16:171
-0.229;6.1;8.801;232.0;1.0;51.19;48.15475;11.53883;471.5;NaN;25.8;6.6;215.1;9 / 19;818222;2018-11-09 17:51:16:271
-0.181;6.205;8.705;243.0;1.0;50.68;48.15475;11.53883;471.5;NaN;25.8;6.6;215.1;9 / 19;818322;2018-11-09 17:51:16:371
-0.22;6.33;9.021;249.0;1.0;50.68;48.15475;11.53883;471.5;NaN;25.8;6.6;215.1;9 / 19;818422;2018-11-09 17:51:16:471
-0.22;6.062;8.906;241.0;1.0;50.68;48.15475;11.53883;471.5;NaN;25.8;6.6;215.1;9 / 19;818522;2018-11-09 17:51:16:571
-0.268;6.11;8.897;250.0;1.0;50.49;48.15475;11.53883;471.5;NaN;25.8;6.6;215.1;9 / 19;818621;2018-11-09 17:51:16:670
-0.105;6.167;8.705;248.0;1.0;50.49;48.15475;11.53883;471.5;NaN;25.8;6.6;215.1;9 / 19;818722;2018-11-09 17:51:16:771
-0.383;6.311;8.686;253.0;1.0;50.49;48.15475;11.53883;471.5;NaN;25.8;6.6;215.1;9 / 19;818822;2018-11-09 17:51:16:871
-0.114;6.1;8.849;247.0;1.0;51.41;48.15475;11.53883;471.5;NaN;25.8;6.6;215.1;9 / 19;818922;2018-11-09 17:51:16:971
-0.153;6.177;8.609;242.0;1.0;51.41;48.15475;11.53883;471.5;NaN;25.8;6.6;215.1;9 / 19;819021;2018-11-09 17:51:17:070
-0.162;6.052;8.609;251.0;1.0;51.41;48.15471;11.53878;471.4;NaN;23.2;6.4;212.3;9 / 19;819121;2018-11-09 17:51:17:170
-0.095;6.167;8.763;246.0;1.0;50.45;48.15471;11.53878;471.4;NaN;23.2;6.4;212.3;9 / 19;819221;2018-11-09 17:51:17:270
-0.134;6.11;8.743;254.0;1.0;50.45;48.15471;11.53878;471.4;NaN;23.2;6.4;212.3;9 / 19;819322;2018-11-09 17:51:17:371
-0.229;6.129;8.696;260.0;1.0;50.45;48.15471;11.53878;471.4;NaN;23.2;6.4;212.3;9 / 19;819422;2018-11-09 17:51:17:471
-0.143;6.253;8.763;255.0;1.0;50.45;48.15471;11.53878;471.4;NaN;23.2;6.4;212.3;9 / 19;819522;2018-11-09 17:51:17:571
-0.249;6.253;8.629;250.0;1.0;50.36;48.15471;11.53878;471.4;NaN;23.2;6.4;212.3;9 / 19;819621;2018-11-09 17:51:17:670
-0.134;6.138;8.609;242.0;1.0;50.36;48.15471;11.53878;471.4;NaN;23.2;6.4;212.3;9 / 19;819721;2018-11-09 17:51:17:770
-0.114;6.234;8.868;256.0;1.0;50.36;48.15471;11.53878;471.4;NaN;23.2;6.4;212.3;9 / 19;819821;2018-11-09 17:51:17:870
-0.105;6.138;8.858;264.0;1.0;50.3;48.15471;11.53878;471.4;NaN;23.2;6.4;212.3;9 / 19;819921;2018-11-09 17:51:17:970
-0.105;6.129;8.667;252.0;1.0;50.3;48.15471;11.53878;471.4;NaN;23.2;6.4;212.3;9 / 19;820022;2018-11-09 17:51:18:071
-0.181;6.311;8.887;250.0;1.0;50.3;48.15466;11.53865;471.2;NaN;26.8;6.2;221.2;9 / 19;820122;2018-11-09 17:51:18:171
-0.153;6.215;8.945;253.0;1.0;50.38;48.15466;11.53865;471.2;NaN;26.8;6.2;221.2;9 / 19;820221;2018-11-09 17:51:18:270
-0.22;6.33;8.906;247.0;1.0;50.38;48.15466;11.53865;471.2;NaN;26.8;6.2;221.2;9 / 19;820322;2018-11-09 17:51:18:371
-0.172;6.225;8.868;240.0;1.0;50.38;48.15466;11.53865;471.2;NaN;26.8;6.2;221.2;9 / 19;820422;2018-11-09 17:51:18:471
-0.114;6.215;8.456;251.0;1.0;51.24;48.15466;11.53865;471.2;NaN;26.8;6.2;221.2;9 / 19;820522;2018-11-09 17:51:18:571
-0.095;6.158;8.734;270.0;1.0;51.24;48.15466;11.53865;471.2;NaN;26.8;6.2;221.2;9 / 19;820622;2018-11-09 17:51:18:671
-0.162;6.263;8.485;251.0;1.0;51.24;48.15466;11.53865;471.2;NaN;26.8;6.2;221.2;9 / 19;820722;2018-11-09 17:51:18:771
-0.162;6.225;8.696;259.0;1.0;51.84;48.15466;11.53865;471.2;NaN;26.8;6.2;221.2;9 / 19;820822;2018-11-09 17:51:18:871
-0.114;6.263;8.676;238.0;1.0;51.84;48.15466;11.53865;471.2;NaN;26.8;6.2;221.2;9 / 19;820922;2018-11-09 17:51:18:971
-0.153;6.138;8.791;253.0;1.0;51.84;48.15466;11.53865;471.2;NaN;26.8;6.2;221.2;9 / 19;821022;2018-11-09 17:51:19:071
-0.201;6.34;8.858;252.0;1.0;51.49;48.15466;11.53865;471.2;NaN;26.8;6.2;221.2;9 / 19;821122;2018-11-09 17:51:19:171
-0.22;6.33;8.82;250.0;1.0;51.49;48.1546;11.53858;471.1;NaN;28.4;6.0;221.7;9 / 19;821222;2018-11-09 17:51:19:271
-0.201;6.359;8.878;242.0;1.0;51.49;48.1546;11.53858;471.1;NaN;28.4;6.0;221.7;9 / 19;821322;2018-11-09 17:51:19:371
-0.143;6.129;8.523;248.0;1.0;50.18;48.1546;11.53858;471.1;NaN;28.4;6.0;221.7;9 / 19;821421;2018-11-09 17:51:19:470
-0.153;6.215;8.561;237.0;1.0;50.18;48.1546;11.53858;471.1;NaN;28.4;6.0;221.7;9 / 19;821522;2018-11-09 17:51:19:571
-0.124;6.186;8.878;260.0;1.0;50.18;48.1546;11.53858;471.1;NaN;28.4;6.0;221.7;9 / 19;821622;2018-11-09 17:51:19:671
-0.153;6.205;8.782;246.0;1.0;51.62;48.1546;11.53858;471.1;NaN;28.4;6.0;221.7;9 / 19;821722;2018-11-09 17:51:19:771
-0.134;6.138;8.427;253.0;1.0;51.62;48.1546;11.53858;471.1;NaN;28.4;6.0;221.7;9 / 19;821822;2018-11-09 17:51:19:871
-0.105;6.158;9.021;237.0;1.0;51.62;48.1546;11.53858;471.1;NaN;28.4;6.0;221.7;9 / 19;821922;2018-11-09 17:51:19:971
-0.067;6.11;8.954;222.0;1.0;51.36;48.1546;11.53858;471.1;NaN;28.4;6.0;221.7;9 / 19;822022;2018-11-09 17:51:20:071
-0.181;6.177;8.82;240.0;1.0;51.36;48.15454;11.5385;471.0;NaN;29.8;5.9;222.8;9 / 19;822122;2018-11-09 17:51:20:171
-0.229;6.186;8.696;235.0;1.0;51.36;48.15454;11.5385;471.0;NaN;29.8;5.9;222.8;9 / 19;822222;2018-11-09 17:51:20:271
-0.383;6.301;8.629;232.0;1.0;51.62;48.15454;11.5385;471.0;NaN;29.8;5.9;222.8;9 / 19;822322;2018-11-09 17:51:20:371
-0.22;6.253;8.753;226.0;1.0;51.62;48.15454;11.5385;471.0;NaN;29.8;5.9;222.8;9 / 19;822422;2018-11-09 17:51:20:471
-0.124;6.043;8.897;242.0;1.0;51.62;48.15454;11.5385;471.0;NaN;29.8;5.9;222.8;9 / 19;822522;2018-11-09 17:51:20:571
-0.181;6.081;8.629;238.0;1.0;53.34;48.15454;11.5385;471.0;NaN;29.8;5.9;222.8;9 / 19;822622;2018-11-09 17:51:20:671
-0.028;6.024;8.801;224.0;1.0;53.34;48.15454;11.5385;471.0;NaN;29.8;5.9;222.8;9 / 19;822721;2018-11-09 17:51:20:770
-0.172;6.196;8.715;228.0;1.0;53.34;48.15454;11.5385;471.0;NaN;29.8;5.9;222.8;9 / 19;822821;2018-11-09 17:51:20:870
-0.076;6.186;8.6;237.0;1.0;52.84;48.15454;11.5385;471.0;NaN;29.8;5.9;222.8;9 / 19;822921;2018-11-09 17:51:20:970
-0.067;6.1;8.724;229.0;1.0;52.84;48.15454;11.5385;471.0;NaN;29.8;5.9;222.8;9 / 19;823021;2018-11-09 17:51:21:070
-0.153;6.225;8.743;223.0;1.0;52.84;48.1545;11.53842;470.9;NaN;29.4;5.8;225.0;9 / 19;823121;2018-11-09 17:51:21:170
-0.172;6.196;8.763;230.0;1.0;52.81;48.1545;11.53842;470.9;NaN;29.4;5.8;225.0;9 / 19;823221;2018-11-09 17:51:21:270
-0.105;6.148;8.657;249.0;1.0;52.81;48.1545;11.53842;470.9;NaN;29.4;5.8;225.0;9 / 19;823322;2018-11-09 17:51:21:371
-0.105;6.186;8.571;247.0;1.0;52.81;48.1545;11.53842;470.9;NaN;29.4;5.8;225.0;9 / 19;823422;2018-11-09 17:51:21:471
-0.105;6.186;8.485;227.0;1.0;53.59;48.1545;11.53842;470.9;NaN;29.4;5.8;225.0;9 / 19;823522;2018-11-09 17:51:21:571
-0.105;6.205;8.581;240.0;1.0;53.59;48.1545;11.53842;470.9;NaN;29.4;5.8;225.0;9 / 19;823622;2018-11-09 17:51:21:671
-0.172;6.234;8.849;239.0;1.0;53.59;48.1545;11.53842;470.9;NaN;29.4;5.8;225.0;9 / 19;823722;2018-11-09 17:51:21:771
-0.124;6.138;8.753;243.0;1.0;51.0;48.1545;11.53842;470.9;NaN;29.4;5.8;225.0;9 / 19;823821;2018-11-09 17:51:21:870
-0.057;6.1;8.686;236.0;1.0;51.0;48.1545;11.53842;470.9;NaN;29.4;5.8;225.0;9 / 19;823921;2018-11-09 17:51:21:970
-0.258;6.387;8.667;237.0;1.0;51.0;48.1545;11.53842;470.9;NaN;29.4;5.8;225.0;9 / 19;824021;2018-11-09 17:51:22:070
0.057;6.071;8.753;249.0;1.0;53.19;48.15447;11.53832;470.8;NaN;28.8;5.6;229.3;9 / 19;824121;2018-11-09 17:51:22:170
-0.296;6.407;8.772;233.0;1.0;53.19;48.15447;11.53832;470.8;NaN;28.8;5.6;229.3;9 / 19;824221;2018-11-09 17:51:22:270
-0.162;6.273;8.016;226.0;1.0;53.19;48.15447;11.53832;470.8;NaN;28.8;5.6;229.3;9 / 19;824321;2018-11-09 17:51:22:370
-0.028;5.985;8.245;239.0;1.0;52.49;48.15447;11.53832;470.8;NaN;28.8;5.6;229.3;9 / 19;824422;2018-11-09 17:51:22:471
0.191;5.573;8.897;275.0;1.0;52.49;48.15447;11.53832;470.8;NaN;28.8;5.6;229.3;9 / 19;824522;2018-11-09 17:51:22:571
-0.086;5.669;8.81;265.0;1.0;52.49;48.15447;11.53832;470.8;NaN;28.8;5.6;229.3;9 / 19;824622;2018-11-09 17:51:22:671
-0.038;5.593;9.069;271.0;1.0;53.3;48.15447;11.53832;470.8;NaN;28.8;5.6;229.3;9 / 19;824722;2018-11-09 17:51:22:771
-0.21;5.803;9.28;263.0;1.0;53.3;48.15447;11.53832;470.8;NaN;28.8;5.6;229.3;9 / 19;824822;2018-11-09 17:51:22:871
-0.325;5.909;9.883;270.0;1.0;53.3;48.15447;11.53832;470.8;NaN;28.8;5.6;229.3;9 / 19;824921;2018-11-09 17:51:22:970
-0.153;6.598;9.28;280.0;1.0;51.82;48.15447;11.53832;470.8;NaN;28.8;5.6;229.3;9 / 19;825021;2018-11-09 17:51:23:070
1.158;5.123;9.835;275.0;1.0;51.82;48.15443;11.53823;470.8;NaN;27.5;5.6;231.5;9 / 19;825121;2018-11-09 17:51:23:170
0.632;5.468;8.399;246.0;1.0;51.82;48.15443;11.53823;470.8;NaN;27.5;5.6;231.5;9 / 19;825221;2018-11-09 17:51:23:270
0.268;5.956;8.542;257.0;1.0;51.18;48.15443;11.53823;470.8;NaN;27.5;5.6;231.5;9 / 19;825321;2018-11-09 17:51:23:370
0.986;5.516;7.259;241.0;1.0;51.18;48.15443;11.53823;470.8;NaN;27.5;5.6;231.5;9 / 19;825421;2018-11-09 17:51:23:470
0.67;6.234;8.226;219.0;1.0;51.18;48.15443;11.53823;470.8;NaN;27.5;5.6;231.5;9 / 19;825521;2018-11-09 17:51:23:570
1.589;6.196;7.987;199.0;1.0;50.1;48.15443;11.53823;470.8;NaN;27.5;5.6;231.5;9 / 19;825621;2018-11-09 17:51:23:670
0.316;6.799;8.217;186.0;1.0;50.1;48.15443;11.53823;470.8;NaN;27.5;5.6;231.5;9 / 19;825722;2018-11-09 17:51:23:771
-0.095;6.876;8.102;177.0;1.0;50.1;48.15443;11.53823;470.8;NaN;27.5;5.6;231.5;9 / 19;825822;2018-11-09 17:51:23:871
-0.383;6.493;6.866;186.0;1.0;52.3;48.15443;11.53823;470.8;NaN;27.5;5.6;231.5;9 / 19;825922;2018-11-09 17:51:23:971
-0.076;6.024;7.431;166.0;1.0;52.3;48.15443;11.53823;470.8;NaN;27.5;5.6;231.5;9 / 19;826022;2018-11-09 17:51:24:071
-0.095;5.899;11.396;186.0;1.0;52.3;48.1544;11.53814;470.8;NaN;26.3;5.6;232.6;9 / 19;826122;2018-11-09 17:51:24:171
-0.22;5.784;9.241;267.0;1.0;53.24;48.1544;11.53814;470.8;NaN;26.3;5.6;232.6;9 / 19;826222;2018-11-09 17:51:24:271
-0.277;5.621;9.04;271.0;1.0;53.24;48.1544;11.53814;470.8;NaN;26.3;5.6;232.6;9 / 19;826322;2018-11-09 17:51:24:371
-0.43;5.889;8.791;282.0;1.0;53.24;48.1544;11.53814;470.8;NaN;26.3;5.6;232.6;9 / 19;826422;2018-11-09 17:51:24:471
-0.402;5.64;9.318;266.0;1.0;53.24;48.1544;11.53814;470.8;NaN;26.3;5.6;232.6;9 / 19;826522;2018-11-09 17:51:24:571
-0.498;5.727;8.83;259.0;1.0;51.57;48.1544;11.53814;470.8;NaN;26.3;5.6;232.6;9 / 19;826622;2018-11-09 17:51:24:671
-0.45;5.794;8.916;267.0;1.0;51.57;48.1544;11.53814;470.8;NaN;26.3;5.6;232.6;9 / 19;826722;2018-11-09 17:51:24:771
-0.335;5.842;9.136;268.0;1.0;51.57;48.1544;11.53814;470.8;NaN;26.3;5.6;232.6;9 / 19;826823;2018-11-09 17:51:24:872
-0.392;6.004;8.667;267.0;1.0;51.98;48.1544;11.53814;470.8;NaN;26.3;5.6;232.6;9 / 19;826922;2018-11-09 17:51:24:971
-0.584;5.87;9.72;251.0;1.0;51.98;48.1544;11.53814;470.8;NaN;26.3;5.6;232.6;9 / 19;827022;2018-11-09 17:51:25:071
-0.363;6.502;8.514;225.0;1.0;51.98;48.1544;11.53814;470.8;NaN;26.3;5.6;232.6;9 / 19;827122;2018-11-09 17:51:25:171
-0.986;6.158;7.594;233.0;1.0;52.49;48.15437;11.53806;470.7;NaN;25.5;5.6;233.3;9 / 19;827222;2018-11-09 17:51:25:271
0.038;6.138;8.638;218.0;1.0;52.49;48.15437;11.53806;470.7;NaN;25.5;5.6;233.3;9 / 19;827322;2018-11-09 17:51:25:371
-0.201;5.851;9.318;209.0;1.0;52.49;48.15437;11.53806;470.7;NaN;25.5;5.6;233.3;9 / 19;827422;2018-11-09 17:51:25:471
-0.296;6.33;8.753;241.0;1.0;52.56;48.15437;11.53806;470.7;NaN;25.5;5.6;233.3;9 / 19;827522;2018-11-09 17:51:25:571
-0.354;6.024;8.198;229.0;1.0;52.56;48.15437;11.53806;470.7;NaN;25.5;5.6;233.3;9 / 19;827622;2018-11-09 17:51:25:671
-0.498;6.215;9.079;236.0;1.0;52.56;48.15437;11.53806;470.7;NaN;25.5;5.6;233.3;9 / 19;827721;2018-11-09 17:51:25:770
-1.063;6.081;7.872;238.0;1.0;51.11;48.15437;11.53806;470.7;NaN;25.5;5.6;233.3;9 / 19;827821;2018-11-09 17:51:25:870
-1.177;6.416;8.973;239.0;1.0;51.11;48.15437;11.53806;470.7;NaN;25.5;5.6;233.3;9 / 19;827921;2018-11-09 17:51:25:970
-1.206;5.554;9.366;265.0;1.0;51.11;48.15437;11.53806;470.7;NaN;25.5;5.6;233.3;9 / 19;828021;2018-11-09 17:51:26:070
-1.139;5.391;9.462;268.0;1.0;50.65;48.15432;11.53797;470.8;NaN;25.5;5.6;233.7;9 / 19;828122;2018-11-09 17:51:26:171
-1.168;5.468;10.247;274.0;1.0;50.65;48.15432;11.53797;470.8;NaN;25.5;5.6;233.7;9 / 19;828221;2018-11-09 17:51:26:270
-1.177;5.497;8.715;279.0;1.0;50.65;48.15432;11.53797;470.8;NaN;25.5;5.6;233.7;9 / 19;828321;2018-11-09 17:51:26:370
-1.11;5.353;9.433;277.0;1.0;52.3;48.15432;11.53797;470.8;NaN;25.5;5.6;233.7;9 / 19;828422;2018-11-09 17:51:26:471
-0.909;5.344;9.021;292.0;1.0;52.3;48.15432;11.53797;470.8;NaN;25.5;5.6;233.7;9 / 19;828521;2018-11-09 17:51:26:570
-0.919;5.411;9.423;290.0;1.0;52.3;48.15432;11.53797;470.8;NaN;25.5;5.6;233.7;9 / 19;828621;2018-11-09 17:51:26:670
-1.312;5.219;9.759;303.0;1.0;53.06;48.15432;11.53797;470.8;NaN;25.5;5.6;233.7;9 / 19;828722;2018-11-09 17:51:26:771
-1.063;5.784;9.615;312.0;1.0;53.06;48.15432;11.53797;470.8;NaN;25.5;5.6;233.7;9 / 19;828821;2018-11-09 17:51:26:870
-1.197;5.2;8.878;308.0;1.0;53.06;48.15432;11.53797;470.8;NaN;25.5;5.6;233.7;9 / 19;828921;2018-11-09 17:51:26:970
-1.35;5.353;9.931;291.0;1.0;52.33;48.15432;11.53797;470.8;NaN;25.5;5.6;233.7;9 / 19;829022;2018-11-09 17:51:27:071
-1.216;5.372;8.992;312.0;1.0;52.33;48.15429;11.53788;470.7;NaN;24.7;5.5;233.1;9 / 19;829122;2018-11-09 17:51:27:171
-1.149;5.363;9.28;301.0;1.0;52.33;48.15429;11.53788;470.7;NaN;24.7;5.5;233.1;9 / 19;829221;2018-11-09 17:51:27:270
-1.273;5.372;9.021;305.0;1.0;51.12;48.15429;11.53788;470.7;NaN;24.7;5.5;233.1;9 / 19;829321;2018-11-09 17:51:27:370
-1.177;5.401;9.04;316.0;1.0;51.12;48.15429;11.53788;470.7;NaN;24.7;5.5;233.1;9 / 19;829422;2018-11-09 17:51:27:471
-1.292;5.372;9.366;318.0;1.0;51.12;48.15429;11.53788;470.7;NaN;24.7;5.5;233.1;9 / 19;829522;2018-11-09 17:51:27:571
-1.12;5.487;9.596;322.0;1.0;54.66;48.15429;11.53788;470.7;NaN;24.7;5.5;233.1;9 / 19;829621;2018-11-09 17:51:27:670
-1.417;5.123;9.414;301.0;1.0;54.66;48.15429;11.53788;470.7;NaN;24.7;5.5;233.1;9 / 19;829722;2018-11-09 17:51:27:771
-1.254;5.353;9.452;315.0;1.0;54.66;48.15429;11.53788;470.7;NaN;24.7;5.5;233.1;9 / 19;829822;2018-11-09 17:51:27:871
-1.436;5.267;9.328;309.0;1.0;52.56;48.15429;11.53788;470.7;NaN;24.7;5.5;233.1;9 / 19;829921;2018-11-09 17:51:27:970
-1.264;5.458;9.347;315.0;1.0;52.56;48.15429;11.53788;470.7;NaN;24.7;5.5;233.1;9 / 19;830022;2018-11-09 17:51:28:071
-1.292;5.324;9.194;321.0;1.0;52.56;48.15426;11.53782;470.6;NaN;21.6;5.4;230.9;9 / 19;830123;2018-11-09 17:51:28:172
-1.063;5.545;8.992;316.0;1.0;54.41;48.15426;11.53782;470.6;NaN;21.6;5.4;230.9;9 / 19;830222;2018-11-09 17:51:28:271
-1.417;5.305;9.433;317.0;1.0;54.41;48.15426;11.53782;470.6;NaN;21.6;5.4;230.9;9 / 19;830322;2018-11-09 17:51:28:371
-1.34;5.583;9.577;322.0;1.0;54.41;48.15426;11.53782;470.6;NaN;21.6;5.4;230.9;9 / 19;830422;2018-11-09 17:51:28:471
-1.245;5.411;8.696;312.0;1.0;54.45;48.15426;11.53782;470.6;NaN;21.6;5.4;230.9;9 / 19;830522;2018-11-09 17:51:28:571
-1.245;5.372;8.571;319.0;1.0;54.45;48.15426;11.53782;470.6;NaN;21.6;5.4;230.9;9 / 19;830621;2018-11-09 17:51:28:670
-1.225;5.382;9.213;325.0;1.0;54.45;48.15426;11.53782;470.6;NaN;21.6;5.4;230.9;9 / 19;830722;2018-11-09 17:51:28:771
-1.331;5.363;8.964;318.0;1.0;52.15;48.15426;11.53782;470.6;NaN;21.6;5.4;230.9;9 / 19;830821;2018-11-09 17:51:28:870
-1.197;5.363;9.318;327.0;1.0;52.15;48.15426;11.53782;470.6;NaN;21.6;5.4;230.9;9 / 19;830922;2018-11-09 17:51:28:971
-1.417;5.401;9.28;329.0;1.0;52.15;48.15426;11.53782;470.6;NaN;21.6;5.4;230.9;9 / 19;831021;2018-11-09 17:51:29:070
-1.149;5.554;9.155;318.0;1.0;50.88;48.15424;11.53776;470.6;NaN;18.1;5.2;230.9;9 / 19;831122;2018-11-09 17:51:29:171
-1.158;5.564;9.318;324.0;1.0;50.88;48.15424;11.53776;470.6;NaN;18.1;5.2;230.9;9 / 19;831221;2018-11-09 17:51:29:270
-1.34;5.324;9.194;329.0;1.0;50.88;48.15424;11.53776;470.6;NaN;18.1;5.2;230.9;9 / 19;831321;2018-11-09 17:51:29:370
-1.359;5.42;8.868;333.0;1.0;51.66;48.15424;11.53776;470.6;NaN;18.1;5.2;230.9;9 / 19;831421;2018-11-09 17:51:29:470
-1.177;5.43;9.04;328.0;1.0;51.66;48.15424;11.53776;470.6;NaN;18.1;5.2;230.9;9 / 19;831522;2018-11-09 17:51:29:571
-1.254;5.372;9.232;340.0;1.0;51.66;48.15424;11.53776;470.6;NaN;18.1;5.2;230.9;9 / 19;831622;2018-11-09 17:51:29:671
-1.34;5.382;9.069;336.0;1.0;48.46;48.15424;11.53776;470.6;NaN;18.1;5.2;230.9;9 / 19;831722;2018-11-09 17:51:29:771
-1.321;5.497;9.098;342.0;1.0;48.46;48.15424;11.53776;470.6;NaN;18.1;5.2;230.9;9 / 19;831822;2018-11-09 17:51:29:871
-1.254;5.382;9.107;344.0;1.0;48.46;48.15424;11.53776;470.6;NaN;18.1;5.2;230.9;9 / 19;831922;2018-11-09 17:51:29:971
-1.35;5.277;9.423;343.0;1.0;49.04;48.15424;11.53776;470.6;NaN;18.1;5.2;230.9;9 / 19;832022;2018-11-09 17:51:30:071
-1.216;5.439;9.481;336.0;1.0;49.04;48.15422;11.53771;470.6;NaN;15.1;5.2;230.9;9 / 19;832125;2018-11-09 17:51:30:174
-1.139;5.487;9.529;347.0;1.0;49.04;48.15422;11.53771;470.6;NaN;15.1;5.2;230.9;9 / 19;832222;2018-11-09 17:51:30:271
-1.216;5.42;9.557;335.0;1.0;48.67;48.15422;11.53771;470.6;NaN;15.1;5.2;230.9;9 / 19;832321;2018-11-09 17:51:30:370
-1.254;5.411;9.376;333.0;1.0;48.67;48.15422;11.53771;470.6;NaN;15.1;5.2;230.9;9 / 19;832421;2018-11-09 17:51:30:470
-1.13;5.487;9.021;338.0;1.0;48.67;48.15422;11.53771;470.6;NaN;15.1;5.2;230.9;9 / 19;832522;2018-11-09 17:51:30:571
-1.177;5.506;9.203;345.0;1.0;46.56;48.15422;11.53771;470.6;NaN;15.1;5.2;230.9;9 / 19;832622;2018-11-09 17:51:30:671
-1.254;5.238;9.816;336.0;1.0;46.56;48.15422;11.53771;470.6;NaN;15.1;5.2;230.9;9 / 19;832722;2018-11-09 17:51:30:771
-1.245;5.439;9.28;340.0;1.0;46.56;48.15422;11.53771;470.6;NaN;15.1;5.2;230.9;9 / 19;832821;2018-11-09 17:51:30:870
-1.12;5.602;9.155;332.0;1.0;46.56;48.15422;11.53771;470.6;NaN;15.1;5.2;230.9;9 / 19;832923;2018-11-09 17:51:30:972
-1.091;5.43;9.107;339.0;1.0;48.07;48.15422;11.53771;470.6;NaN;15.1;5.2;230.9;9 / 19;833022;2018-11-09 17:51:31:071
-1.216;5.593;8.83;343.0;1.0;48.07;48.15421;11.53767;470.5;NaN;12.2;5.0;229.7;9 / 19;833122;2018-11-09 17:51:31:171
-1.082;5.487;8.629;325.0;1.0;48.07;48.15421;11.53767;470.5;NaN;12.2;5.0;229.7;9 / 19;833222;2018-11-09 17:51:31:271
-1.177;5.478;9.088;330.0;1.0;44.51;48.15421;11.53767;470.5;NaN;12.2;5.0;229.7;9 / 19;833321;2018-11-09 17:51:31:370
-0.928;5.65;10.046;320.0;1.0;44.51;48.15421;11.53767;470.5;NaN;12.2;5.0;229.7;9 / 19;833421;2018-11-09 17:51:31:470
-1.216;5.669;9.577;333.0;1.0;44.51;48.15421;11.53767;470.5;NaN;12.2;5.0;229.7;9 / 19;833521;2018-11-09 17:51:31:570
-1.312;5.458;9.318;312.0;1.0;47.42;48.15421;11.53767;470.5;NaN;12.2;5.0;229.7;9 / 19;833622;2018-11-09 17:51:31:671
-1.292;5.516;9.672;313.0;1.0;47.42;48.15421;11.53767;470.5;NaN;12.2;5.0;229.7;9 / 19;833722;2018-11-09 17:51:31:771
-1.273;5.382;9.471;314.0;1.0;47.42;48.15421;11.53767;470.5;NaN;12.2;5.0;229.7;9 / 19;833822;2018-11-09 17:51:31:871
-1.091;5.43;9.107;316.0;1.0;45.51;48.15421;11.53767;470.5;NaN;12.2;5.0;229.7;9 / 19;833922;2018-11-09 17:51:31:971
-1.417;5.315;8.83;322.0;1.0;45.51;48.15421;11.53767;470.5;NaN;12.2;5.0;229.7;9 / 19;834022;2018-11-09 17:51:32:071
-1.187;5.573;9.366;313.0;1.0;45.51;48.15418;11.53763;470.7;NaN;9.2;4.9;225.0;9 / 19;834122;2018-11-09 17:51:32:171
-1.139;5.439;9.328;306.0;1.0;48.01;48.15418;11.53763;470.7;NaN;9.2;4.9;225.0;10 / 19;834221;2018-11-09 17:51:32:270
-1.043;5.612;8.638;320.0;1.0;48.01;48.15418;11.53763;470.7;NaN;9.2;4.9;225.0;10 / 19;834322;2018-11-09 17:51:32:371
-0.612;5.688;9.337;320.0;1.0;48.01;48.15418;11.53763;470.7;NaN;9.2;4.9;225.0;10 / 19;834422;2018-11-09 17:51:32:471
-0.679;5.564;9.5;329.0;1.0;43.53;48.15418;11.53763;470.7;NaN;9.2;4.9;225.0;10 / 19;834521;2018-11-09 17:51:32:570
-0.191;5.468;9.538;332.0;1.0;43.53;48.15418;11.53763;470.7;NaN;9.2;4.9;225.0;10 / 19;834621;2018-11-09 17:51:32:670
0.028;5.181;9.318;311.0;1.0;43.53;48.15418;11.53763;470.7;NaN;9.2;4.9;225.0;10 / 19;834721;2018-11-09 17:51:32:770
0.258;5.104;9.902;326.0;1.0;46.03;48.15418;11.53763;470.7;NaN;9.2;4.9;225.0;10 / 19;834821;2018-11-09 17:51:32:870
0.402;4.826;9.73;344.0;1.0;46.03;48.15418;11.53763;470.7;NaN;9.2;4.9;225.0;10 / 19;834921;2018-11-09 17:51:32:970
-0.019;5.487;9.127;327.0;1.0;46.03;48.15418;11.53763;470.7;NaN;9.2;4.9;225.0;10 / 19;835022;2018-11-09 17:51:33:071
0.421;5.621;8.523;298.0;1.0;44.76;48.15418;11.53761;470.7;NaN;6.3;4.8;219.5;10 / 19;835121;2018-11-09 17:51:33:170
-0.814;6.158;9.146;271.0;1.0;44.76;48.15418;11.53761;470.7;NaN;6.3;4.8;219.5;10 / 19;835221;2018-11-09 17:51:33:270
-1.312;5.985;8.743;278.0;1.0;44.76;48.15418;11.53761;470.7;NaN;6.3;4.8;219.5;10 / 19;835321;2018-11-09 17:51:33:370
-1.608;5.794;9.625;269.0;1.0;42.07;48.15418;11.53761;470.7;NaN;6.3;4.8;219.5;10 / 19;835421;2018-11-09 17:51:33:470
-2.106;5.315;8.245;258.0;1.0;42.07;48.15418;11.53761;470.7;NaN;6.3;4.8;219.5;10 / 19;835522;2018-11-09 17:51:33:571
-2.193;5.65;9.117;245.0;1.0;42.07;48.15418;11.53761;470.7;NaN;6.3;4.8;219.5;10 / 19;835622;2018-11-09 17:51:33:671
-0.67;6.1;9.768;245.0;1.0;46.59;48.15418;11.53761;470.7;NaN;6.3;4.8;219.5;10 / 19;835722;2018-11-09 17:51:33:771
-0.306;6.004;8.533;254.0;1.0;46.59;48.15418;11.53761;470.7;NaN;6.3;4.8;219.5;10 / 19;835822;2018-11-09 17:51:33:871
-0.124;5.123;9.864;331.0;1.0;46.59;48.15418;11.53761;470.7;NaN;6.3;4.8;219.5;10 / 19;835922;2018-11-09 17:51:33:971
-1.053;5.2;9.634;295.0;1.0;44.61;48.15418;11.53761;470.7;NaN;6.3;4.8;219.5;10 / 19;836022;2018-11-09 17:51:34:071
-1.11;5.296;9.069;301.0;1.0;44.61;48.15418;11.5376;470.8;NaN;3.8;4.7;219.5;10 / 19;836121;2018-11-09 17:51:34:170
-0.909;5.573;9.318;262.0;1.0;44.61;48.15418;11.5376;470.8;NaN;3.8;4.7;219.5;10 / 19;836221;2018-11-09 17:51:34:270
-0.747;5.707;9.318;260.0;1.0;41.16;48.15418;11.5376;470.8;NaN;3.8;4.7;219.5;10 / 19;836321;2018-11-09 17:51:34:370
-1.168;5.755;9.241;242.0;1.0;41.16;48.15418;11.5376;470.8;NaN;3.8;4.7;219.5;10 / 19;836422;2018-11-09 17:51:34:471
-1.321;5.66;8.916;237.0;1.0;41.16;48.15418;11.5376;470.8;NaN;3.8;4.7;219.5;10 / 19;836522;2018-11-09 17:51:34:571
-1.034;5.535;9.261;265.0;1.0;40.1;48.15418;11.5376;470.8;NaN;3.8;4.7;219.5;10 / 19;836622;2018-11-09 17:51:34:671
-1.177;5.487;8.485;253.0;1.0;40.1;48.15418;11.5376;470.8;NaN;3.8;4.7;219.5;10 / 19;836724;2018-11-09 17:51:34:773
-1.149;5.64;8.897;256.0;1.0;40.1;48.15418;11.5376;470.8;NaN;3.8;4.7;219.5;10 / 19;836823;2018-11-09 17:51:34:872
-1.158;5.765;9.069;252.0;1.0;47.52;48.15418;11.5376;470.8;NaN;3.8;4.7;219.5;10 / 19;836922;2018-11-09 17:51:34:971
-1.13;5.602;9.012;257.0;1.0;47.52;48.15418;11.5376;470.8;NaN;3.8;4.7;219.5;10 / 19;837022;2018-11-09 17:51:35:071
-0.919;5.65;8.916;247.0;1.0;47.52;48.15418;11.53759;470.8;NaN;0.0;4.7;219.5;10 / 19;837121;2018-11-09 17:51:35:170
-0.9;5.506;9.28;274.0;1.0;42.68;48.15418;11.53759;470.8;NaN;0.0;4.7;219.5;10 / 19;837221;2018-11-09 17:51:35:270
-0.928;5.458;9.328;266.0;1.0;42.68;48.15418;11.53759;470.8;NaN;0.0;4.7;219.5;10 / 19;837322;2018-11-09 17:51:35:371
-0.957;5.526;9.012;261.0;1.0;42.68;48.15418;11.53759;470.8;NaN;0.0;4.7;219.5;10 / 19;837422;2018-11-09 17:51:35:471
-0.967;5.679;8.839;264.0;1.0;39.01;48.15418;11.53759;470.8;NaN;0.0;4.7;219.5;10 / 19;837522;2018-11-09 17:51:35:571
-1.139;5.65;8.973;257.0;1.0;39.01;48.15418;11.53759;470.8;NaN;0.0;4.7;219.5;10 / 19;837621;2018-11-09 17:51:35:670
-1.168;5.583;9.471;267.0;1.0;39.01;48.15418;11.53759;470.8;NaN;0.0;4.7;219.5;10 / 19;837721;2018-11-09 17:51:35:770
-0.928;5.918;8.734;253.0;1.0;39.74;48.15418;11.53759;470.8;NaN;0.0;4.7;219.5;10 / 19;837822;2018-11-09 17:51:35:871
-0.976;5.573;9.251;255.0;1.0;39.74;48.15418;11.53759;470.8;NaN;0.0;4.7;219.5;10 / 19;837921;2018-11-09 17:51:35:970
-0.948;5.669;9.567;242.0;1.0;39.74;48.15418;11.53759;470.8;NaN;0.0;4.7;219.5;10 / 19;838021;2018-11-09 17:51:36:070
-1.091;5.612;8.6;241.0;1.0;48.94;48.15418;11.53758;470.7;NaN;0.0;4.7;219.5;10 / 19;838121;2018-11-09 17:51:36:170
-1.043;6.225;8.178;219.0;1.0;48.94;48.15418;11.53758;470.7;NaN;0.0;4.7;219.5;10 / 19;838222;2018-11-09 17:51:36:271
-1.005;6.167;7.929;214.0;1.0;48.94;48.15418;11.53758;470.7;NaN;0.0;4.7;219.5;10 / 19;838321;2018-11-09 17:51:36:370
-1.551;5.794;9.356;212.0;1.0;39.21;48.15418;11.53758;470.7;NaN;0.0;4.7;219.5;10 / 19;838421;2018-11-09 17:51:36:470
-0.21;6.273;10.582;207.0;1.0;39.21;48.15418;11.53758;470.7;NaN;0.0;4.7;219.5;10 / 19;838521;2018-11-09 17:51:36:570
0.785;6.024;6.215;163.0;1.0;39.21;48.15418;11.53758;470.7;NaN;0.0;4.7;219.5;10 / 19;838621;2018-11-09 17:51:36:670
1.781;7.383;6.742;144.0;1.0;39.21;48.15418;11.53758;470.7;NaN;0.0;4.7;219.5;10 / 19;838722;2018-11-09 17:51:36:771
1.752;7.7;2.087;115.0;1.0;41.43;48.15418;11.53758;470.7;NaN;0.0;4.7;219.5;10 / 19;838822;2018-11-09 17:51:36:871
1.81;6.493;9.443;125.0;1.0;41.43;48.15418;11.53758;470.7;NaN;0.0;4.7;219.5;10 / 19;838922;2018-11-09 17:51:36:971
0.775;6.004;8.504;181.0;1.0;41.43;48.15418;11.53758;470.7;NaN;0.0;4.7;219.5;10 / 19;839022;2018-11-09 17:51:37:071
1.015;5.966;8.437;189.0;1.0;39.42;48.15418;11.53758;470.6;NaN;0.0;4.7;219.5;10 / 19;839122;2018-11-09 17:51:37:171
1.446;6.263;7.872;204.0;1.0;39.42;48.15418;11.53758;470.6;NaN;0.0;4.7;219.5;10 / 19;839222;2018-11-09 17:51:37:271
1.024;6.732;11.387;183.0;1.0;39.42;48.15418;11.53758;470.6;NaN;0.0;4.7;219.5;10 / 19;839321;2018-11-09 17:51:37:370
1.034;5.842;8.763;192.0;1.0;39.65;48.15418;11.53758;470.6;NaN;0.0;4.7;219.5;10 / 19;839421;2018-11-09 17:51:37:470
0.909;5.65;8.447;214.0;1.0;39.65;48.15418;11.53758;470.6;NaN;0.0;4.7;219.5;10 / 19;839521;2018-11-09 17:51:37:570
0.727;5.631;8.82;224.0;1.0;39.65;48.15418;11.53758;470.6;NaN;0.0;4.7;219.5;10 / 19;839622;2018-11-09 17:51:37:671
0.967;5.621;8.916;225.0;1.0;38.12;48.15418;11.53758;470.6;NaN;0.0;4.7;219.5;10 / 19;839722;2018-11-09 17:51:37:771
0.909;5.688;8.581;220.0;1.0;38.12;48.15418;11.53758;470.6;NaN;0.0;4.7;219.5;10 / 19;839822;2018-11-09 17:51:37:871
0.852;5.66;8.351;216.0;1.0;38.12;48.15418;11.53758;470.6;NaN;0.0;4.7;219.5;10 / 19;839921;2018-11-09 17:51:37:970
0.919;5.564;8.533;224.0;1.0;39.09;48.15418;11.53758;470.6;NaN;0.0;4.7;219.5;10 / 19;840021;2018-11-09 17:51:38:070
0.804;5.612;9.376;237.0;1.0;39.09;48.15418;11.53758;470.6;NaN;0.0;4.7;219.5;10 / 19;840121;2018-11-09 17:51:38:170
0.909;5.631;8.782;219.0;1.0;39.09;48.15418;11.53758;470.6;NaN;0.0;4.7;219.5;10 / 19;840221;2018-11-09 17:51:38:270
0.919;5.66;8.466;214.0;1.0;39.66;48.15418;11.53758;470.6;NaN;0.0;4.7;219.5;10 / 19;840322;2018-11-09 17:51:38:371
0.881;5.688;8.514;198.0;1.0;39.66;48.15418;11.53758;470.6;NaN;0.0;4.7;219.5;10 / 19;840422;2018-11-09 17:51:38:471
1.369;5.813;8.169;209.0;1.0;39.66;48.15418;11.53758;470.6;NaN;0.0;4.7;219.5;10 / 19;840522;2018-11-09 17:51:38:571
1.359;5.267;8.389;247.0;1.0;40.88;48.15418;11.53758;470.6;NaN;0.0;4.7;219.5;10 / 19;840622;2018-11-09 17:51:38:671
0.038;4.462;10.898;303.0;1.0;40.88;48.15418;11.53758;470.6;NaN;0.0;4.7;219.5;10 / 19;840721;2018-11-09 17:51:38:770
-0.517;4.826;9.577;371.0;1.0;40.88;48.15418;11.53758;470.6;NaN;0.0;4.7;219.5;10 / 19;840821;2018-11-09 17:51:38:870
-0.632;5.181;9.644;352.0;1.0;39.99;48.15418;11.53758;470.6;NaN;0.0;4.7;219.5;10 / 19;840921;2018-11-09 17:51:38:970
-0.095;5.238;7.901;306.0;1.0;39.99;48.15418;11.53758;470.6;NaN;0.0;4.7;219.5;10 / 19;841021;2018-11-09 17:51:39:070
-0.842;5.382;9.787;272.0;1.0;39.99;48.15418;11.53758;470.6;NaN;0.0;4.7;219.5;10 / 19;841121;2018-11-09 17:51:39:170
-0.574;5.382;9.299;278.0;1.0;38.93;48.15418;11.53758;470.6;NaN;0.0;4.7;219.5;10 / 19;841221;2018-11-09 17:51:39:270
-0.526;5.439;9.184;283.0;1.0;38.93;48.15418;11.53758;470.6;NaN;0.0;4.7;219.5;10 / 19;841322;2018-11-09 17:51:39:371
-0.459;5.612;9.672;271.0;1.0;38.93;48.15418;11.53758;470.6;NaN;0.0;4.7;219.5;10 / 19;841422;2018-11-09 17:51:39:471
-0.852;5.976;9.002;253.0;1.0;39.34;48.15418;11.53758;470.6;NaN;0.0;4.7;219.5;10 / 19;841522;2018-11-09 17:51:39:571
-0.22;5.497;9.002;259.0;1.0;39.34;48.15418;11.53758;470.6;NaN;0.0;4.7;219.5;10 / 19;841622;2018-11-09 17:51:39:671
-0.172;5.411;9.586;256.0;1.0;39.34;48.15418;11.53758;470.6;NaN;0.0;4.7;219.5;10 / 19;841721;2018-11-09 17:51:39:770
0.028;5.296;9.146;276.0;1.0;40.55;48.15418;11.53758;470.6;NaN;0.0;4.7;219.5;10 / 19;841821;2018-11-09 17:51:39:870
-0.268;5.583;9.203;275.0;1.0;40.55;48.15418;11.53758;470.6;NaN;0.0;4.7;219.5;10 / 19;841921;2018-11-09 17:51:39:970
0.028;5.277;9.165;282.0;1.0;40.55;48.15418;11.53758;470.6;NaN;0.0;4.7;219.5;10 / 19;842022;2018-11-09 17:51:40:071
-0.296;5.439;9.28;288.0;1.0;41.05;48.15418;11.53758;470.6;NaN;0.0;4.7;219.5;10 / 19;842122;2018-11-09 17:51:40:171
0.076;5.085;9.481;292.0;1.0;41.05;48.15418;11.53758;470.6;NaN;0.0;4.7;219.5;10 / 19;842222;2018-11-09 17:51:40:271
0.009;5.133;9.5;296.0;1.0;41.05;48.15418;11.53758;470.6;NaN;0.0;4.7;219.5;10 / 19;842321;2018-11-09 17:51:40:370
0.047;5.123;9.443;282.0;1.0;40.4;48.15418;11.53758;470.6;NaN;0.0;4.7;219.5;10 / 19;842421;2018-11-09 17:51:40:470
0.057;5.171;9.471;291.0;1.0;40.4;48.15418;11.53758;470.6;NaN;0.0;4.7;219.5;10 / 19;842522;2018-11-09 17:51:40:571
0.076;5.114;9.414;289.0;1.0;40.4;48.15418;11.53758;470.6;NaN;0.0;4.7;219.5;10 / 19;842622;2018-11-09 17:51:40:671
0.038;5.19;9.481;280.0;1.0;41.48;48.15418;11.53758;470.6;NaN;0.0;4.7;219.5;10 / 19;842721;2018-11-09 17:51:40:770
0.086;5.142;9.337;285.0;1.0;41.48;48.15418;11.53758;470.6;NaN;0.0;4.7;219.5;10 / 19;842821;2018-11-09 17:51:40:870
0.181;5.123;9.337;268.0;1.0;41.48;48.15418;11.53758;470.6;NaN;0.0;4.7;219.5;10 / 19;842921;2018-11-09 17:51:40:970
0.114;5.114;9.395;290.0;1.0;38.98;48.15418;11.53758;470.6;NaN;0.0;4.7;219.5;10 / 19;843021;2018-11-09 17:51:41:070
0.153;5.152;9.299;277.0;1.0;38.98;48.15418;11.53758;470.6;NaN;0.0;4.7;219.5;10 / 19;843121;2018-11-09 17:51:41:170
0.105;5.152;9.481;274.0;1.0;38.98;48.15418;11.53758;470.6;NaN;0.0;4.7;219.5;10 / 19;843222;2018-11-09 17:51:41:271
0.124;5.104;9.376;267.0;1.0;39.58;48.15418;11.53758;470.6;NaN;0.0;4.7;219.5;10 / 19;843322;2018-11-09 17:51:41:371
0.143;5.123;9.356;286.0;1.0;39.58;48.15418;11.53758;470.6;NaN;0.0;4.7;219.5;10 / 19;843421;2018-11-09 17:51:41:470
0.124;5.2;9.27;276.0;1.0;39.58;48.15418;11.53758;470.6;NaN;0.0;4.7;219.5;10 / 19;843521;2018-11-09 17:51:41:570
0.201;5.095;9.395;273.0;1.0;39.71;48.15418;11.53758;470.6;NaN;0.0;4.7;219.5;10 / 19;843622;2018-11-09 17:51:41:671
0.105;5.162;9.376;291.0;1.0;39.71;48.15418;11.53758;470.6;NaN;0.0;4.7;219.5;10 / 19;843722;2018-11-09 17:51:41:771
0.229;5.085;9.471;297.0;1.0;39.71;48.15418;11.53758;470.6;NaN;0.0;4.7;219.5;10 / 19;843821;2018-11-09 17:51:41:870
0.134;5.123;9.308;277.0;1.0;38.95;48.15418;11.53758;470.6;NaN;0.0;4.7;219.5;10 / 19;843922;2018-11-09 17:51:41:971
0.153;5.123;9.414;284.0;1.0;38.95;48.15418;11.53758;470.6;NaN;0.0;4.7;219.5;10 / 19;844022;2018-11-09 17:51:42:071
0.162;5.152;9.299;276.0;1.0;38.95;48.15418;11.53758;470.6;NaN;0.0;4.7;219.5;10 / 19;844122;2018-11-09 17:51:42:171
0.153;5.114;9.337;278.0;1.0;43.02;48.15418;11.53758;470.6;NaN;0.0;4.7;219.5;10 / 19;844222;2018-11-09 17:51:42:271
0.239;5.114;9.385;278.0;1.0;43.02;48.15418;11.53758;470.6;NaN;0.0;4.7;219.5;10 / 19;844321;2018-11-09 17:51:42:370
0.114;5.209;9.261;264.0;1.0;43.02;48.15418;11.53758;470.6;NaN;0.0;4.7;219.5;10 / 19;844421;2018-11-09 17:51:42:470
0.153;5.219;9.241;275.0;1.0;39.79;48.15418;11.53758;470.6;NaN;0.0;4.7;219.5;10 / 19;844521;2018-11-09 17:51:42:570
0.181;5.075;9.376;271.0;1.0;39.79;48.15418;11.53758;470.6;NaN;0.0;4.7;219.5;10 / 19;844622;2018-11-09 17:51:42:671
0.124;5.2;9.261;271.0;1.0;39.79;48.15418;11.53758;470.6;NaN;0.0;4.7;219.5;10 / 19;844721;2018-11-09 17:51:42:770
0.22;5.133;9.385;291.0;1.0;40.02;48.15418;11.53758;470.6;NaN;0.0;4.7;219.5;10 / 19;844821;2018-11-09 17:51:42:870
0.229;5.142;9.184;284.0;1.0;40.02;48.15418;11.53758;470.6;NaN;0.0;4.7;219.5;10 / 19;844922;2018-11-09 17:51:42:971
0.22;5.219;9.299;269.0;1.0;40.02;48.15418;11.53758;470.6;NaN;0.0;4.7;219.5;10 / 19;845022;2018-11-09 17:51:43:071
0.095;5.248;9.28;286.0;1.0;40.02;48.15418;11.53758;470.6;NaN;0.0;4.7;219.5;10 / 19;845122;2018-11-09 17:51:43:171
0.162;5.142;9.347;287.0;1.0;40.02;48.15418;11.53758;470.6;NaN;0.0;4.7;219.5;10 / 19;845222;2018-11-09 17:51:43:271
0.172;5.075;9.308;276.0;1.0;40.02;48.15418;11.53758;470.6;NaN;0.0;4.7;219.5;10 / 19;845322;2018-11-09 17:51:43:371
0.181;5.123;9.347;265.0;1.0;39.99;48.15418;11.53758;470.6;NaN;0.0;4.7;219.5;10 / 19;845422;2018-11-09 17:51:43:471
0.21;5.028;9.452;267.0;1.0;39.99;48.15418;11.53758;470.6;NaN;0.0;4.7;219.5;10 / 19;845522;2018-11-09 17:51:43:571
0.201;5.114;9.299;293.0;1.0;39.99;48.15418;11.53758;470.6;NaN;0.0;4.7;219.5;10 / 19;845621;2018-11-09 17:51:43:670
0.239;5.238;9.376;283.0;1.0;38.98;48.15418;11.53758;470.6;NaN;0.0;4.7;219.5;10 / 19;845721;2018-11-09 17:51:43:770
0.239;5.114;9.481;285.0;1.0;38.98;48.15418;11.53758;470.6;NaN;0.0;4.7;219.5;10 / 19;845821;2018-11-09 17:51:43:870
0.258;5.152;9.308;286.0;1.0;38.98;48.15418;11.53758;470.6;NaN;0.0;4.7;219.5;10 / 19;845921;2018-11-09 17:51:43:970
0.287;5.142;9.414;269.0;1.0;41.69;48.15418;11.53758;470.6;NaN;0.0;4.7;219.5;10 / 19;846022;2018-11-09 17:51:44:071
0.239;5.095;9.318;273.0;1.0;41.69;48.15418;11.53758;470.6;NaN;0.0;4.7;219.5;10 / 19;846122;2018-11-09 17:51:44:171
0.22;5.095;9.194;270.0;1.0;41.69;48.15418;11.53758;470.6;NaN;0.0;4.7;219.5;10 / 19;846222;2018-11-09 17:51:44:271
0.162;5.257;9.328;255.0;1.0;40.58;48.15418;11.53758;470.6;NaN;0.0;4.7;219.5;10 / 19;846322;2018-11-09 17:51:44:371
0.143;5.152;9.213;260.0;1.0;40.58;48.15418;11.53758;470.6;NaN;0.0;4.7;219.5;10 / 19;846422;2018-11-09 17:51:44:471
0.22;5.401;8.542;269.0;1.0;40.58;48.15418;11.53758;470.6;NaN;0.0;4.7;219.5;10 / 19;846522;2018-11-09 17:51:44:571
1.426;6.129;7.46;276.0;1.0;40.66;48.15418;11.53758;470.6;NaN;0.0;4.7;219.5;10 / 19;846622;2018-11-09 17:51:44:671
0.919;5.277;9.749;285.0;1.0;40.66;48.15418;11.53758;470.6;NaN;0.0;4.7;219.5;10 / 19;846722;2018-11-09 17:51:44:771
-0.632;4.893;8.657;330.0;1.0;40.66;48.15418;11.53758;470.6;NaN;0.0;4.7;219.5;10 / 19;846822;2018-11-09 17:51:44:871
-2.451;4.175;9.778;304.0;1.0;41.12;48.15418;11.53758;470.6;NaN;0.0;4.7;219.5;10 / 19;846922;2018-11-09 17:51:44:971
-2.423;3.715;10.4;329.0;1.0;41.12;48.15418;11.53758;470.6;NaN;0.0;4.7;219.5;10 / 19;847021;2018-11-09 17:51:45:070
-1.321;4.261;11.492;386.0;1.0;41.12;48.15418;11.53758;470.6;NaN;0.0;4.7;219.5;10 / 19;847122;2018-11-09 17:51:45:171
-2.183;4.051;9.682;387.0;1.0;39.68;48.15418;11.53758;470.6;NaN;0.0;4.7;219.5;10 / 19;847222;2018-11-09 17:51:45:271
-2.518;3.639;10.008;354.0;1.0;39.68;48.15418;11.53758;470.6;NaN;0.0;4.7;219.5;10 / 19;847322;2018-11-09 17:51:45:371
-2.183;3.964;10.554;368.0;1.0;39.68;48.15418;11.53758;470.6;NaN;0.0;4.7;219.5;10 / 19;847421;2018-11-09 17:51:45:470
-2.03;4.348;10.19;358.0;1.0;40.61;48.15418;11.53758;470.6;NaN;0.0;4.7;219.5;10 / 19;847522;2018-11-09 17:51:45:571
-2.059;3.754;9.921;356.0;1.0;40.61;48.15418;11.53758;470.6;NaN;0.0;4.7;219.5;10 / 19;847622;2018-11-09 17:51:45:671
-2.097;4.137;10.774;357.0;1.0;40.61;48.15418;11.53758;470.6;NaN;0.0;4.7;219.5;10 / 19;847721;2018-11-09 17:51:45:770
-2.691;3.313;10.276;375.0;1.0;40.59;48.15418;11.53758;470.6;NaN;0.0;4.7;219.5;10 / 19;847822;2018-11-09 17:51:45:871
-2.145;4.06;10.352;360.0;1.0;40.59;48.15418;11.53758;470.6;NaN;0.0;4.7;219.5;10 / 19;847922;2018-11-09 17:51:45:971
-2.039;4.185;9.95;367.0;1.0;40.59;48.15418;11.53758;470.6;NaN;0.0;4.7;219.5;10 / 19;848023;2018-11-09 17:51:46:072
-2.317;4.051;10.046;367.0;1.0;40.69;48.15418;11.53758;470.6;NaN;0.0;4.7;219.5;10 / 19;848122;2018-11-09 17:51:46:171
-2.317;3.945;10.391;369.0;1.0;40.69;48.15419;11.53761;469.0;NaN;0.0;5.0;219.5;10 / 19;848222;2018-11-09 17:51:46:271
-1.838;4.252;10.209;396.0;1.0;40.69;48.15419;11.53761;469.0;NaN;0.0;5.0;219.5;10 / 19;848322;2018-11-09 17:51:46:371
-1.905;4.146;9.96;370.0;1.0;41.22;48.15419;11.53761;469.0;NaN;0.0;5.0;219.5;10 / 19;848421;2018-11-09 17:51:46:470
-2.336;3.974;10.343;361.0;1.0;41.22;48.15419;11.53761;469.0;NaN;0.0;5.0;219.5;10 / 19;848522;2018-11-09 17:51:46:571
-2.145;4.137;10.333;346.0;1.0;41.22;48.15419;11.53761;469.0;NaN;0.0;5.0;219.5;10 / 19;848622;2018-11-09 17:51:46:671
-1.972;4.328;9.845;365.0;1.0;41.81;48.15419;11.53761;469.0;NaN;0.0;5.0;219.5;10 / 19;848721;2018-11-09 17:51:46:770
-1.474;4.29;9.864;379.0;1.0;41.81;48.15419;11.53761;469.0;NaN;0.0;5.0;219.5;10 / 19;848822;2018-11-09 17:51:46:871
-1.628;4.539;10.975;390.0;1.0;41.81;48.15419;11.53761;469.0;NaN;0.0;5.0;219.5;10 / 19;848921;2018-11-09 17:51:46:970
-1.925;4.223;9.72;372.0;1.0;43.26;48.15419;11.53761;469.0;NaN;0.0;5.0;219.5;10 / 19;849022;2018-11-09 17:51:47:071
-0.938;5.085;9.471;370.0;1.0;43.26;48.1542;11.53764;468.7;NaN;0.0;5.0;219.5;9 / 19;849122;2018-11-09 17:51:47:171
-1.34;4.597;10.372;352.0;1.0;43.26;48.1542;11.53764;468.7;NaN;0.0;5.0;219.5;9 / 19;849221;2018-11-09 17:51:47:270
-0.881;5.19;9.328;378.0;1.0;45.18;48.1542;11.53764;468.7;NaN;0.0;5.0;219.5;9 / 19;849321;2018-11-09 17:51:47:370
-1.024;4.874;9.835;379.0;1.0;45.18;48.1542;11.53764;468.7;NaN;0.0;5.0;219.5;9 / 19;849422;2018-11-09 17:51:47:471
-0.766;4.769;10.419;372.0;1.0;45.18;48.1542;11.53764;468.7;NaN;0.0;5.0;219.5;9 / 19;849522;2018-11-09 17:51:47:571
-0.756;5.104;9.586;385.0;1.0;46.21;48.1542;11.53764;468.7;NaN;0.0;5.0;219.5;9 / 19;849622;2018-11-09 17:51:47:671
-0.622;5.564;9.194;362.0;1.0;46.21;48.1542;11.53764;468.7;NaN;0.0;5.0;219.5;9 / 19;849722;2018-11-09 17:51:47:771
-0.545;5.056;9.529;357.0;1.0;46.21;48.1542;11.53764;468.7;NaN;0.0;5.0;219.5;9 / 19;849822;2018-11-09 17:51:47:871
-0.833;5.458;9.318;321.0;1.0;46.21;48.1542;11.53764;468.7;NaN;0.0;5.0;219.5;9 / 19;849921;2018-11-09 17:51:47:970
-1.187;4.999;9.711;328.0;1.0;46.07;48.1542;11.53764;468.7;NaN;0.0;5.0;219.5;9 / 19;850022;2018-11-09 17:51:48:071
-0.814;5.363;9.184;317.0;1.0;46.07;48.1542;11.53768;468.4;NaN;0.0;5.1;219.5;9 / 19;850122;2018-11-09 17:51:48:171
-0.842;5.478;9.605;298.0;1.0;46.07;48.1542;11.53768;468.4;NaN;0.0;5.1;219.5;9 / 19;850222;2018-11-09 17:51:48:271
-0.967;5.037;9.931;306.0;1.0;44.93;48.1542;11.53768;468.4;NaN;0.0;5.1;219.5;9 / 19;850322;2018-11-09 17:51:48:371
-0.747;5.573;9.615;313.0;1.0;44.93;48.1542;11.53768;468.4;NaN;0.0;5.1;219.5;9 / 19;850422;2018-11-09 17:51:48:471
-1.101;5.344;8.906;318.0;1.0;44.93;48.1542;11.53768;468.4;NaN;0.0;5.1;219.5;9 / 19;850521;2018-11-09 17:51:48:570
-0.996;5.018;10.132;296.0;1.0;46.17;48.1542;11.53768;468.4;NaN;0.0;5.1;219.5;9 / 19;850621;2018-11-09 17:51:48:670
-1.177;5.142;9.605;314.0;1.0;46.17;48.1542;11.53768;468.4;NaN;0.0;5.1;219.5;9 / 19;850722;2018-11-09 17:51:48:771
-1.063;5.487;8.418;304.0;1.0;46.17;48.1542;11.53768;468.4;NaN;0.0;5.1;219.5;9 / 19;850821;2018-11-09 17:51:48:870
-0.89;5.66;9.701;282.0;1.0;48.1;48.1542;11.53768;468.4;NaN;0.0;5.1;219.5;9 / 19;850921;2018-11-09 17:51:48:970
-1.12;5.353;9.692;285.0;1.0;48.1;48.1542;11.53768;468.4;NaN;0.0;5.1;219.5;9 / 19;851022;2018-11-09 17:51:49:071
-1.369;5.564;8.447;276.0;1.0;48.1;48.1542;11.53768;468.0;NaN;0.0;5.2;219.5;9 / 19;851121;2018-11-09 17:51:49:170
-1.101;5.277;9.596;272.0;1.0;46.5;48.1542;11.53768;468.0;NaN;0.0;5.2;219.5;9 / 19;851222;2018-11-09 17:51:49:271
-1.101;5.736;9.213;276.0;1.0;46.5;48.1542;11.53768;468.0;NaN;0.0;5.2;219.5;9 / 19;851322;2018-11-09 17:51:49:371
-1.522;5.391;9.155;255.0;1.0;46.5;48.1542;11.53768;468.0;NaN;0.0;5.2;219.5;9 / 19;851421;2018-11-09 17:51:49:470
-1.264;5.707;8.293;268.0;1.0;49.92;48.1542;11.53768;468.0;NaN;0.0;5.2;219.5;9 / 19;851522;2018-11-09 17:51:49:571
-0.996;5.497;9.136;272.0;1.0;49.92;48.1542;11.53768;468.0;NaN;0.0;5.2;219.5;9 / 19;851622;2018-11-09 17:51:49:671
-0.919;5.487;9.95;266.0;1.0;49.92;48.1542;11.53768;468.0;NaN;0.0;5.2;219.5;9 / 19;851722;2018-11-09 17:51:49:771
-1.321;5.391;8.667;269.0;1.0;48.56;48.1542;11.53768;468.0;NaN;0.0;5.2;219.5;9 / 19;851822;2018-11-09 17:51:49:871
-0.871;5.64;9.069;269.0;1.0;48.56;48.1542;11.53768;468.0;NaN;0.0;5.2;219.5;9 / 19;851922;2018-11-09 17:51:49:971
-0.747;5.64;9.251;272.0;1.0;48.56;48.1542;11.53768;468.0;NaN;0.0;5.2;219.5;9 / 19;852022;2018-11-09 17:51:50:071
-1.455;5.334;9.376;264.0;1.0;49.73;48.1542;11.53768;468.0;NaN;0.0;5.2;219.5;9 / 19;852122;2018-11-09 17:51:50:171
-1.005;5.803;8.696;264.0;1.0;49.73;48.15419;11.53767;467.6;NaN;0.0;5.2;219.5;9 / 19;852221;2018-11-09 17:51:50:270
-1.426;5.229;9.194;259.0;1.0;49.73;48.15419;11.53767;467.6;NaN;0.0;5.2;219.5;9 / 19;852321;2018-11-09 17:51:50:370
-0.335;6.052;9.481;262.0;1.0;52.15;48.15419;11.53767;467.6;NaN;0.0;5.2;219.5;9 / 19;852421;2018-11-09 17:51:50:470
-1.407;5.401;9.05;268.0;1.0;52.15;48.15419;11.53767;467.6;NaN;0.0;5.2;219.5;9 / 19;852521;2018-11-09 17:51:50:570
-0.536;5.573;8.657;281.0;1.0;52.15;48.15419;11.53767;467.6;NaN;0.0;5.2;219.5;9 / 19;852621;2018-11-09 17:51:50:670
-0.574;6.138;10.554;258.0;1.0;51.38;48.15419;11.53767;467.6;NaN;0.0;5.2;219.5;9 / 19;852722;2018-11-09 17:51:50:771
-1.264;5.602;9.356;266.0;1.0;51.38;48.15419;11.53767;467.6;NaN;0.0;5.2;219.5;9 / 19;852822;2018-11-09 17:51:50:871
-1.379;5.66;9.002;274.0;1.0;51.38;48.15419;11.53767;467.6;NaN;0.0;5.2;219.5;9 / 19;852921;2018-11-09 17:51:50:970
-1.34;5.497;8.494;259.0;1.0;50.63;48.15419;11.53767;467.6;NaN;0.0;5.2;219.5;9 / 19;853021;2018-11-09 17:51:51:070
-2.001;5.133;10.19;254.0;1.0;50.63;48.15417;11.53763;467.4;NaN;0.0;5.2;219.5;9 / 19;853123;2018-11-09 17:51:51:172
-2.26;5.095;8.552;272.0;1.0;50.63;48.15417;11.53763;467.4;NaN;0.0;5.2;219.5;9 / 19;853222;2018-11-09 17:51:51:271
-2.26;4.874;8.743;257.0;1.0;51.68;48.15417;11.53763;467.4;NaN;0.0;5.2;219.5;9 / 19;853321;2018-11-09 17:51:51:370
-2.786;4.309;9.692;263.0;1.0;51.68;48.15417;11.53763;467.4;NaN;0.0;5.2;219.5;9 / 19;853421;2018-11-09 17:51:51:470
-3.007;4.242;9.299;275.0;1.0;51.68;48.15417;11.53763;467.4;NaN;0.0;5.2;219.5;9 / 19;853521;2018-11-09 17:51:51:570
-1.8;4.778;9.328;270.0;1.0;54.99;48.15417;11.53763;467.4;NaN;0.0;5.2;219.5;9 / 19;853621;2018-11-09 17:51:51:670
-2.327;4.673;8.533;283.0;1.0;54.99;48.15417;11.53763;467.4;NaN;0.0;5.2;219.5;9 / 19;853721;2018-11-09 17:51:51:770
-2.308;4.644;10.4;293.0;1.0;54.99;48.15417;11.53763;467.4;NaN;0.0;5.2;219.5;9 / 19;853821;2018-11-09 17:51:51:870
-1.608;4.769;9.711;294.0;1.0;51.86;48.15417;11.53763;467.4;NaN;0.0;5.2;219.5;9 / 19;853922;2018-11-09 17:51:51:971
0.766;6.062;8.427;255.0;1.0;51.86;48.15417;11.53763;467.4;NaN;0.0;5.2;219.5;9 / 19;854022;2018-11-09 17:51:52:071
-0.239;5.947;8.514;248.0;1.0;51.86;48.15416;11.53756;466.8;NaN;0.0;5.1;219.5;9 / 19;854125;2018-11-09 17:51:52:174
-0.086;5.803;8.552;253.0;1.0;52.62;48.15416;11.53756;466.8;NaN;0.0;5.1;219.5;9 / 19;854222;2018-11-09 17:51:52:271
-0.335;6.024;9.059;245.0;1.0;52.62;48.15416;11.53756;466.8;NaN;0.0;5.1;219.5;9 / 19;854322;2018-11-09 17:51:52:371
-0.344;6.043;8.897;252.0;1.0;52.62;48.15416;11.53756;466.8;NaN;0.0;5.1;219.5;9 / 19;854422;2018-11-09 17:51:52:471
-0.316;5.966;8.925;264.0;1.0;50.82;48.15416;11.53756;466.8;NaN;0.0;5.1;219.5;9 / 19;854522;2018-11-09 17:51:52:571
-0.277;5.612;8.897;267.0;1.0;50.82;48.15416;11.53756;466.8;NaN;0.0;5.1;219.5;9 / 19;854622;2018-11-09 17:51:52:671
-0.775;5.995;9.385;254.0;1.0;50.82;48.15416;11.53756;466.8;NaN;0.0;5.1;219.5;9 / 19;854722;2018-11-09 17:51:52:771
-0.785;5.803;8.696;247.0;1.0;51.36;48.15416;11.53756;466.8;NaN;0.0;5.1;219.5;9 / 19;854822;2018-11-09 17:51:52:871
-1.302;5.909;8.791;260.0;1.0;51.36;48.15416;11.53756;466.8;NaN;0.0;5.1;219.5;9 / 19;854922;2018-11-09 17:51:52:971
-1.273;5.698;8.389;261.0;1.0;51.36;48.15416;11.53756;466.8;NaN;0.0;5.1;219.5;9 / 19;855022;2018-11-09 17:51:53:071
-1.561;5.717;8.638;262.0;1.0;51.54;48.15414;11.53753;466.3;NaN;0.0;5.1;219.5;9 / 19;855124;2018-11-09 17:51:53:173
-1.647;5.631;8.657;250.0;1.0;51.54;48.15414;11.53753;466.3;NaN;0.0;5.1;219.5;9 / 19;855222;2018-11-09 17:51:53:271
-2.001;5.401;8.954;270.0;1.0;51.54;48.15414;11.53753;466.3;NaN;0.0;5.1;219.5;9 / 19;855321;2018-11-09 17:51:53:370
-2.039;5.152;9.529;251.0;1.0;50.71;48.15414;11.53753;466.3;NaN;0.0;5.1;219.5;9 / 19;855422;2018-11-09 17:51:53:471
-2.078;5.296;9.146;265.0;1.0;50.71;48.15414;11.53753;466.3;NaN;0.0;5.1;219.5;9 / 19;855522;2018-11-09 17:51:53:571
-1.867;5.085;9.165;271.0;1.0;50.71;48.15414;11.53753;466.3;NaN;0.0;5.1;219.5;9 / 19;855622;2018-11-09 17:51:53:671
-1.465;5.018;9.385;270.0;1.0;50.16;48.15414;11.53753;466.3;NaN;0.0;5.1;219.5;9 / 19;855722;2018-11-09 17:51:53:771
-1.388;5.152;9.146;287.0;1.0;50.16;48.15414;11.53753;466.3;NaN;0.0;5.1;219.5;9 / 19;855822;2018-11-09 17:51:53:871
-1.436;5.018;9.807;300.0;1.0;50.16;48.15414;11.53753;466.3;NaN;0.0;5.1;219.5;9 / 19;855922;2018-11-09 17:51:53:971
-1.628;5.344;9.462;298.0;1.0;51.13;48.15414;11.53753;466.3;NaN;0.0;5.1;219.5;9 / 19;856022;2018-11-09 17:51:54:071
-1.302;5.535;9.328;297.0;1.0;51.13;48.15414;11.53753;466.3;NaN;0.0;5.1;219.5;9 / 19;856121;2018-11-09 17:51:54:170
-1.245;5.2;9.414;290.0;1.0;51.13;48.15414;11.53753;466.3;NaN;0.0;5.1;219.5;9 / 19;856222;2018-11-09 17:51:54:271
-1.656;5.401;9.155;319.0;1.0;51.9;48.15414;11.53753;466.3;NaN;0.0;5.1;219.5;9 / 19;856322;2018-11-09 17:51:54:371
-1.455;5.382;9.337;297.0;1.0;51.9;48.15414;11.53753;466.3;NaN;0.0;5.1;219.5;9 / 19;856422;2018-11-09 17:51:54:471
-1.235;5.43;8.964;313.0;1.0;51.9;48.15414;11.53753;466.3;NaN;0.0;5.1;219.5;9 / 19;856522;2018-11-09 17:51:54:571
-1.005;5.449;9.117;322.0;1.0;51.38;48.15414;11.53753;466.3;NaN;0.0;5.1;219.5;9 / 19;856622;2018-11-09 17:51:54:671
-1.676;4.865;9.098;335.0;1.0;51.38;48.15414;11.53753;466.3;NaN;0.0;5.1;219.5;9 / 19;856722;2018-11-09 17:51:54:771
-1.283;5.286;9.433;358.0;1.0;51.38;48.15414;11.53753;466.3;NaN;0.0;5.1;219.5;9 / 19;856822;2018-11-09 17:51:54:871
-1.034;5.334;9.423;337.0;1.0;51.31;48.15414;11.53753;466.3;NaN;0.0;5.1;219.5;9 / 19;856922;2018-11-09 17:51:54:971
-1.359;5.363;9.174;329.0;1.0;51.31;48.15414;11.53753;466.3;NaN;0.0;5.1;219.5;9 / 19;857022;2018-11-09 17:51:55:071
-1.235;5.487;9.299;324.0;1.0;51.31;48.1541;11.53742;465.5;NaN;8.9;5.2;240.8;9 / 19;857122;2018-11-09 17:51:55:171
-0.555;5.411;9.232;307.0;1.0;51.22;48.1541;11.53742;465.5;NaN;8.9;5.2;240.8;9 / 19;857221;2018-11-09 17:51:55:270
-0.804;5.621;9.04;309.0;1.0;51.22;48.1541;11.53742;465.5;NaN;8.9;5.2;240.8;9 / 19;857321;2018-11-09 17:51:55:370
-1.331;5.363;9.117;314.0;1.0;51.22;48.1541;11.53742;465.5;NaN;8.9;5.2;240.8;9 / 19;857422;2018-11-09 17:51:55:471
-1.292;5.545;9.04;297.0;1.0;50.72;48.1541;11.53742;465.5;NaN;8.9;5.2;240.8;9 / 19;857522;2018-11-09 17:51:55:571
-1.158;5.688;9.328;303.0;1.0;50.72;48.1541;11.53742;465.5;NaN;8.9;5.2;240.8;9 / 19;857622;2018-11-09 17:51:55:671
-1.063;5.707;9.117;287.0;1.0;50.72;48.1541;11.53742;465.5;NaN;8.9;5.2;240.8;9 / 19;857721;2018-11-09 17:51:55:770
-1.13;5.889;8.715;286.0;1.0;50.67;48.1541;11.53742;465.5;NaN;8.9;5.2;240.8;9 / 19;857821;2018-11-09 17:51:55:870
0.919;5.784;8.351;256.0;1.0;50.67;48.1541;11.53742;465.5;NaN;8.9;5.2;240.8;9 / 19;857921;2018-11-09 17:51:55:970
-1.072;5.315;10.142;275.0;1.0;50.67;48.1541;11.53742;465.5;NaN;8.9;5.2;240.8;9 / 19;858022;2018-11-09 17:51:56:071
-1.158;5.2;8.734;293.0;1.0;50.84;48.15409;11.53738;465.1;NaN;8.6;5.2;244.9;9 / 19;858122;2018-11-09 17:51:56:171
-1.321;5.391;9.088;289.0;1.0;50.84;48.15409;11.53738;465.1;NaN;8.6;5.2;244.9;9 / 19;858222;2018-11-09 17:51:56:271
-2.308;4.529;10.123;292.0;1.0;50.84;48.15409;11.53738;465.1;NaN;8.6;5.2;244.9;9 / 19;858322;2018-11-09 17:51:56:371
-1.015;5.478;9.251;300.0;1.0;52.78;48.15409;11.53738;465.1;NaN;8.6;5.2;244.9;9 / 19;858422;2018-11-09 17:51:56:471
0.478;5.458;8.437;315.0;1.0;52.78;48.15409;11.53738;465.1;NaN;8.6;5.2;244.9;9 / 19;858521;2018-11-09 17:51:56:570
0.555;5.114;9.107;331.0;1.0;52.78;48.15409;11.53738;465.1;NaN;8.6;5.2;244.9;9 / 19;858622;2018-11-09 17:51:56:671
-1.273;5.219;9.902;327.0;1.0;50.09;48.15409;11.53738;465.1;NaN;8.6;5.2;244.9;9 / 19;858721;2018-11-09 17:51:56:770
-1.11;5.478;8.983;359.0;1.0;50.09;48.15409;11.53738;465.1;NaN;8.6;5.2;244.9;9 / 19;858822;2018-11-09 17:51:56:871
-0.162;5.554;8.964;351.0;1.0;50.09;48.15409;11.53738;465.1;NaN;8.6;5.2;244.9;9 / 19;858922;2018-11-09 17:51:56:971
-0.325;5.382;9.098;332.0;1.0;50.17;48.15409;11.53738;465.1;NaN;8.6;5.2;244.9;9 / 19;859022;2018-11-09 17:51:57:071
-1.177;5.497;9.557;363.0;1.0;50.17;48.15407;11.53733;464.7;NaN;9.9;5.2;248.6;9 / 19;859121;2018-11-09 17:51:57:170
-1.35;5.114;8.82;352.0;1.0;50.17;48.15407;11.53733;464.7;NaN;9.9;5.2;248.6;9 / 19;859222;2018-11-09 17:51:57:271
-1.79;5.171;9.749;358.0;1.0;50.33;48.15407;11.53733;464.7;NaN;9.9;5.2;248.6;9 / 19;859322;2018-11-09 17:51:57:371
-1.819;5.391;8.868;329.0;1.0;50.33;48.15407;11.53733;464.7;NaN;9.9;5.2;248.6;9 / 19;859421;2018-11-09 17:51:57:470
-1.082;5.889;9.835;322.0;1.0;50.33;48.15407;11.53733;464.7;NaN;9.9;5.2;248.6;9 / 19;859521;2018-11-09 17:51:57:570
-1.245;5.497;10.19;331.0;1.0;50.33;48.15407;11.53733;464.7;NaN;9.9;5.2;248.6;9 / 19;859621;2018-11-09 17:51:57:670
-2.116;5.171;10.199;414.0;1.0;51.17;48.15407;11.53733;464.7;NaN;9.9;5.2;248.6;9 / 19;859722;2018-11-09 17:51:57:771
-1.187;3.715;6.349;337.0;1.0;51.17;48.15407;11.53733;464.7;NaN;9.9;5.2;248.6;9 / 19;859821;2018-11-09 17:51:57:870
-2.231;3.945;9.902;297.0;1.0;51.17;48.15407;11.53733;464.7;NaN;9.9;5.2;248.6;9 / 19;859922;2018-11-09 17:51:57:971
-3.016;6.79;9.28;347.0;1.0;50.56;48.15407;11.53733;464.7;NaN;9.9;5.2;248.6;9 / 19;860022;2018-11-09 17:51:58:071
-4.616;5.966;9.577;505.0;1.0;50.56;48.15405;11.53727;464.3;NaN;10.9;5.3;248.8;9 / 19;860122;2018-11-09 17:51:58:171
-2.729;2.585;9.261;618.0;1.0;50.56;48.15405;11.53727;464.3;NaN;10.9;5.3;248.8;9 / 19;860221;2018-11-09 17:51:58:270
0.526;2.25;8.284;460.0;1.0;49.22;48.15405;11.53727;464.3;NaN;10.9;5.3;248.8;9 / 19;860322;2018-11-09 17:51:58:371
-0.373;4.635;10.984;379.0;1.0;49.22;48.15405;11.53727;464.3;NaN;10.9;5.3;248.8;9 / 19;860422;2018-11-09 17:51:58:471
-2.355;6.177;9.529;381.0;1.0;49.22;48.15405;11.53727;464.3;NaN;10.9;5.3;248.8;9 / 19;860521;2018-11-09 17:51:58:570
-0.775;4.3;9.452;382.0;1.0;50.73;48.15405;11.53727;464.3;NaN;10.9;5.3;248.8;9 / 19;860621;2018-11-09 17:51:58:670
0.9;4.97;7.546;304.0;1.0;50.73;48.15405;11.53727;464.3;NaN;10.9;5.3;248.8;9 / 19;860721;2018-11-09 17:51:58:770
-4.673;6.771;10.161;291.0;1.0;50.73;48.15405;11.53727;464.3;NaN;10.9;5.3;248.8;9 / 19;860821;2018-11-09 17:51:58:870
-3.62;8.676;9.155;345.0;1.0;50.85;48.15405;11.53727;464.3;NaN;10.9;5.3;248.8;9 / 19;860921;2018-11-09 17:51:58:970
-4.166;6.943;9.031;310.0;1.0;50.85;48.15405;11.53727;464.3;NaN;10.9;5.3;248.8;9 / 19;861022;2018-11-09 17:51:59:071
-1.925;6.205;4.424;302.0;1.0;50.85;48.154;11.53718;463.8;NaN;16.3;5.3;239.2;9 / 19;861121;2018-11-09 17:51:59:170
-1.819;5.985;8.782;293.0;1.0;49.83;48.154;11.53718;463.8;NaN;16.3;5.3;239.2;9 / 19;861222;2018-11-09 17:51:59:271
-0.766;6.885;6.799;265.0;1.0;49.83;48.154;11.53718;463.8;NaN;16.3;5.3;239.2;9 / 19;861322;2018-11-09 17:51:59:371
-2.566;2.145;6.32;263.0;1.0;49.83;48.154;11.53718;463.8;NaN;16.3;5.3;239.2;9 / 19;861421;2018-11-09 17:51:59:470
3.629;3.189;11.77;298.0;1.0;49.98;48.154;11.53718;463.8;NaN;16.3;5.3;239.2;9 / 19;861521;2018-11-09 17:51:59:570
-0.919;5.755;6.158;316.0;1.0;49.98;48.154;11.53718;463.8;NaN;16.3;5.3;239.2;9 / 19;861622;2018-11-09 17:51:59:671
-2.7;6.694;7.24;333.0;1.0;49.98;48.154;11.53718;463.8;NaN;16.3;5.3;239.2;9 / 19;861722;2018-11-09 17:51:59:771
-2.633;5.928;7.249;325.0;1.0;51.38;48.154;11.53718;463.8;NaN;16.3;5.3;239.2;9 / 19;861822;2018-11-09 17:51:59:871
-3.265;4.731;9.251;335.0;1.0;51.38;48.154;11.53718;463.8;NaN;16.3;5.3;239.2;9 / 19;861922;2018-11-09 17:51:59:971
-5.047;4.52;11.406;379.0;1.0;51.38;48.154;11.53718;463.8;NaN;16.3;5.3;239.2;9 / 19;862021;2018-11-09 17:52:00:070
-1.398;6.301;10.592;406.0;1.0;51.05;48.15396;11.53711;463.4;NaN;18.5;5.3;234.5;9 / 19;862122;2018-11-09 17:52:00:171
-1.187;5.612;8.696;431.0;1.0;51.05;48.15396;11.53711;463.4;NaN;18.5;5.3;234.5;9 / 19;862221;2018-11-09 17:52:00:270
-3.102;3.466;7.767;344.0;1.0;51.05;48.15396;11.53711;463.4;NaN;18.5;5.3;234.5;9 / 19;862321;2018-11-09 17:52:00:370
-3.217;3.514;9.883;384.0;1.0;52.65;48.15396;11.53711;463.4;NaN;18.5;5.3;234.5;9 / 19;862421;2018-11-09 17:52:00:470
-2.729;4.022;10.4;359.0;1.0;52.65;48.15396;11.53711;463.4;NaN;18.5;5.3;234.5;9 / 19;862522;2018-11-09 17:52:00:571
-3.093;3.447;10.467;387.0;1.0;52.65;48.15396;11.53711;463.4;NaN;18.5;5.3;234.5;9 / 19;862622;2018-11-09 17:52:00:671
-2.537;4.597;8.916;361.0;1.0;52.75;48.15396;11.53711;463.4;NaN;18.5;5.3;234.5;9 / 19;862722;2018-11-09 17:52:00:771
-2.221;4.836;9.548;341.0;1.0;52.75;48.15396;11.53711;463.4;NaN;18.5;5.3;234.5;9 / 19;862821;2018-11-09 17:52:00:870
-3.112;4.07;9.874;356.0;1.0;52.75;48.15396;11.53711;463.4;NaN;18.5;5.3;234.5;9 / 19;862922;2018-11-09 17:52:00:971
-3.093;4.271;9.395;356.0;1.0;50.02;48.15396;11.53711;463.4;NaN;18.5;5.3;234.5;9 / 19;863027;2018-11-09 17:52:01:076
-3.016;3.715;10.237;342.0;1.0;50.02;48.15396;11.53711;463.4;NaN;18.5;5.3;234.5;9 / 19;863122;2018-11-09 17:52:01:171
-2.212;4.606;9.653;346.0;1.0;50.02;48.15392;11.53705;463.0;NaN;19.3;5.3;232.8;9 / 19;863222;2018-11-09 17:52:01:271
-2.432;4.932;9.194;335.0;1.0;51.74;48.15392;11.53705;463.0;NaN;19.3;5.3;232.8;9 / 19;863322;2018-11-09 17:52:01:371
-2.509;4.96;8.964;305.0;1.0;51.74;48.15392;11.53705;463.0;NaN;19.3;5.3;232.8;9 / 19;863422;2018-11-09 17:52:01:471
-3.112;4.606;9.682;304.0;1.0;51.74;48.15392;11.53705;463.0;NaN;19.3;5.3;232.8;9 / 19;863522;2018-11-09 17:52:01:571
-2.739;4.606;8.868;314.0;1.0;53.81;48.15392;11.53705;463.0;NaN;19.3;5.3;232.8;9 / 19;863622;2018-11-09 17:52:01:671
-2.154;4.702;9.347;326.0;1.0;53.81;48.15392;11.53705;463.0;NaN;19.3;5.3;232.8;9 / 19;863722;2018-11-09 17:52:01:771
-0.928;5.727;8.466;373.0;1.0;53.81;48.15392;11.53705;463.0;NaN;19.3;5.3;232.8;9 / 19;863821;2018-11-09 17:52:01:870
-1.398;5.028;8.715;368.0;1.0;53.57;48.15392;11.53705;463.0;NaN;19.3;5.3;232.8;9 / 19;863921;2018-11-09 17:52:01:970
-2.279;4.491;10.17;405.0;1.0;53.57;48.15392;11.53705;463.0;NaN;19.3;5.3;232.8;9 / 19;864021;2018-11-09 17:52:02:070
-1.867;4.395;10.611;372.0;1.0;53.57;48.15389;11.53701;462.6;NaN;17.1;5.3;222.4;9 / 19;864122;2018-11-09 17:52:02:171
-0.881;5.181;10.056;436.0;1.0;54.29;48.15389;11.53701;462.6;NaN;17.1;5.3;222.4;9 / 19;864222;2018-11-09 17:52:02:271
-0.229;5.478;9.625;402.0;1.0;54.29;48.15389;11.53701;462.6;NaN;17.1;5.3;222.4;9 / 19;864322;2018-11-09 17:52:02:371
-2.346;4.539;9.098;350.0;1.0;54.29;48.15389;11.53701;462.6;NaN;17.1;5.3;222.4;9 / 19;864422;2018-11-09 17:52:02:471
-7.738;2.327;14.02;326.0;1.0;54.53;48.15389;11.53701;462.6;NaN;17.1;5.3;222.4;9 / 19;864522;2018-11-09 17:52:02:571
-2.643;4.348;8.245;312.0;1.0;54.53;48.15389;11.53701;462.6;NaN;17.1;5.3;222.4;9 / 19;864621;2018-11-09 17:52:02:670
-1.063;4.462;8.255;284.0;1.0;54.53;48.15389;11.53701;462.6;NaN;17.1;5.3;222.4;9 / 19;864722;2018-11-09 17:52:02:771
0.143;6.177;5.554;296.0;1.0;54.11;48.15389;11.53701;462.6;NaN;17.1;5.3;222.4;9 / 19;864822;2018-11-09 17:52:02:871
2.355;8.897;12.919;273.0;1.0;54.11;48.15389;11.53701;462.6;NaN;17.1;5.3;222.4;9 / 19;864921;2018-11-09 17:52:02:970
-0.076;5.047;7.393;257.0;1.0;54.11;48.15389;11.53701;462.6;NaN;17.1;5.3;222.4;9 / 19;865022;2018-11-09 17:52:03:071
-0.316;5.64;10.458;261.0;1.0;55.2;48.15385;11.53697;462.2;NaN;15.9;5.4;218.3;9 / 19;865122;2018-11-09 17:52:03:171
-0.421;5.602;8.657;285.0;1.0;55.2;48.15385;11.53697;462.2;NaN;15.9;5.4;218.3;9 / 19;865222;2018-11-09 17:52:03:271
-0.287;5.803;9.04;276.0;1.0;55.2;48.15385;11.53697;462.2;NaN;15.9;5.4;218.3;9 / 19;865322;2018-11-09 17:52:03:371
-0.344;5.516;8.581;254.0;1.0;55.2;48.15385;11.53697;462.2;NaN;15.9;5.4;218.3;9 / 19;865422;2018-11-09 17:52:03:471
1.187;5.526;9.462;247.0;1.0;55.51;48.15385;11.53697;462.2;NaN;15.9;5.4;218.3;9 / 19;865523;2018-11-09 17:52:03:572
2.748;6.407;8.035;241.0;1.0;55.51;48.15385;11.53697;462.2;NaN;15.9;5.4;218.3;9 / 19;865621;2018-11-09 17:52:03:670
2.116;5.956;8.016;235.0;1.0;55.51;48.15385;11.53697;462.2;NaN;15.9;5.4;218.3;9 / 19;865721;2018-11-09 17:52:03:770
-2.241;3.217;10.793;215.0;1.0;53.82;48.15385;11.53697;462.2;NaN;15.9;5.4;218.3;9 / 19;865821;2018-11-09 17:52:03:870
2.47;4.338;10.86;374.0;1.0;53.82;48.15385;11.53697;462.2;NaN;15.9;5.4;218.3;9 / 19;865921;2018-11-09 17:52:03:970
2.882;4.778;10.63;391.0;1.0;53.82;48.15385;11.53697;462.2;NaN;15.9;5.4;218.3;9 / 19;866022;2018-11-09 17:52:04:071
1.063;4.252;8.983;336.0;1.0;53.08;48.15379;11.53687;462.2;NaN;15.4;5.3;218.8;9 / 19;866121;2018-11-09 17:52:04:170
1.024;4.577;9.73;301.0;1.0;53.08;48.15379;11.53687;462.2;NaN;15.4;5.3;218.8;9 / 19;866221;2018-11-09 17:52:04:270
1.369;4.491;9.548;313.0;1.0;53.08;48.15379;11.53687;462.2;NaN;15.4;5.3;218.8;9 / 19;866322;2018-11-09 17:52:04:371
1.647;4.759;9.644;283.0;1.0;55.38;48.15379;11.53687;462.2;NaN;15.4;5.3;218.8;9 / 19;866421;2018-11-09 17:52:04:470
1.685;4.759;9.452;287.0;1.0;55.38;48.15379;11.53687;462.2;NaN;15.4;5.3;218.8;9 / 19;866522;2018-11-09 17:52:04:571
1.532;4.721;9.433;307.0;1.0;55.38;48.15379;11.53687;462.2;NaN;15.4;5.3;218.8;9 / 19;866622;2018-11-09 17:52:04:671
1.685;4.846;9.711;314.0;1.0;53.7;48.15379;11.53687;462.2;NaN;15.4;5.3;218.8;9 / 19;866721;2018-11-09 17:52:04:770
1.407;4.922;9.443;303.0;1.0;53.7;48.15379;11.53687;462.2;NaN;15.4;5.3;218.8;9 / 19;866822;2018-11-09 17:52:04:871
1.676;4.913;9.136;304.0;1.0;53.7;48.15379;11.53687;462.2;NaN;15.4;5.3;218.8;9 / 19;866922;2018-11-09 17:52:04:971
1.704;4.865;9.376;295.0;1.0;53.14;48.15379;11.53687;462.2;NaN;15.4;5.3;218.8;9 / 19;867022;2018-11-09 17:52:05:071
2.116;4.836;9.452;324.0;1.0;53.14;48.15374;11.53678;462.0;NaN;15.4;5.3;225.6;9 / 19;867121;2018-11-09 17:52:05:170
1.388;5.008;9.165;285.0;1.0;53.14;48.15374;11.53678;462.0;NaN;15.4;5.3;225.6;9 / 19;867221;2018-11-09 17:52:05:270
2.078;4.913;9.107;303.0;1.0;54.63;48.15374;11.53678;462.0;NaN;15.4;5.3;225.6;9 / 19;867322;2018-11-09 17:52:05:371
2.02;5.085;9.337;301.0;1.0;54.63;48.15374;11.53678;462.0;NaN;15.4;5.3;225.6;9 / 19;867422;2018-11-09 17:52:05:471
1.944;4.932;9.165;299.0;1.0;54.63;48.15374;11.53678;462.0;NaN;15.4;5.3;225.6;9 / 19;867521;2018-11-09 17:52:05:570
2.231;4.846;9.376;288.0;1.0;52.09;48.15374;11.53678;462.0;NaN;15.4;5.3;225.6;9 / 19;867621;2018-11-09 17:52:05:670
2.145;5.162;11.109;288.0;1.0;52.09;48.15374;11.53678;462.0;NaN;15.4;5.3;225.6;9 / 19;867721;2018-11-09 17:52:05:770
1.963;5.104;8.571;280.0;1.0;52.09;48.15374;11.53678;462.0;NaN;15.4;5.3;225.6;9 / 19;867821;2018-11-09 17:52:05:870
2.068;5.928;8.571;254.0;1.0;52.67;48.15374;11.53678;462.0;NaN;15.4;5.3;225.6;9 / 19;867922;2018-11-09 17:52:05:971
1.953;6.512;9.232;232.0;1.0;52.67;48.15374;11.53678;462.0;NaN;15.4;5.3;225.6;9 / 19;868022;2018-11-09 17:52:06:071
-0.057;6.397;7.412;185.0;1.0;52.67;48.15372;11.53673;461.6;NaN;15.6;5.4;227.3;9 / 19;868122;2018-11-09 17:52:06:171
1.005;6.024;7.709;148.0;1.0;51.69;48.15372;11.53673;461.6;NaN;15.6;5.4;227.3;9 / 19;868221;2018-11-09 17:52:06:270
0.756;7.336;6.981;114.0;1.0;51.69;48.15372;11.53673;461.6;NaN;15.6;5.4;227.3;9 / 19;868322;2018-11-09 17:52:06:371
-0.181;9.194;2.547;79.0;1.0;51.69;48.15372;11.53673;461.6;NaN;15.6;5.4;227.3;9 / 19;868425;2018-11-09 17:52:06:474
2.03;8.073;2.681;45.0;1.0;51.3;48.15372;11.53673;461.6;NaN;15.6;5.4;227.3;9 / 19;868522;2018-11-09 17:52:06:571
0.373;10.324;3.754;49.0;1.0;51.3;48.15372;11.53673;461.6;NaN;15.6;5.4;227.3;9 / 19;868622;2018-11-09 17:52:06:671
1.015;9.184;3.217;41.0;1.0;51.3;48.15372;11.53673;461.6;NaN;15.6;5.4;227.3;9 / 19;868722;2018-11-09 17:52:06:771
1.225;10.917;4.434;45.0;1.0;51.83;48.15372;11.53673;461.6;NaN;15.6;5.4;227.3;9 / 19;868821;2018-11-09 17:52:06:870
1.302;8.887;3.897;51.0;1.0;51.83;48.15372;11.53673;461.6;NaN;15.6;5.4;227.3;9 / 19;868921;2018-11-09 17:52:06:970
0.986;9.002;5.516;46.0;1.0;51.83;48.15372;11.53673;461.6;NaN;15.6;5.4;227.3;9 / 19;869021;2018-11-09 17:52:07:070
0.852;9.165;3.629;49.0;1.0;53.06;48.15369;11.53669;461.2;NaN;15.6;5.5;228.3;9 / 19;869122;2018-11-09 17:52:07:171
1.513;8.6;4.338;56.0;1.0;53.06;48.15369;11.53669;461.2;NaN;15.6;5.5;228.3;8 / 19;869222;2018-11-09 17:52:07:271
1.992;8.648;4.769;65.0;1.0;53.06;48.15369;11.53669;461.2;NaN;15.6;5.5;228.3;8 / 19;869322;2018-11-09 17:52:07:371
1.283;7.891;4.616;70.0;1.0;50.92;48.15369;11.53669;461.2;NaN;15.6;5.5;228.3;8 / 19;869422;2018-11-09 17:52:07:471
0.842;7.498;8.868;103.0;1.0;50.92;48.15369;11.53669;461.2;NaN;15.6;5.5;228.3;8 / 19;869522;2018-11-09 17:52:07:571
1.331;7.221;8.274;129.0;1.0;50.92;48.15369;11.53669;461.2;NaN;15.6;5.5;228.3;8 / 19;869622;2018-11-09 17:52:07:671
1.34;7.412;7.489;132.0;1.0;50.58;48.15369;11.53669;461.2;NaN;15.6;5.5;228.3;8 / 19;869722;2018-11-09 17:52:07:771
1.302;7.278;7.604;145.0;1.0;50.58;48.15369;11.53669;461.2;NaN;15.6;5.5;228.3;8 / 19;869822;2018-11-09 17:52:07:871
1.225;7.307;7.632;133.0;1.0;50.58;48.15369;11.53669;461.2;NaN;15.6;5.5;228.3;8 / 19;869922;2018-11-09 17:52:07:971
1.264;7.374;7.46;130.0;1.0;50.16;48.15369;11.53669;461.2;NaN;15.6;5.5;228.3;8 / 19;870021;2018-11-09 17:52:08:070
1.283;7.336;7.24;127.0;1.0;50.16;48.15367;11.53664;460.8;NaN;15.7;5.8;228.3;6 / 19;870121;2018-11-09 17:52:08:170
1.302;7.307;7.422;119.0;1.0;50.16;48.15367;11.53664;460.8;NaN;15.7;5.8;228.3;6 / 19;870221;2018-11-09 17:52:08:270
1.264;7.221;7.441;137.0;1.0;51.89;48.15367;11.53664;460.8;NaN;15.7;5.8;228.3;6 / 19;870321;2018-11-09 17:52:08:370
1.197;7.297;7.412;127.0;1.0;51.89;48.15367;11.53664;460.8;NaN;15.7;5.8;228.3;6 / 19;870422;2018-11-09 17:52:08:471
1.359;7.383;7.345;129.0;1.0;51.89;48.15367;11.53664;460.8;NaN;15.7;5.8;228.3;6 / 19;870522;2018-11-09 17:52:08:571
1.168;7.211;7.307;121.0;1.0;49.56;48.15367;11.53664;460.8;NaN;15.7;5.8;228.3;6 / 19;870621;2018-11-09 17:52:08:670
1.283;7.345;7.403;138.0;1.0;49.56;48.15367;11.53664;460.8;NaN;15.7;5.8;228.3;6 / 19;870722;2018-11-09 17:52:08:771
1.283;7.336;7.326;125.0;1.0;49.56;48.15367;11.53664;460.8;NaN;15.7;5.8;228.3;6 / 19;870822;2018-11-09 17:52:08:871
1.216;7.336;7.278;126.0;1.0;49.98;48.15367;11.53664;460.8;NaN;15.7;5.8;228.3;6 / 19;870922;2018-11-09 17:52:08:971
1.321;7.278;7.393;119.0;1.0;49.98;48.15367;11.53664;460.8;NaN;15.7;5.8;228.3;6 / 19;871021;2018-11-09 17:52:09:070
1.264;7.154;7.278;125.0;1.0;49.98;48.15364;11.5366;460.4;NaN;15.8;6.1;228.5;4 / 19;871125;2018-11-09 17:52:09:174
1.465;7.383;7.46;138.0;1.0;49.44;48.15364;11.5366;460.4;NaN;15.8;6.1;228.5;4 / 19;871221;2018-11-09 17:52:09:270
1.216;7.269;7.288;124.0;1.0;49.44;48.15364;11.5366;460.4;NaN;15.8;6.1;228.5;4 / 19;871321;2018-11-09 17:52:09:370
1.292;7.173;7.211;131.0;1.0;49.44;48.15364;11.5366;460.4;NaN;15.8;6.1;228.5;4 / 19;871422;2018-11-09 17:52:09:471
1.388;7.412;7.192;130.0;1.0;51.95;48.15364;11.5366;460.4;NaN;15.8;6.1;228.5;4 / 19;871522;2018-11-09 17:52:09:571
1.407;7.383;7.431;110.0;1.0;51.95;48.15364;11.5366;460.4;NaN;15.8;6.1;228.5;4 / 19;871622;2018-11-09 17:52:09:671
1.388;7.307;7.336;121.0;1.0;51.95;48.15364;11.5366;460.4;NaN;15.8;6.1;228.5;4 / 19;871722;2018-11-09 17:52:09:771
1.312;7.288;7.326;124.0;1.0;52.06;48.15364;11.5366;460.4;NaN;15.8;6.1;228.5;4 / 19;871822;2018-11-09 17:52:09:871
1.312;7.383;7.278;120.0;1.0;52.06;48.15364;11.5366;460.4;NaN;15.8;6.1;228.5;4 / 19;871921;2018-11-09 17:52:09:970
1.302;7.451;7.163;108.0;1.0;52.06;48.15364;11.5366;460.4;NaN;15.8;6.1;228.5;4 / 19;872022;2018-11-09 17:52:10:071
1.379;7.288;7.546;113.0;1.0;49.99;48.15361;11.53655;460.0;NaN;15.9;6.4;228.6;4 / 19;872122;2018-11-09 17:52:10:171
1.398;7.393;7.316;119.0;1.0;49.99;48.15361;11.53655;460.0;NaN;15.9;6.4;228.6;5 / 19;872222;2018-11-09 17:52:10:271
1.628;7.422;7.383;101.0;1.0;49.99;48.15361;11.53655;460.0;NaN;15.9;6.4;228.6;5 / 19;872321;2018-11-09 17:52:10:370
1.628;7.441;7.412;103.0;1.0;50.7;48.15361;11.53655;460.0;NaN;15.9;6.4;228.6;5 / 19;872421;2018-11-09 17:52:10:470
1.704;7.422;7.316;119.0;1.0;50.7;48.15361;11.53655;460.0;NaN;15.9;6.4;228.6;5 / 19;872522;2018-11-09 17:52:10:571
1.992;7.431;7.221;134.0;1.0;50.7;48.15361;11.53655;460.0;NaN;15.9;6.4;228.6;5 / 19;872621;2018-11-09 17:52:10:670
2.106;7.393;7.144;130.0;1.0;51.67;48.15361;11.53655;460.0;NaN;15.9;6.4;228.6;5 / 19;872721;2018-11-09 17:52:10:770
2.02;7.508;7.23;142.0;1.0;51.67;48.15361;11.53655;460.0;NaN;15.9;6.4;228.6;5 / 19;872822;2018-11-09 17:52:10:871
1.886;7.546;7.249;131.0;1.0;51.67;48.15361;11.53655;460.0;NaN;15.9;6.4;228.6;5 / 19;872922;2018-11-09 17:52:10:971
1.934;7.527;7.374;121.0;1.0;50.05;48.15361;11.53655;460.0;NaN;15.9;6.4;228.6;5 / 19;873022;2018-11-09 17:52:11:071
1.905;7.489;7.364;127.0;1.0;50.05;48.15361;11.53655;460.0;NaN;15.9;6.4;228.6;0 / 19;873121;2018-11-09 17:52:11:170
1.982;7.537;7.374;122.0;1.0;50.05;48.15361;11.53655;460.0;NaN;15.9;6.4;228.6;0 / 19;873221;2018-11-09 17:52:11:270
1.877;7.537;7.326;120.0;1.0;48.03;48.15361;11.53655;460.0;NaN;15.9;6.4;228.6;0 / 19;873322;2018-11-09 17:52:11:371
1.925;7.556;7.307;145.0;1.0;48.03;48.15361;11.53655;460.0;NaN;15.9;6.4;228.6;0 / 19;873421;2018-11-09 17:52:11:470
1.963;7.422;7.307;144.0;1.0;48.03;48.15361;11.53655;460.0;NaN;15.9;6.4;228.6;0 / 19;873522;2018-11-09 17:52:11:571
1.829;7.498;8.121;125.0;1.0;47.28;48.15361;11.53655;460.0;NaN;15.9;6.4;228.6;0 / 19;873622;2018-11-09 17:52:11:671
2.03;7.498;7.192;137.0;1.0;47.28;48.15361;11.53655;460.0;NaN;15.9;6.4;228.6;0 / 19;873721;2018-11-09 17:52:11:770
2.087;7.709;6.972;112.0;1.0;47.28;48.15361;11.53655;460.0;NaN;15.9;6.4;228.6;0 / 19;873821;2018-11-09 17:52:11:870
2.078;7.431;6.598;121.0;1.0;50.85;48.15361;11.53655;460.0;NaN;15.9;6.4;228.6;0 / 19;873921;2018-11-09 17:52:11:970
1.982;7.623;8.925;135.0;1.0;50.85;48.15361;11.53655;460.0;NaN;15.9;6.4;228.6;0 / 19;874022;2018-11-09 17:52:12:071
2.47;7.307;5.066;123.0;1.0;50.85;48.15361;11.53655;460.0;NaN;15.9;6.4;228.6;0 / 19;874121;2018-11-09 17:52:12:170
2.154;7.853;9.021;150.0;1.0;50.38;48.15361;11.53655;460.0;NaN;15.9;6.4;228.6;0 / 19;874222;2018-11-09 17:52:12:271
2.355;7.134;5.65;144.0;1.0;50.38;48.15361;11.53655;460.0;NaN;15.9;6.4;228.6;0 / 19;874322;2018-11-09 17:52:12:371
3.313;7.757;7.441;153.0;1.0;50.38;48.15361;11.53655;460.0;NaN;15.9;6.4;228.6;0 / 19;874422;2018-11-09 17:52:12:471
2.346;7.508;7.297;150.0;1.0;49.15;48.15361;11.53655;460.0;NaN;15.9;6.4;228.6;0 / 19;874522;2018-11-09 17:52:12:571
1.896;7.575;6.464;153.0;1.0;49.15;48.15361;11.53655;460.0;NaN;15.9;6.4;228.6;0 / 19;874621;2018-11-09 17:52:12:670
2.183;7.278;6.378;150.0;1.0;49.15;48.15361;11.53655;460.0;NaN;15.9;6.4;228.6;0 / 19;874723;2018-11-09 17:52:12:772
2.672;7.556;6.905;135.0;1.0;51.25;48.15361;11.53655;460.0;NaN;15.9;6.4;228.6;0 / 19;874821;2018-11-09 17:52:12:870
2.432;7.508;6.742;129.0;1.0;51.25;48.15361;11.53655;460.0;NaN;15.9;6.4;228.6;0 / 19;874922;2018-11-09 17:52:12:971
2.174;7.652;7.259;126.0;1.0;51.25;48.15361;11.53655;460.0;NaN;15.9;6.4;228.6;0 / 19;875022;2018-11-09 17:52:13:071
2.078;7.527;6.981;141.0;1.0;49.61;48.15361;11.53655;460.0;NaN;15.9;6.4;228.6;0 / 19;875122;2018-11-09 17:52:13:171
2.221;7.546;7.077;150.0;1.0;49.61;48.15361;11.53655;460.0;NaN;15.9;6.4;228.6;0 / 19;875222;2018-11-09 17:52:13:271
2.298;7.508;7.02;131.0;1.0;49.61;48.15361;11.53655;460.0;NaN;15.9;6.4;228.6;0 / 19;875321;2018-11-09 17:52:13:370
2.269;7.594;7.192;136.0;1.0;53.48;48.15361;11.53655;460.0;NaN;15.9;6.4;228.6;0 / 19;875421;2018-11-09 17:52:13:470
2.26;7.661;7.125;138.0;1.0;53.48;48.15361;11.53655;460.0;NaN;15.9;6.4;228.6;0 / 19;875522;2018-11-09 17:52:13:571
2.202;7.575;7.106;145.0;1.0;53.48;48.15361;11.53655;460.0;NaN;15.9;6.4;228.6;0 / 19;875622;2018-11-09 17:52:13:671
2.164;7.508;7.211;129.0;1.0;55.48;48.15361;11.53655;460.0;NaN;15.9;6.4;228.6;0 / 19;875722;2018-11-09 17:52:13:771
2.202;7.719;7.7;127.0;1.0;55.48;48.15361;11.53655;460.0;NaN;15.9;6.4;228.6;0 / 19;875822;2018-11-09 17:52:13:871
2.308;7.575;7.192;136.0;1.0;55.48;48.15361;11.53655;460.0;NaN;15.9;6.4;228.6;0 / 19;875922;2018-11-09 17:52:13:971
2.231;7.594;7.24;162.0;1.0;56.44;48.15361;11.53655;460.0;NaN;15.9;6.4;228.6;0 / 19;876022;2018-11-09 17:52:14:071
2.241;7.585;7.316;134.0;1.0;56.44;48.15361;11.53655;460.0;NaN;15.9;6.4;228.6;0 / 19;876122;2018-11-09 17:52:14:171
2.164;7.585;7.067;159.0;1.0;56.44;48.15361;11.53655;460.0;NaN;15.9;6.4;228.6;0 / 19;876221;2018-11-09 17:52:14:270
2.288;7.565;6.569;151.0;1.0;52.05;48.15361;11.53655;460.0;NaN;15.9;6.4;228.6;0 / 19;876322;2018-11-09 17:52:14:371
2.164;7.652;8.025;147.0;1.0;52.05;48.15361;11.53655;460.0;NaN;15.9;6.4;228.6;0 / 19;876422;2018-11-09 17:52:14:471
2.164;7.613;7.192;136.0;1.0;52.05;48.15361;11.53655;460.0;NaN;15.9;6.4;228.6;0 / 19;876522;2018-11-09 17:52:14:571
2.26;7.546;6.895;145.0;1.0;49.58;48.15361;11.53655;460.0;NaN;15.9;6.4;228.6;0 / 19;876622;2018-11-09 17:52:14:671
2.097;7.508;7.067;149.0;1.0;49.58;48.15361;11.53655;460.0;NaN;15.9;6.4;228.6;0 / 19;876722;2018-11-09 17:52:14:771
2.059;7.604;7.403;144.0;1.0;49.58;48.15361;11.53655;460.0;NaN;15.9;6.4;228.6;0 / 19;876822;2018-11-09 17:52:14:871
2.059;7.575;7.23;137.0;1.0;50.84;48.15361;11.53655;460.0;NaN;15.9;6.4;228.6;0 / 19;876922;2018-11-09 17:52:14:971
1.695;7.585;7.23;149.0;1.0;50.84;48.15361;11.53655;460.0;NaN;15.9;6.4;228.6;0 / 19;877022;2018-11-09 17:52:15:071
1.714;7.546;6.943;153.0;1.0;50.84;48.15361;11.53655;460.0;NaN;15.9;6.4;228.6;0 / 19;877122;2018-11-09 17:52:15:171
1.666;7.565;6.991;154.0;1.0;50.97;48.15361;11.53655;460.0;NaN;15.9;6.4;228.6;0 / 19;877221;2018-11-09 17:52:15:270
1.762;7.623;7.144;146.0;1.0;50.97;48.15361;11.53655;460.0;NaN;15.9;6.4;228.6;0 / 19;877322;2018-11-09 17:52:15:371
1.972;7.68;7.269;148.0;1.0;50.97;48.15361;11.53655;460.0;NaN;15.9;6.4;228.6;0 / 19;877422;2018-11-09 17:52:15:471
1.915;7.661;7.269;136.0;1.0;50.97;48.15361;11.53655;460.0;NaN;15.9;6.4;228.6;0 / 19;877522;2018-11-09 17:52:15:571
1.848;7.613;7.125;141.0;1.0;50.36;48.15361;11.53655;460.0;NaN;15.9;6.4;228.6;0 / 19;877622;2018-11-09 17:52:15:671
1.905;7.537;7.048;158.0;1.0;50.36;48.15361;11.53655;460.0;NaN;15.9;6.4;228.6;0 / 19;877722;2018-11-09 17:52:15:771
1.666;7.47;6.962;149.0;1.0;50.36;48.15361;11.53655;460.0;NaN;15.9;6.4;228.6;0 / 19;877822;2018-11-09 17:52:15:871
1.838;7.575;6.847;151.0;1.0;51.18;48.15361;11.53655;460.0;NaN;15.9;6.4;228.6;0 / 19;877922;2018-11-09 17:52:15:971
0.814;6.857;6.924;139.0;1.0;51.18;48.15361;11.53655;460.0;NaN;15.9;6.4;228.6;0 / 19;878022;2018-11-09 17:52:16:071
-2.365;7.671;6.186;99.0;1.0;51.18;48.15361;11.53655;460.0;NaN;15.9;6.4;228.6;0 / 19;878122;2018-11-09 17:52:16:171
-2.365;5.2;9.577;149.0;1.0;50.76;48.15361;11.53655;460.0;NaN;15.9;6.4;228.6;0 / 19;878221;2018-11-09 17:52:16:270
-1.446;3.055;13.082;433.0;1.0;50.76;48.15361;11.53655;460.0;NaN;15.9;6.4;228.6;0 / 19;878321;2018-11-09 17:52:16:370
-2.719;-0.239;14.672;286.0;1.0;50.76;48.15361;11.53655;460.0;NaN;15.9;6.4;228.6;0 / 19;878421;2018-11-09 17:52:16:470
-4.606;2.298;11.023;205.0;1.0;50.06;48.15361;11.53655;460.0;NaN;15.9;6.4;228.6;0 / 19;878522;2018-11-09 17:52:16:571
-2.853;3.782;9.615;179.0;1.0;50.06;48.15361;11.53655;460.0;NaN;15.9;6.4;228.6;0 / 19;878622;2018-11-09 17:52:16:671
-0.89;4.884;5.296;225.0;1.0;50.06;48.15361;11.53655;460.0;NaN;15.9;6.4;228.6;0 / 19;878722;2018-11-09 17:52:16:771
6.177;0.383;14.528;589.0;1.0;48.66;48.15361;11.53655;460.0;NaN;15.9;6.4;228.6;0 / 19;878822;2018-11-09 17:52:16:871
1.043;2.537;9.596;1295.0;1.0;48.66;48.15361;11.53655;460.0;NaN;15.9;6.4;228.6;0 / 19;878922;2018-11-09 17:52:16:971
0.517;1.455;8.514;1546.0;1.0;48.66;48.15361;11.53655;460.0;NaN;15.9;6.4;228.6;0 / 19;879022;2018-11-09 17:52:17:071
0.689;0.181;12.708;1585.0;1.0;51.06;48.15361;11.53655;460.0;NaN;15.9;6.4;228.6;0 / 19;879122;2018-11-09 17:52:17:171
0.459;1.245;9.308;1623.0;1.0;51.06;48.15361;11.53655;460.0;NaN;15.9;6.4;228.6;0 / 19;879222;2018-11-09 17:52:17:271
-0.689;1.637;8.743;1408.0;1.0;51.06;48.15361;11.53655;460.0;NaN;15.9;6.4;228.6;0 / 19;879322;2018-11-09 17:52:17:371
8.351;1.168;12.718;1312.0;1.0;49.58;48.15361;11.53655;460.0;NaN;15.9;6.4;228.6;0 / 19;879422;2018-11-09 17:52:17:471
0.249;0.967;2.461;1430.0;1.0;49.58;48.15361;11.53655;460.0;NaN;15.9;6.4;228.6;0 / 19;879522;2018-11-09 17:52:17:571
-2.384;-1.857;3.533;783.0;1.0;49.58;48.15361;11.53655;460.0;NaN;15.9;6.4;228.6;0 / 19;879622;2018-11-09 17:52:17:671
0.986;-1.474;6.148;489.0;1.0;50.53;48.15361;11.53655;460.0;NaN;15.9;6.4;228.6;0 / 19;879722;2018-11-09 17:52:17:771
-0.622;-1.829;13.331;250.0;1.0;50.53;48.15361;11.53655;460.0;NaN;15.9;6.4;228.6;0 / 19;879822;2018-11-09 17:52:17:871
-0.43;-1.379;11.138;119.0;1.0;50.53;48.15361;11.53655;460.0;NaN;15.9;6.4;228.6;0 / 19;879922;2018-11-09 17:52:17:971
-1.015;-1.618;11.262;111.0;1.0;52.8;48.15361;11.53655;460.0;NaN;15.9;6.4;228.6;0 / 19;880022;2018-11-09 17:52:18:071
0.335;-1.781;9.864;113.0;1.0;52.8;48.15361;11.53655;460.0;NaN;15.9;6.4;228.6;0 / 19;880122;2018-11-09 17:52:18:171
-0.833;-1.235;9.366;80.0;0.0;52.8;48.15361;11.53655;460.0;NaN;15.9;6.4;228.6;0 / 19;880222;2018-11-09 17:52:18:271
-0.679;-1.35;9.826;78.0;0.0;49.06;48.15361;11.53655;460.0;NaN;15.9;6.4;228.6;0 / 19;880322;2018-11-09 17:52:18:371
-0.641;-1.302;9.615;71.0;0.0;49.06;48.15361;11.53655;460.0;NaN;15.9;6.4;228.6;0 / 19;880421;2018-11-09 17:52:18:470
-1.733;-2.662;9.117;75.0;0.0;49.06;48.15361;11.53655;460.0;NaN;15.9;6.4;228.6;0 / 19;880521;2018-11-09 17:52:18:570
-0.996;-1.283;9.807;46.0;0.0;49.78;48.15361;11.53655;460.0;NaN;15.9;6.4;228.6;0 / 19;880621;2018-11-09 17:52:18:670
-1.216;-1.8;9.692;42.0;0.0;49.78;48.15361;11.53655;460.0;NaN;15.9;6.4;228.6;0 / 19;880722;2018-11-09 17:52:18:771
-1.063;-1.8;9.845;46.0;0.0;49.78;48.15361;11.53655;460.0;NaN;15.9;6.4;228.6;0 / 19;880821;2018-11-09 17:52:18:870
-1.015;-1.532;9.749;55.0;0.0;50.14;48.15361;11.53655;460.0;NaN;15.9;6.4;228.6;0 / 19;880922;2018-11-09 17:52:18:971
-1.015;-1.589;9.567;53.0;0.0;50.14;48.15361;11.53655;460.0;NaN;15.9;6.4;228.6;0 / 19;881021;2018-11-09 17:52:19:070
-1.091;-1.532;9.826;46.0;0.0;50.14;48.15361;11.53655;460.0;NaN;15.9;6.4;228.6;0 / 19;881122;2018-11-09 17:52:19:171
-1.082;-1.532;9.739;51.0;0.0;48.68;48.15361;11.53655;460.0;NaN;15.9;6.4;228.6;0 / 19;881222;2018-11-09 17:52:19:271
-1.034;-1.599;9.787;49.0;0.0;48.68;48.15361;11.53655;460.0;NaN;15.9;6.4;228.6;0 / 19;881322;2018-11-09 17:52:19:371
-0.967;-1.503;9.797;51.0;0.0;48.68;48.15361;11.53655;460.0;NaN;15.9;6.4;228.6;0 / 19;881422;2018-11-09 17:52:19:471
-0.919;-1.484;9.72;61.0;0.0;47.46;48.15361;11.53655;460.0;NaN;15.9;6.4;228.6;0 / 19;881522;2018-11-09 17:52:19:571
-0.938;-1.599;9.893;47.0;0.0;47.46;48.15361;11.53655;460.0;NaN;15.9;6.4;228.6;0 / 19;881621;2018-11-09 17:52:19:670
-0.9;-1.503;9.921;50.0;0.0;47.46;48.15361;11.53655;460.0;NaN;15.9;6.4;228.6;0 / 19;881722;2018-11-09 17:52:19:771
-0.928;-1.57;9.826;46.0;0.0;49.85;48.15361;11.53655;460.0;NaN;15.9;6.4;228.6;0 / 19;881822;2018-11-09 17:52:19:871
-0.919;-1.637;9.807;55.0;0.0;49.85;48.15361;11.53655;460.0;NaN;15.9;6.4;228.6;0 / 19;881921;2018-11-09 17:52:19:970
-0.967;-1.58;9.768;47.0;0.0;49.85;48.15361;11.53655;460.0;NaN;15.9;6.4;228.6;0 / 19;882021;2018-11-09 17:52:20:070
-0.976;-1.599;9.807;32.0;0.0;49.88;48.15361;11.53655;460.0;NaN;15.9;6.4;228.6;0 / 19;882122;2018-11-09 17:52:20:171
-0.861;-1.503;9.768;38.0;0.0;49.88;48.15361;11.53655;460.0;NaN;15.9;6.4;228.6;0 / 19;882222;2018-11-09 17:52:20:271
-0.967;-1.522;9.692;47.0;0.0;49.88;48.15361;11.53655;460.0;NaN;15.9;6.4;228.6;0 / 19;882324;2018-11-09 17:52:20:373
-0.9;-1.513;9.797;49.0;0.0;49.93;48.15361;11.53655;460.0;NaN;15.9;6.4;228.6;0 / 19;882421;2018-11-09 17:52:20:470
-0.9;-1.551;9.807;37.0;0.0;49.93;48.15361;11.53655;460.0;NaN;15.9;6.4;228.6;0 / 19;882521;2018-11-09 17:52:20:570
-0.919;-1.532;9.854;55.0;0.0;49.93;48.15361;11.53655;460.0;NaN;15.9;6.4;228.6;0 / 19;882622;2018-11-09 17:52:20:671
-0.861;-1.522;9.969;50.0;0.0;49.31;48.15361;11.53655;460.0;NaN;15.9;6.4;228.6;0 / 19;882722;2018-11-09 17:52:20:771
-0.948;-1.589;9.797;47.0;0.0;49.31;48.15361;11.53655;460.0;NaN;15.9;6.4;228.6;0 / 19;882822;2018-11-09 17:52:20:871
-0.938;-1.608;9.787;44.0;0.0;49.31;48.15361;11.53655;460.0;NaN;15.9;6.4;228.6;0 / 19;882922;2018-11-09 17:52:20:971
-0.9;-1.541;9.826;51.0;0.0;49.48;48.15361;11.53655;460.0;NaN;15.9;6.4;228.6;0 / 19;883022;2018-11-09 17:52:21:071
-0.938;-1.551;9.95;50.0;0.0;49.48;48.15361;11.53655;460.0;NaN;15.9;6.4;228.6;0 / 19;883122;2018-11-09 17:52:21:171
-0.928;-1.522;9.807;47.0;0.0;49.48;48.15361;11.53655;460.0;NaN;15.9;6.4;228.6;0 / 19;883223;2018-11-09 17:52:21:272
-0.909;-1.618;9.778;49.0;0.0;49.18;48.15361;11.53655;460.0;NaN;15.9;6.4;228.6;0 / 19;883322;2018-11-09 17:52:21:371
-0.9;-1.503;9.759;46.0;0.0;49.18;48.15361;11.53655;460.0;NaN;15.9;6.4;228.6;0 / 19;883422;2018-11-09 17:52:21:471
-0.919;-1.494;9.72;57.0;0.0;49.18;48.15361;11.53655;460.0;NaN;15.9;6.4;228.6;0 / 19;883523;2018-11-09 17:52:21:572
-0.881;-1.599;9.835;46.0;0.0;49.27;48.15361;11.53655;460.0;NaN;15.9;6.4;228.6;0 / 19;883622;2018-11-09 17:52:21:671
-1.034;-1.474;9.807;57.0;0.0;49.27;48.15361;11.53655;460.0;NaN;15.9;6.4;228.6;0 / 19;883722;2018-11-09 17:52:21:771
-0.967;-1.551;9.883;46.0;0.0;49.27;48.15361;11.53655;460.0;NaN;15.9;6.4;228.6;0 / 19;883822;2018-11-09 17:52:21:871
-0.957;-1.57;9.739;37.0;0.0;51.02;48.15361;11.53655;460.0;NaN;15.9;6.4;228.6;0 / 19;883922;2018-11-09 17:52:21:971
-0.928;-1.541;9.921;41.0;0.0;51.02;48.15361;11.53655;460.0;NaN;15.9;6.4;228.6;0 / 19;884022;2018-11-09 17:52:22:071
-0.89;-1.484;9.807;35.0;0.0;51.02;48.15361;11.53655;460.0;NaN;15.9;6.4;228.6;0 / 19;884122;2018-11-09 17:52:22:171
-0.948;-1.589;9.816;38.0;0.0;51.38;48.15361;11.53655;460.0;NaN;15.9;6.4;228.6;0 / 19;884222;2018-11-09 17:52:22:271
-0.967;-1.561;9.835;31.0;0.0;51.38;48.15361;11.53655;460.0;NaN;15.9;6.4;228.6;0 / 19;884322;2018-11-09 17:52:22:371
-0.948;-1.628;9.893;45.0;0.0;51.38;48.15361;11.53655;460.0;NaN;15.9;6.4;228.6;0 / 19;884422;2018-11-09 17:52:22:471
-1.005;-1.503;9.988;40.0;0.0;49.44;48.15361;11.53655;460.0;NaN;15.9;6.4;228.6;0 / 19;884522;2018-11-09 17:52:22:571
-0.957;-1.484;9.797;45.0;0.0;49.44;48.15361;11.53655;460.0;NaN;15.9;6.4;228.6;0 / 19;884622;2018-11-09 17:52:22:671
-0.967;-1.503;9.615;39.0;0.0;49.44;48.15361;11.53655;460.0;NaN;15.9;6.4;228.6;0 / 19;884721;2018-11-09 17:52:22:770
-0.881;-1.541;9.749;56.0;0.0;49.65;48.15361;11.53655;460.0;NaN;15.9;6.4;228.6;0 / 19;884822;2018-11-09 17:52:22:871
-0.996;-1.513;9.835;41.0;0.0;49.65;48.15361;11.53655;460.0;NaN;15.9;6.4;228.6;0 / 19;884922;2018-11-09 17:52:22:971
-0.909;-1.513;9.874;40.0;0.0;49.65;48.15361;11.53655;460.0;NaN;15.9;6.4;228.6;0 / 19;885022;2018-11-09 17:52:23:071
-0.89;-1.561;9.807;32.0;0.0;48.74;48.15361;11.53655;460.0;NaN;15.9;6.4;228.6;0 / 19;885122;2018-11-09 17:52:23:171
-0.919;-1.58;9.835;35.0;0.0;48.74;48.15361;11.53655;460.0;NaN;15.9;6.4;228.6;0 / 19;885222;2018-11-09 17:52:23:271
-0.948;-1.455;9.807;46.0;0.0;48.74;48.15361;11.53655;460.0;NaN;15.9;6.4;228.6;0 / 19;885322;2018-11-09 17:52:23:371
-0.909;-1.551;9.759;43.0;0.0;50.84;48.15361;11.53655;460.0;NaN;15.9;6.4;228.6;0 / 19;885421;2018-11-09 17:52:23:470
-0.928;-1.57;9.701;36.0;0.0;50.84;48.15361;11.53655;460.0;NaN;15.9;6.4;228.6;0 / 19;885522;2018-11-09 17:52:23:571
-0.9;-1.647;9.797;39.0;0.0;50.84;48.15361;11.53655;460.0;NaN;15.9;6.4;228.6;0 / 19;885622;2018-11-09 17:52:23:671
-1.015;-1.561;9.73;43.0;0.0;51.62;48.15361;11.53655;460.0;NaN;15.9;6.4;228.6;0 / 19;885722;2018-11-09 17:52:23:771
-1.024;-1.541;9.912;43.0;0.0;51.62;48.15361;11.53655;460.0;NaN;15.9;6.4;228.6;0 / 19;885822;2018-11-09 17:52:23:871
-1.005;-1.513;9.807;49.0;0.0;51.62;48.15361;11.53655;460.0;NaN;15.9;6.4;228.6;0 / 19;885922;2018-11-09 17:52:23:971
-0.89;-1.503;9.835;44.0;0.0;51.06;48.15361;11.53655;460.0;NaN;15.9;6.4;228.6;0 / 19;886023;2018-11-09 17:52:24:072
-0.861;-1.57;9.768;43.0;0.0;51.06;48.15361;11.53655;460.0;NaN;15.9;6.4;228.6;0 / 19;886122;2018-11-09 17:52:24:171
-0.928;-1.57;9.739;47.0;0.0;51.06;48.15361;11.53655;460.0;NaN;15.9;6.4;228.6;0 / 19;886222;2018-11-09 17:52:24:271
-0.909;-1.647;9.778;48.0;0.0;50.07;48.15361;11.53655;460.0;NaN;15.9;6.4;228.6;0 / 19;886321;2018-11-09 17:52:24:370
-0.89;-1.589;9.874;37.0;0.0;50.07;48.15361;11.53655;460.0;NaN;15.9;6.4;228.6;0 / 19;886422;2018-11-09 17:52:24:471
-0.938;-1.599;9.787;42.0;0.0;50.07;48.15361;11.53655;460.0;NaN;15.9;6.4;228.6;0 / 19;886522;2018-11-09 17:52:24:571
-0.919;-1.541;9.787;43.0;0.0;50.07;48.15361;11.53655;460.0;NaN;15.9;6.4;228.6;0 / 19;886622;2018-11-09 17:52:24:671
-0.9;-1.599;9.883;58.0;0.0;50.5;48.15361;11.53655;460.0;NaN;15.9;6.4;228.6;0 / 19;886721;2018-11-09 17:52:24:770
-0.919;-1.474;9.739;52.0;0.0;50.5;48.15361;11.53655;460.0;NaN;15.9;6.4;228.6;0 / 19;886822;2018-11-09 17:52:24:871
-0.976;-1.58;9.749;52.0;0.0;50.5;48.15361;11.53655;460.0;NaN;15.9;6.4;228.6;0 / 19;886922;2018-11-09 17:52:24:971
-0.928;-1.541;9.807;46.0;0.0;49.93;48.15361;11.53655;460.0;NaN;15.9;6.4;228.6;0 / 19;887022;2018-11-09 17:52:25:071
-1.024;-1.532;9.845;48.0;0.0;49.93;48.15361;11.53655;460.0;NaN;15.9;6.4;228.6;0 / 19;887122;2018-11-09 17:52:25:171
-0.928;-1.513;9.883;44.0;0.0;49.93;48.15361;11.53655;460.0;NaN;15.9;6.4;228.6;0 / 19;887221;2018-11-09 17:52:25:270
-0.919;-1.551;9.807;32.0;0.0;50.5;48.15361;11.53655;460.0;NaN;15.9;6.4;228.6;0 / 19;887322;2018-11-09 17:52:25:371
-0.976;-1.637;9.787;40.0;0.0;50.5;48.15361;11.53655;460.0;NaN;15.9;6.4;228.6;0 / 19;887421;2018-11-09 17:52:25:470
-0.986;-1.608;9.864;49.0;0.0;50.5;48.15361;11.53655;460.0;NaN;15.9;6.4;228.6;0 / 19;887521;2018-11-09 17:52:25:570
-0.976;-1.513;9.797;34.0;0.0;50.61;48.15361;11.53655;460.0;NaN;15.9;6.4;228.6;0 / 19;887621;2018-11-09 17:52:25:670
-0.938;-1.541;9.816;37.0;0.0;50.61;48.15361;11.53655;460.0;NaN;15.9;6.4;228.6;0 / 19;887721;2018-11-09 17:52:25:770
-0.928;-1.561;9.826;41.0;0.0;50.61;48.15361;11.53655;460.0;NaN;15.9;6.4;228.6;0 / 19;887821;2018-11-09 17:52:25:870
-0.938;-1.561;9.807;41.0;0.0;52.63;48.15361;11.53655;460.0;NaN;15.9;6.4;228.6;0 / 19;887921;2018-11-09 17:52:25:970
-0.996;-1.446;9.988;48.0;0.0;52.63;48.15361;11.53655;460.0;NaN;15.9;6.4;228.6;0 / 19;888021;2018-11-09 17:52:26:070
-0.986;-1.503;9.72;32.0;0.0;52.63;48.15361;11.53655;460.0;NaN;15.9;6.4;228.6;0 / 19;888122;2018-11-09 17:52:26:171
-0.919;-1.676;9.807;40.0;0.0;52.37;48.15361;11.53655;460.0;NaN;15.9;6.4;228.6;0 / 19;888222;2018-11-09 17:52:26:271
-1.082;-1.264;9.864;55.0;0.0;52.37;48.15361;11.53655;460.0;NaN;15.9;6.4;228.6;0 / 19;888321;2018-11-09 17:52:26:370
-0.948;-1.34;9.864;38.0;0.0;52.37;48.15361;11.53655;460.0;NaN;15.9;6.4;228.6;0 / 19;888421;2018-11-09 17:52:26:470
-0.967;-1.436;9.768;49.0;0.0;52.29;48.15361;11.53655;460.0;NaN;15.9;6.4;228.6;0 / 19;888521;2018-11-09 17:52:26:570
-0.967;-1.446;9.807;33.0;0.0;52.29;48.15361;11.53655;460.0;NaN;15.9;6.4;228.6;0 / 19;888621;2018-11-09 17:52:26:670
-0.986;-1.245;9.567;35.0;0.0;52.29;48.15361;11.53655;460.0;NaN;15.9;6.4;228.6;0 / 19;888721;2018-11-09 17:52:26:770
-1.005;-1.474;9.835;36.0;0.0;51.85;48.15361;11.53655;460.0;NaN;15.9;6.4;228.6;0 / 19;888821;2018-11-09 17:52:26:870
-1.072;-1.168;9.538;39.0;0.0;51.85;48.15361;11.53655;460.0;NaN;15.9;6.4;228.6;0 / 19;888922;2018-11-09 17:52:26:971
-0.967;-1.149;10.008;56.0;0.0;51.85;48.15361;11.53655;460.0;NaN;15.9;6.4;228.6;0 / 19;889022;2018-11-09 17:52:27:071
-1.053;-1.168;9.634;51.0;0.0;49.91;48.15361;11.53655;460.0;NaN;15.9;6.4;228.6;0 / 19;889121;2018-11-09 17:52:27:170
-1.082;-1.082;9.768;42.0;0.0;49.91;48.15361;11.53655;460.0;NaN;15.9;6.4;228.6;0 / 19;889221;2018-11-09 17:52:27:270
-1.082;-1.072;9.749;29.0;0.0;49.91;48.15361;11.53655;460.0;NaN;15.9;6.4;228.6;0 / 19;889321;2018-11-09 17:52:27:370
-1.005;-1.13;9.893;37.0;0.0;50.05;48.15361;11.53655;460.0;NaN;15.9;6.4;228.6;0 / 19;889422;2018-11-09 17:52:27:471
-0.957;-1.11;9.739;41.0;0.0;50.05;48.15361;11.53655;460.0;NaN;15.9;6.4;228.6;0 / 19;889521;2018-11-09 17:52:27:570
-1.005;-1.225;9.72;39.0;0.0;50.05;48.15361;11.53655;460.0;NaN;15.9;6.4;228.6;0 / 19;889622;2018-11-09 17:52:27:671
-1.082;-1.034;9.663;44.0;0.0;50.49;48.15361;11.53655;460.0;NaN;15.9;6.4;228.6;0 / 19;889722;2018-11-09 17:52:27:771
-0.967;-1.082;9.921;44.0;0.0;50.49;48.15361;11.53655;460.0;NaN;15.9;6.4;228.6;0 / 19;889821;2018-11-09 17:52:27:870
-0.948;-0.986;9.692;30.0;0.0;50.49;48.15361;11.53655;460.0;NaN;15.9;6.4;228.6;0 / 19;889922;2018-11-09 17:52:27:971
-1.053;-1.053;9.883;33.0;0.0;52.25;48.15361;11.53655;460.0;NaN;15.9;6.4;228.6;0 / 19;890022;2018-11-09 17:52:28:071
-0.967;-0.996;9.778;47.0;0.0;52.25;48.15361;11.53655;460.0;NaN;15.9;6.4;228.6;0 / 19;890122;2018-11-09 17:52:28:171
-0.967;-1.053;9.778;36.0;0.0;52.25;48.15361;11.53655;460.0;NaN;15.9;6.4;228.6;0 / 19;890222;2018-11-09 17:52:28:271
-1.015;-1.005;9.807;37.0;0.0;47.93;48.15361;11.53655;460.0;NaN;15.9;6.4;228.6;0 / 19;890322;2018-11-09 17:52:28:371
-0.948;-1.043;9.739;57.0;0.0;47.93;48.15361;11.53655;460.0;NaN;15.9;6.4;228.6;0 / 19;890422;2018-11-09 17:52:28:471
-0.948;-0.919;9.73;43.0;0.0;47.93;48.15361;11.53655;460.0;NaN;15.9;6.4;228.6;0 / 19;890522;2018-11-09 17:52:28:571
-0.976;-0.986;9.759;43.0;0.0;49.67;48.15361;11.53655;460.0;NaN;15.9;6.4;228.6;0 / 19;890622;2018-11-09 17:52:28:671
-0.928;-1.024;9.768;28.0;0.0;49.67;48.15361;11.53655;460.0;NaN;15.9;6.4;228.6;0 / 19;890722;2018-11-09 17:52:28:771
-1.005;-0.909;9.711;46.0;0.0;49.67;48.15361;11.53655;460.0;NaN;15.9;6.4;228.6;0 / 19;890822;2018-11-09 17:52:28:871
-0.881;-0.957;9.826;32.0;0.0;48.75;48.15361;11.53655;460.0;NaN;15.9;6.4;228.6;0 / 19;890922;2018-11-09 17:52:28:971
-0.9;-1.015;9.72;37.0;0.0;48.75;48.15361;11.53655;460.0;NaN;15.9;6.4;228.6;0 / 19;891022;2018-11-09 17:52:29:071
-0.928;-1.053;9.893;39.0;0.0;48.75;48.15361;11.53655;460.0;NaN;15.9;6.4;228.6;0 / 19;891121;2018-11-09 17:52:29:170
-0.89;-0.996;9.854;43.0;0.0;49.86;48.15361;11.53655;460.0;NaN;15.9;6.4;228.6;0 / 19;891222;2018-11-09 17:52:29:271
-0.9;-0.996;9.797;43.0;0.0;49.86;48.15361;11.53655;460.0;NaN;15.9;6.4;228.6;0 / 19;891322;2018-11-09 17:52:29:371
-0.919;-0.957;9.816;38.0;0.0;49.86;48.15361;11.53655;460.0;NaN;15.9;6.4;228.6;0 / 19;891422;2018-11-09 17:52:29:471
-0.967;-1.015;9.807;39.0;0.0;48.1;48.15361;11.53655;460.0;NaN;15.9;6.4;228.6;0 / 19;891522;2018-11-09 17:52:29:571
-0.928;-0.948;9.797;28.0;0.0;48.1;48.15361;11.53655;460.0;NaN;15.9;6.4;228.6;0 / 19;891622;2018-11-09 17:52:29:671
-0.938;-0.967;9.787;38.0;0.0;48.1;48.15361;11.53655;460.0;NaN;15.9;6.4;228.6;0 / 19;891722;2018-11-09 17:52:29:771
-0.909;-0.948;9.902;32.0;0.0;50.44;48.15361;11.53655;460.0;NaN;15.9;6.4;228.6;0 / 19;891822;2018-11-09 17:52:29:871
-1.005;-0.89;9.893;34.0;0.0;50.44;48.15361;11.53655;460.0;NaN;15.9;6.4;228.6;0 / 19;891922;2018-11-09 17:52:29:971
-1.024;-0.967;9.883;56.0;0.0;50.44;48.15361;11.53655;460.0;NaN;15.9;6.4;228.6;0 / 19;892022;2018-11-09 17:52:30:071
-0.967;-0.957;9.778;55.0;0.0;50.32;48.15361;11.53655;460.0;NaN;15.9;6.4;228.6;0 / 19;892122;2018-11-09 17:52:30:171
-0.986;-0.996;10.008;47.0;0.0;50.32;48.15361;11.53655;460.0;NaN;15.9;6.4;228.6;0 / 19;892222;2018-11-09 17:52:30:271
-0.967;-0.976;9.921;35.0;0.0;50.32;48.15361;11.53655;460.0;NaN;15.9;6.4;228.6;0 / 19;892322;2018-11-09 17:52:30:371
-0.938;-0.938;9.874;35.0;0.0;53.88;48.15361;11.53655;460.0;NaN;15.9;6.4;228.6;0 / 19;892422;2018-11-09 17:52:30:471
-0.909;-0.861;9.787;35.0;0.0;53.88;48.15361;11.53655;460.0;NaN;15.9;6.4;228.6;0 / 19;892522;2018-11-09 17:52:30:571
-0.957;-0.9;9.701;43.0;0.0;53.88;48.15361;11.53655;460.0;NaN;15.9;6.4;228.6;0 / 19;892622;2018-11-09 17:52:30:671
-0.938;-0.842;9.778;40.0;0.0;52.35;48.15361;11.53655;460.0;NaN;15.9;6.4;228.6;0 / 19;892722;2018-11-09 17:52:30:771
-0.986;-0.871;9.759;41.0;0.0;52.35;48.15361;11.53655;460.0;NaN;15.9;6.4;228.6;0 / 19;892822;2018-11-09 17:52:30:871
-0.948;-0.938;9.807;40.0;0.0;52.35;48.15361;11.53655;460.0;NaN;15.9;6.4;228.6;0 / 19;892922;2018-11-09 17:52:30:971
-0.909;-0.938;9.787;37.0;0.0;50.06;48.15361;11.53655;460.0;NaN;15.9;6.4;228.6;0 / 19;893022;2018-11-09 17:52:31:071
-0.957;-0.871;9.864;37.0;0.0;50.06;48.15361;11.53655;460.0;NaN;15.9;6.4;228.6;0 / 19;893122;2018-11-09 17:52:31:171
-0.957;-0.957;9.663;38.0;0.0;50.06;48.15361;11.53655;460.0;NaN;15.9;6.4;228.6;0 / 19;893221;2018-11-09 17:52:31:270
-0.938;-0.976;9.816;40.0;0.0;54.97;48.15361;11.53655;460.0;NaN;15.9;6.4;228.6;0 / 19;893321;2018-11-09 17:52:31:370
-0.9;-0.928;9.874;44.0;0.0;54.97;48.15361;11.53655;460.0;NaN;15.9;6.4;228.6;0 / 19;893422;2018-11-09 17:52:31:471
-0.842;-0.9;9.759;60.0;0.0;54.97;48.15361;11.53655;460.0;NaN;15.9;6.4;228.6;0 / 19;893522;2018-11-09 17:52:31:571
-0.9;-1.024;9.759;56.0;0.0;53.27;48.15361;11.53655;460.0;NaN;15.9;6.4;228.6;0 / 19;893623;2018-11-09 17:52:31:672
-0.986;-0.823;9.672;39.0;0.0;53.27;48.15361;11.53655;460.0;NaN;15.9;6.4;228.6;0 / 19;893721;2018-11-09 17:52:31:770
-0.938;-0.804;9.931;45.0;0.0;53.27;48.15361;11.53655;460.0;NaN;15.9;6.4;228.6;0 / 19;893822;2018-11-09 17:52:31:871
-0.957;-0.718;9.404;32.0;0.0;48.63;48.15361;11.53655;460.0;NaN;15.9;6.4;228.6;0 / 19;893922;2018-11-09 17:52:31:971
-0.919;-0.842;9.845;39.0;0.0;48.63;48.15361;11.53655;460.0;NaN;15.9;6.4;228.6;0 / 19;894022;2018-11-09 17:52:32:071
-0.909;-0.699;9.807;31.0;0.0;48.63;48.15361;11.53655;460.0;NaN;15.9;6.4;228.6;0 / 19;894122;2018-11-09 17:52:32:171
-0.909;-0.766;9.692;34.0;0.0;51.68;48.15361;11.53655;460.0;NaN;15.9;6.4;228.6;0 / 19;894222;2018-11-09 17:52:32:271
-0.957;-0.842;9.701;56.0;0.0;51.68;48.15361;11.53655;460.0;NaN;15.9;6.4;228.6;0 / 19;894321;2018-11-09 17:52:32:370
-0.919;-0.9;9.874;50.0;0.0;51.68;48.15361;11.53655;460.0;NaN;15.9;6.4;228.6;0 / 19;894421;2018-11-09 17:52:32:470
-0.948;-0.823;9.797;40.0;0.0;49.73;48.15361;11.53655;460.0;NaN;15.9;6.4;228.6;0 / 19;894522;2018-11-09 17:52:32:571
-0.9;-0.814;9.739;36.0;0.0;49.73;48.15361;11.53655;460.0;NaN;15.9;6.4;228.6;0 / 19;894622;2018-11-09 17:52:32:671
-0.967;-0.861;9.931;44.0;0.0;49.73;48.15361;11.53655;460.0;NaN;15.9;6.4;228.6;0 / 19;894722;2018-11-09 17:52:32:771
-0.928;-0.861;9.979;33.0;0.0;51.17;48.15361;11.53655;460.0;NaN;15.9;6.4;228.6;0 / 19;894822;2018-11-09 17:52:32:871
-0.928;-0.679;9.586;36.0;0.0;51.17;48.15361;11.53655;460.0;NaN;15.9;6.4;228.6;0 / 19;894922;2018-11-09 17:52:32:971
-0.928;-0.756;9.969;38.0;0.0;51.17;48.15361;11.53655;460.0;NaN;15.9;6.4;228.6;0 / 19;895022;2018-11-09 17:52:33:071
-0.881;-0.67;9.644;43.0;0.0;49.51;48.15361;11.53655;460.0;NaN;15.9;6.4;228.6;0 / 19;895122;2018-11-09 17:52:33:171
-0.957;-0.708;9.835;40.0;0.0;49.51;48.15361;11.53655;460.0;NaN;15.9;6.4;228.6;0 / 19;895222;2018-11-09 17:52:33:271
-0.928;-0.689;9.912;43.0;0.0;49.51;48.15361;11.53655;460.0;NaN;15.9;6.4;228.6;0 / 19;895322;2018-11-09 17:52:33:371
-0.919;-0.842;9.854;39.0;0.0;47.57;48.15361;11.53655;460.0;NaN;15.9;6.4;228.6;0 / 19;895422;2018-11-09 17:52:33:471
-0.986;-0.775;9.854;35.0;0.0;47.57;48.15361;11.53655;460.0;NaN;15.9;6.4;228.6;0 / 19;895522;2018-11-09 17:52:33:571
-0.9;-0.737;9.807;39.0;0.0;47.57;48.15361;11.53655;460.0;NaN;15.9;6.4;228.6;0 / 19;895622;2018-11-09 17:52:33:671
-1.024;-0.699;9.787;51.0;0.0;48.42;48.15361;11.53655;460.0;NaN;15.9;6.4;228.6;0 / 19;895722;2018-11-09 17:52:33:771
-0.967;-0.641;9.672;35.0;0.0;48.42;48.15361;11.53655;460.0;NaN;15.9;6.4;228.6;0 / 19;895822;2018-11-09 17:52:33:871
-0.967;-0.708;9.807;37.0;0.0;48.42;48.15361;11.53655;460.0;NaN;15.9;6.4;228.6;0 / 19;895921;2018-11-09 17:52:33:970
-1.024;-0.66;9.797;45.0;0.0;46.75;48.15361;11.53655;460.0;NaN;15.9;6.4;228.6;0 / 19;896022;2018-11-09 17:52:34:071
-1.005;-0.747;9.768;39.0;0.0;46.75;48.15361;11.53655;460.0;NaN;15.9;6.4;228.6;0 / 19;896121;2018-11-09 17:52:34:170
-0.938;-0.727;9.739;45.0;0.0;46.75;48.15361;11.53655;460.0;NaN;15.9;6.4;228.6;0 / 19;896222;2018-11-09 17:52:34:271
-0.967;-0.66;9.941;39.0;0.0;49.1;48.15361;11.53655;460.0;NaN;15.9;6.4;228.6;0 / 19;896322;2018-11-09 17:52:34:371
-0.928;-0.699;9.854;41.0;0.0;49.1;48.15361;11.53655;460.0;NaN;15.9;6.4;228.6;0 / 19;896421;2018-11-09 17:52:34:470
-0.919;-0.785;9.682;31.0;0.0;49.1;48.15361;11.53655;460.0;NaN;15.9;6.4;228.6;0 / 19;896521;2018-11-09 17:52:34:570
-0.967;-0.794;9.969;37.0;0.0;51.27;48.15361;11.53655;460.0;NaN;15.9;6.4;228.6;0 / 19;896621;2018-11-09 17:52:34:670
-0.957;-0.651;9.816;50.0;0.0;51.27;48.15361;11.53655;460.0;NaN;15.9;6.4;228.6;0 / 19;896722;2018-11-09 17:52:34:771
-1.005;-0.852;9.874;46.0;0.0;51.27;48.15361;11.53655;460.0;NaN;15.9;6.4;228.6;0 / 19;896822;2018-11-09 17:52:34:871
-0.881;-0.43;9.289;41.0;0.0;46.75;48.15361;11.53655;460.0;NaN;15.9;6.4;228.6;0 / 19;896922;2018-11-09 17:52:34:971
-0.996;-0.574;9.979;46.0;0.0;46.75;48.15361;11.53655;460.0;NaN;15.9;6.4;228.6;0 / 19;897022;2018-11-09 17:52:35:071
-1.024;-0.325;9.787;39.0;0.0;46.75;48.15361;11.53655;460.0;NaN;15.9;6.4;228.6;0 / 19;897122;2018-11-09 17:52:35:171
-0.823;-0.114;9.194;33.0;0.0;46.75;48.15361;11.53655;460.0;NaN;15.9;6.4;228.6;0 / 19;897222;2018-11-09 17:52:35:271
-0.986;0.258;9.72;45.0;0.0;46.75;48.15361;11.53655;460.0;NaN;15.9;6.4;228.6;0 / 19;897322;2018-11-09 17:52:35:371
-0.928;0.134;9.567;52.0;0.0;46.75;48.15361;11.53655;460.0;NaN;15.9;6.4;228.6;0 / 19;897423;2018-11-09 17:52:35:472
-0.861;0.143;9.433;33.0;0.0;47.18;48.15361;11.53655;460.0;NaN;15.9;6.4;228.6;0 / 19;897522;2018-11-09 17:52:35:571
-1.158;-0.153;10.381;47.0;0.0;47.18;48.15361;11.53655;460.0;NaN;15.9;6.4;228.6;0 / 19;897623;2018-11-09 17:52:35:672
-0.89;-0.411;9.797;46.0;0.0;47.18;48.15361;11.53655;460.0;NaN;15.9;6.4;228.6;0 / 19;897722;2018-11-09 17:52:35:771
-0.708;-0.43;9.136;46.0;0.0;44.62;48.15361;11.53655;460.0;NaN;15.9;6.4;228.6;0 / 19;897822;2018-11-09 17:52:35:871
-0.948;-0.162;9.644;61.0;0.0;44.62;48.15361;11.53655;460.0;NaN;15.9;6.4;228.6;0 / 19;897922;2018-11-09 17:52:35:971
-0.794;-0.45;9.644;141.0;0.0;44.62;48.15361;11.53655;460.0;NaN;15.9;6.4;228.6;0 / 19;898021;2018-11-09 17:52:36:070
-1.024;0.0;9.73;129.0;0.0;46.72;48.15361;11.53655;460.0;NaN;15.9;6.4;228.6;0 / 19;898122;2018-11-09 17:52:36:171
-0.785;0.124;9.251;120.0;0.0;46.72;48.15361;11.53655;460.0;NaN;15.9;6.4;228.6;0 / 19;898222;2018-11-09 17:52:36:271
-1.005;0.249;10.142;109.0;0.0;46.72;48.15361;11.53655;460.0;NaN;15.9;6.4;228.6;0 / 19;898322;2018-11-09 17:52:36:371
-0.986;0.411;9.146;107.0;0.0;45.28;48.15361;11.53655;460.0;NaN;15.9;6.4;228.6;0 / 19;898422;2018-11-09 17:52:36:471
-0.996;0.603;10.027;101.0;0.0;45.28;48.15361;11.53655;460.0;NaN;15.9;6.4;228.6;0 / 19;898522;2018-11-09 17:52:36:571
-1.053;0.593;9.28;85.0;0.0;45.28;48.15361;11.53655;460.0;NaN;15.9;6.4;228.6;0 / 19;898621;2018-11-09 17:52:36:670
-1.024;0.325;9.5;83.0;0.0;46.52;48.15361;11.53655;460.0;NaN;15.9;6.4;228.6;0 / 19;898721;2018-11-09 17:52:36:770
-1.072;0.067;10.649;76.0;0.0;46.52;48.15361;11.53655;460.0;NaN;15.9;6.4;228.6;0 / 19;898822;2018-11-09 17:52:36:871
-0.967;0.172;9.031;63.0;0.0;46.52;48.15361;11.53655;460.0;NaN;15.9;6.4;228.6;0 / 19;898921;2018-11-09 17:52:36:970
-1.11;0.277;10.276;58.0;0.0;47.76;48.15361;11.53655;460.0;NaN;15.9;6.4;228.6;0 / 19;899021;2018-11-09 17:52:37:070
-1.139;0.727;9.395;63.0;0.0;47.76;48.15361;11.53655;460.0;NaN;15.9;6.4;228.6;0 / 19;899122;2018-11-09 17:52:37:171
-1.043;0.794;9.423;48.0;0.0;47.76;48.15361;11.53655;460.0;NaN;15.9;6.4;228.6;0 / 19;899222;2018-11-09 17:52:37:271
-0.967;0.478;9.902;49.0;0.0;51.07;48.15361;11.53655;460.0;NaN;15.9;6.4;228.6;0 / 19;899322;2018-11-09 17:52:37:371
-1.13;0.526;9.807;54.0;0.0;51.07;48.15361;11.53655;460.0;NaN;15.9;6.4;228.6;0 / 19;899421;2018-11-09 17:52:37:470
-0.976;0.727;9.826;57.0;0.0;51.07;48.15361;11.53655;460.0;NaN;15.9;6.4;228.6;0 / 19;899521;2018-11-09 17:52:37:570
-0.871;0.469;9.787;54.0;0.0;48.33;48.15361;11.53655;460.0;NaN;15.9;6.4;228.6;0 / 19;899621;2018-11-09 17:52:37:670
-0.928;-0.028;10.285;43.0;0.0;48.33;48.15361;11.53655;460.0;NaN;15.9;6.4;228.6;0 / 19;899722;2018-11-09 17:52:37:771
-0.852;-0.679;10.726;49.0;0.0;48.33;48.15361;11.53655;460.0;NaN;15.9;6.4;228.6;0 / 19;899822;2018-11-09 17:52:37:871
-0.794;-1.177;10.87;38.0;0.0;47.34;48.15361;11.53655;460.0;NaN;15.9;6.4;228.6;0 / 19;899921;2018-11-09 17:52:37:970
-0.756;-1.225;9.443;44.0;0.0;47.34;48.15361;11.53655;460.0;NaN;15.9;6.4;228.6;0 / 19;900022;2018-11-09 17:52:38:071
-0.708;-1.11;9.289;44.0;0.0;47.34;48.15361;11.53655;460.0;NaN;15.9;6.4;228.6;0 / 19;900122;2018-11-09 17:52:38:171
-0.852;-0.938;9.854;41.0;0.0;47.5;48.15361;11.53655;460.0;NaN;15.9;6.4;228.6;0 / 19;900221;2018-11-09 17:52:38:270
-0.794;-0.44;9.165;31.0;0.0;47.5;48.15361;11.53655;460.0;NaN;15.9;6.4;228.6;0 / 19;900321;2018-11-09 17:52:38:370
-0.747;-1.082;10.199;35.0;0.0;47.5;48.15361;11.53655;460.0;NaN;15.9;6.4;228.6;0 / 19;900421;2018-11-09 17:52:38:470
-0.593;-1.465;9.739;27.0;0.0;49.62;48.15361;11.53655;460.0;NaN;15.9;6.4;228.6;0 / 19;900521;2018-11-09 17:52:38:570
-0.565;-1.695;9.72;40.0;0.0;49.62;48.15361;11.53655;460.0;NaN;15.9;6.4;228.6;0 / 19;900621;2018-11-09 17:52:38:670
-0.718;-1.302;9.902;52.0;0.0;49.62;48.15361;11.53655;460.0;NaN;15.9;6.4;228.6;0 / 19;900722;2018-11-09 17:52:38:771
-0.737;-0.957;9.845;29.0;0.0;42.56;48.15361;11.53655;460.0;NaN;15.9;6.4;228.6;0 / 19;900822;2018-11-09 17:52:38:871
-0.737;-1.043;9.797;39.0;0.0;42.56;48.15361;11.53655;460.0;NaN;15.9;6.4;228.6;0 / 19;900922;2018-11-09 17:52:38:971
-0.766;-1.043;9.816;44.0;0.0;42.56;48.15361;11.53655;460.0;NaN;15.9;6.4;228.6;0 / 19;901022;2018-11-09 17:52:39:071
-0.67;-0.909;9.768;41.0;0.0;42.56;48.15361;11.53655;460.0;NaN;15.9;6.4;228.6;0 / 19;901122;2018-11-09 17:52:39:171
-0.679;-1.024;9.826;54.0;0.0;43.64;48.15361;11.53655;460.0;NaN;15.9;6.4;228.6;0 / 19;901222;2018-11-09 17:52:39:271
-0.718;-1.13;9.969;49.0;0.0;43.64;48.15361;11.53655;460.0;NaN;15.9;6.4;228.6;0 / 19;901322;2018-11-09 17:52:39:371
-0.699;-1.015;9.835;34.0;0.0;43.64;48.15361;11.53655;460.0;NaN;15.9;6.4;228.6;0 / 19;901422;2018-11-09 17:52:39:471
-0.699;-1.034;9.768;30.0;0.0;48.81;48.15361;11.53655;460.0;NaN;15.9;6.4;228.6;0 / 19;901521;2018-11-09 17:52:39:570
-0.747;-1.11;9.768;33.0;0.0;48.81;48.15361;11.53655;460.0;NaN;15.9;6.4;228.6;0 / 19;901621;2018-11-09 17:52:39:670
-0.794;-1.053;9.864;38.0;0.0;48.81;48.15361;11.53655;460.0;NaN;15.9;6.4;228.6;0 / 19;901721;2018-11-09 17:52:39:770
-0.718;-1.005;9.854;39.0;0.0;42.95;48.15361;11.53655;460.0;NaN;15.9;6.4;228.6;0 / 19;901821;2018-11-09 17:52:39:870
-0.708;-0.881;9.835;35.0;0.0;42.95;48.15361;11.53655;460.0;NaN;15.9;6.4;228.6;0 / 19;901921;2018-11-09 17:52:39:970
-0.651;-1.034;9.864;32.0;0.0;42.95;48.15361;11.53655;460.0;NaN;15.9;6.4;228.6;0 / 19;902022;2018-11-09 17:52:40:071
-0.679;-1.12;9.73;52.0;0.0;47.78;48.15361;11.53655;460.0;NaN;15.9;6.4;228.6;0 / 19;902122;2018-11-09 17:52:40:171
-0.67;-1.11;9.816;35.0;0.0;47.78;48.15361;11.53655;460.0;NaN;15.9;6.4;228.6;0 / 19;902222;2018-11-09 17:52:40:271
-0.727;-0.986;9.893;39.0;0.0;47.78;48.15361;11.53655;460.0;NaN;15.9;6.4;228.6;0 / 19;902322;2018-11-09 17:52:40:371
-0.612;-1.11;9.816;41.0;0.0;50.29;48.15361;11.53655;460.0;NaN;15.9;6.4;228.6;0 / 19;902422;2018-11-09 17:52:40:471
-0.651;-1.149;9.883;39.0;0.0;50.29;48.15361;11.53655;460.0;NaN;15.9;6.4;228.6;0 / 19;902522;2018-11-09 17:52:40:571
-0.699;-1.053;9.73;40.0;0.0;50.29;48.15361;11.53655;460.0;NaN;15.9;6.4;228.6;0 / 19;902622;2018-11-09 17:52:40:671
-0.66;-1.053;9.854;44.0;0.0;49.78;48.15361;11.53655;460.0;NaN;15.9;6.4;228.6;0 / 19;902721;2018-11-09 17:52:40:770
-0.651;-1.072;9.874;38.0;0.0;49.78;48.15361;11.53655;460.0;NaN;15.9;6.4;228.6;0 / 19;902822;2018-11-09 17:52:40:871
-0.67;-1.024;9.835;31.0;0.0;49.78;48.15361;11.53655;460.0;NaN;15.9;6.4;228.6;0 / 19;902922;2018-11-09 17:52:40:971
-0.651;-1.053;9.73;32.0;0.0;45.16;48.15361;11.53655;460.0;NaN;15.9;6.4;228.6;0 / 19;903022;2018-11-09 17:52:41:071
-0.708;-1.11;9.854;49.0;0.0;45.16;48.15361;11.53655;460.0;NaN;15.9;6.4;228.6;0 / 19;903122;2018-11-09 17:52:41:171
-0.747;-1.063;9.73;32.0;0.0;45.16;48.15361;11.53655;460.0;NaN;15.9;6.4;228.6;0 / 19;903221;2018-11-09 17:52:41:270
-0.737;-1.043;9.692;29.0;0.0;45.07;48.15361;11.53655;460.0;NaN;15.9;6.4;228.6;0 / 19;903321;2018-11-09 17:52:41:370
-0.785;-1.034;9.874;39.0;0.0;45.07;48.15361;11.53655;460.0;NaN;15.9;6.4;228.6;0 / 19;903421;2018-11-09 17:52:41:470
-0.737;-0.957;9.749;30.0;0.0;45.07;48.15361;11.53655;460.0;NaN;15.9;6.4;228.6;0 / 19;903522;2018-11-09 17:52:41:571
-0.651;-1.005;9.835;27.0;0.0;44.75;48.15361;11.53655;460.0;NaN;15.9;6.4;228.6;0 / 19;903622;2018-11-09 17:52:41:671
-0.679;-1.043;9.749;17.0;0.0;44.75;48.15361;11.53655;460.0;NaN;15.9;6.4;228.6;0 / 19;903722;2018-11-09 17:52:41:771
-0.641;-1.043;9.854;28.0;0.0;44.75;48.15361;11.53655;460.0;NaN;15.9;6.4;228.6;0 / 19;903821;2018-11-09 17:52:41:870
-0.641;-0.871;9.893;27.0;0.0;52.79;48.15361;11.53655;460.0;NaN;15.9;6.4;228.6;0 / 19;903922;2018-11-09 17:52:41:971
-0.785;-1.139;9.672;38.0;0.0;52.79;48.15361;11.53655;460.0;NaN;15.9;6.4;228.6;0 / 19;904023;2018-11-09 17:52:42:072
-0.727;-1.101;9.807;32.0;0.0;52.79;48.15361;11.53655;460.0;NaN;15.9;6.4;228.6;0 / 19;904122;2018-11-09 17:52:42:171
-0.747;-1.063;9.883;14.0;0.0;46.07;48.15361;11.53655;460.0;NaN;15.9;6.4;228.6;0 / 19;904222;2018-11-09 17:52:42:271
-0.794;-0.976;9.768;28.0;0.0;46.07;48.15361;11.53655;460.0;NaN;15.9;6.4;228.6;0 / 19;904323;2018-11-09 17:52:42:372
-0.785;-1.053;9.845;31.0;0.0;46.07;48.15361;11.53655;460.0;NaN;15.9;6.4;228.6;0 / 19;904422;2018-11-09 17:52:42:471
-0.747;-1.072;9.921;24.0;0.0;44.34;48.15361;11.53655;460.0;NaN;15.9;6.4;228.6;0 / 19;904522;2018-11-09 17:52:42:571
-0.785;-1.043;9.845;38.0;0.0;44.34;48.15361;11.53655;460.0;NaN;15.9;6.4;228.6;0 / 19;904622;2018-11-09 17:52:42:671
-0.708;-1.043;9.692;33.0;0.0;44.34;48.15361;11.53655;460.0;NaN;15.9;6.4;228.6;0 / 19;904722;2018-11-09 17:52:42:771
-0.708;-1.063;9.807;41.0;0.0;44.93;48.15361;11.53655;460.0;NaN;15.9;6.4;228.6;0 / 19;904822;2018-11-09 17:52:42:871
-0.756;-1.11;9.787;34.0;0.0;44.93;48.15361;11.53655;460.0;NaN;15.9;6.4;228.6;0 / 19;904921;2018-11-09 17:52:42:970
-0.66;-1.177;9.797;38.0;0.0;44.93;48.15361;11.53655;460.0;NaN;15.9;6.4;228.6;0 / 19;905021;2018-11-09 17:52:43:070
-0.718;-1.091;9.874;27.0;0.0;48.36;48.15361;11.53655;460.0;NaN;15.9;6.4;228.6;0 / 19;905122;2018-11-09 17:52:43:171
-0.66;-1.053;9.663;14.0;0.0;48.36;48.15361;11.53655;460.0;NaN;15.9;6.4;228.6;0 / 19;905222;2018-11-09 17:52:43:271
-0.727;-1.168;9.749;33.0;0.0;48.36;48.15361;11.53655;460.0;NaN;15.9;6.4;228.6;0 / 19;905322;2018-11-09 17:52:43:371
-0.708;-1.12;9.739;24.0;0.0;49.85;48.15361;11.53655;460.0;NaN;15.9;6.4;228.6;0 / 19;905421;2018-11-09 17:52:43:470
-0.718;-1.043;9.739;46.0;0.0;49.85;48.15361;11.53655;460.0;NaN;15.9;6.4;228.6;0 / 19;905521;2018-11-09 17:52:43:570
-0.632;-1.101;9.854;38.0;0.0;49.85;48.15361;11.53655;460.0;NaN;15.9;6.4;228.6;0 / 19;905621;2018-11-09 17:52:43:670
-0.593;-1.082;9.835;43.0;0.0;43.03;48.15361;11.53655;460.0;NaN;15.9;6.4;228.6;0 / 19;905722;2018-11-09 17:52:43:771
-0.718;-1.11;10.056;35.0;0.0;43.03;48.15361;11.53655;460.0;NaN;15.9;6.4;228.6;0 / 19;905822;2018-11-09 17:52:43:871
-0.727;-1.082;9.672;31.0;0.0;43.03;48.15361;11.53655;460.0;NaN;15.9;6.4;228.6;0 / 19;905922;2018-11-09 17:52:43:971
-0.689;-1.072;9.988;48.0;0.0;48.07;48.15361;11.53655;460.0;NaN;15.9;6.4;228.6;0 / 19;906022;2018-11-09 17:52:44:071
-0.603;-1.11;9.835;40.0;0.0;48.07;48.15361;11.53655;460.0;NaN;15.9;6.4;228.6;0 / 19;906122;2018-11-09 17:52:44:171
-0.584;-1.206;9.854;50.0;0.0;48.07;48.15361;11.53655;460.0;NaN;15.9;6.4;228.6;0 / 19;906223;2018-11-09 17:52:44:272
-0.632;-1.053;9.749;26.0;0.0;43.31;48.15361;11.53655;460.0;NaN;15.9;6.4;228.6;0 / 19;906322;2018-11-09 17:52:44:371
-0.679;-1.187;9.845;39.0;0.0;43.31;48.15361;11.53655;460.0;NaN;15.9;6.4;228.6;0 / 19;906422;2018-11-09 17:52:44:471
-0.699;-1.024;9.663;55.0;0.0;43.31;48.15361;11.53655;460.0;NaN;15.9;6.4;228.6;0 / 19;906522;2018-11-09 17:52:44:571
-0.67;-1.091;9.826;43.0;0.0;43.27;48.15361;11.53655;460.0;NaN;15.9;6.4;228.6;0 / 19;906621;2018-11-09 17:52:44:670
-0.67;-1.11;10.123;51.0;0.0;43.27;48.15361;11.53655;460.0;NaN;15.9;6.4;228.6;0 / 19;906721;2018-11-09 17:52:44:770
-0.689;-1.034;9.816;51.0;0.0;43.27;48.15361;11.53655;460.0;NaN;15.9;6.4;228.6;0 / 19;906822;2018-11-09 17:52:44:871
-0.689;-0.986;9.73;48.0;0.0;44.18;48.15361;11.53655;460.0;NaN;15.9;6.4;228.6;0 / 19;906922;2018-11-09 17:52:44:971
-0.833;-0.976;9.739;51.0;0.0;44.18;48.15361;11.53655;460.0;NaN;15.9;6.4;228.6;0 / 19;907022;2018-11-09 17:52:45:071
-0.727;-1.053;9.739;44.0;0.0;44.18;48.15361;11.53655;460.0;NaN;15.9;6.4;228.6;0 / 19;907122;2018-11-09 17:52:45:171
-0.632;-1.12;9.902;51.0;0.0;44.87;48.15361;11.53655;460.0;NaN;15.9;6.4;228.6;0 / 19;907222;2018-11-09 17:52:45:271
-0.679;-1.082;9.874;32.0;0.0;44.87;48.15361;11.53655;460.0;NaN;15.9;6.4;228.6;0 / 19;907322;2018-11-09 17:52:45:371
-0.689;-1.12;9.893;31.0;0.0;44.87;48.15361;11.53655;460.0;NaN;15.9;6.4;228.6;0 / 19;907421;2018-11-09 17:52:45:470
-0.67;-1.12;9.682;42.0;0.0;41.85;48.15361;11.53655;460.0;NaN;15.9;6.4;228.6;0 / 19;907522;2018-11-09 17:52:45:571
-0.66;-1.12;9.768;45.0;0.0;41.85;48.15361;11.53655;460.0;NaN;15.9;6.4;228.6;0 / 19;907622;2018-11-09 17:52:45:671
-0.699;-1.082;9.807;54.0;0.0;41.85;48.15361;11.53655;460.0;NaN;15.9;6.4;228.6;0 / 19;907721;2018-11-09 17:52:45:770
-0.67;-1.005;9.874;62.0;0.0;41.87;48.15361;11.53655;460.0;NaN;15.9;6.4;228.6;0 / 19;907822;2018-11-09 17:52:45:871
-0.651;-1.015;9.701;51.0;0.0;41.87;48.15361;11.53655;460.0;NaN;15.9;6.4;228.6;0 / 19;907922;2018-11-09 17:52:45:971
-0.651;-1.034;9.73;41.0;0.0;41.87;48.15361;11.53655;460.0;NaN;15.9;6.4;228.6;0 / 19;908021;2018-11-09 17:52:46:070
-0.593;-1.13;9.739;54.0;0.0;45.9;48.15361;11.53655;460.0;NaN;15.9;6.4;228.6;0 / 19;908122;2018-11-09 17:52:46:171
-0.641;-1.063;9.864;47.0;0.0;45.9;48.15361;11.53655;460.0;NaN;15.9;6.4;228.6;0 / 19;908221;2018-11-09 17:52:46:270
-0.651;-1.072;9.759;55.0;0.0;45.9;48.15361;11.53655;460.0;NaN;15.9;6.4;228.6;0 / 19;908321;2018-11-09 17:52:46:370
-0.737;-1.101;9.634;53.0;0.0;43.4;48.15361;11.53655;460.0;NaN;15.9;6.4;228.6;0 / 19;908422;2018-11-09 17:52:46:471
-0.708;-1.005;9.807;38.0;0.0;43.4;48.15361;11.53655;460.0;NaN;15.9;6.4;228.6;0 / 19;908522;2018-11-09 17:52:46:571
-0.67;-1.101;9.807;39.0;0.0;43.4;48.15361;11.53655;460.0;NaN;15.9;6.4;228.6;0 / 19;908621;2018-11-09 17:52:46:670
-0.727;-1.101;9.72;54.0;0.0;43.46;48.15361;11.53655;460.0;NaN;15.9;6.4;228.6;0 / 19;908722;2018-11-09 17:52:46:771
-0.651;-0.967;9.835;43.0;0.0;43.46;48.15361;11.53655;460.0;NaN;15.9;6.4;228.6;0 / 19;908822;2018-11-09 17:52:46:871
-0.708;-1.149;9.902;54.0;0.0;43.46;48.15361;11.53655;460.0;NaN;15.9;6.4;228.6;0 / 19;908922;2018-11-09 17:52:46:971
-0.67;-1.139;9.835;50.0;0.0;44.68;48.15361;11.53655;460.0;NaN;15.9;6.4;228.6;0 / 19;909022;2018-11-09 17:52:47:071
-0.737;-1.015;9.682;51.0;0.0;44.68;48.15361;11.53655;460.0;NaN;15.9;6.4;228.6;0 / 19;909122;2018-11-09 17:52:47:171
-0.727;-1.053;9.874;51.0;0.0;44.68;48.15361;11.53655;460.0;NaN;15.9;6.4;228.6;0 / 19;909222;2018-11-09 17:52:47:271
-0.737;-1.149;9.864;47.0;0.0;44.59;48.15361;11.53655;460.0;NaN;15.9;6.4;228.6;0 / 19;909322;2018-11-09 17:52:47:371
-0.823;-1.11;9.816;48.0;0.0;44.59;48.15361;11.53655;460.0;NaN;15.9;6.4;228.6;0 / 19;909421;2018-11-09 17:52:47:470
-0.766;-1.072;9.797;49.0;0.0;44.59;48.15361;11.53655;460.0;NaN;15.9;6.4;228.6;0 / 19;909522;2018-11-09 17:52:47:571
-0.775;-1.015;9.73;42.0;0.0;42.82;48.15361;11.53655;460.0;NaN;15.9;6.4;228.6;0 / 19;909622;2018-11-09 17:52:47:671
-0.708;-1.13;9.787;44.0;0.0;42.82;48.15361;11.53655;460.0;NaN;15.9;6.4;228.6;0 / 19;909722;2018-11-09 17:52:47:771
-0.679;-1.082;9.912;59.0;0.0;42.82;48.15361;11.53655;460.0;NaN;15.9;6.4;228.6;0 / 19;909822;2018-11-09 17:52:47:871
-0.66;-1.11;9.739;56.0;0.0;42.74;48.15361;11.53655;460.0;NaN;15.9;6.4;228.6;0 / 19;909922;2018-11-09 17:52:47:971
-0.756;-1.024;9.816;55.0;0.0;42.74;48.15361;11.53655;460.0;NaN;15.9;6.4;228.6;0 / 19;910022;2018-11-09 17:52:48:071
-0.699;-1.053;9.787;50.0;0.0;42.74;48.15361;11.53655;460.0;NaN;15.9;6.4;228.6;0 / 19;910122;2018-11-09 17:52:48:171
-0.679;-1.101;9.787;51.0;0.0;45.04;48.15361;11.53655;460.0;NaN;15.9;6.4;228.6;0 / 19;910222;2018-11-09 17:52:48:271
-0.66;-1.053;9.845;74.0;0.0;45.04;48.15361;11.53655;460.0;NaN;15.9;6.4;228.6;0 / 19;910322;2018-11-09 17:52:48:371
-0.641;-1.082;9.807;56.0;0.0;45.04;48.15361;11.53655;460.0;NaN;15.9;6.4;228.6;0 / 19;910421;2018-11-09 17:52:48:470
-0.66;-1.063;9.874;53.0;0.0;41.68;48.15361;11.53655;460.0;NaN;15.9;6.4;228.6;0 / 19;910521;2018-11-09 17:52:48:570
-0.718;-1.072;9.883;56.0;0.0;41.68;48.15361;11.53655;460.0;NaN;15.9;6.4;228.6;0 / 19;910621;2018-11-09 17:52:48:670
-0.718;-1.11;10.123;48.0;0.0;41.68;48.15361;11.53655;460.0;NaN;15.9;6.4;228.6;0 / 19;910721;2018-11-09 17:52:48:770
-0.66;-1.053;9.893;38.0;0.0;41.74;48.15361;11.53655;460.0;NaN;15.9;6.4;228.6;0 / 19;910821;2018-11-09 17:52:48:870
-0.699;-1.082;9.845;45.0;0.0;41.74;48.15361;11.53655;460.0;NaN;15.9;6.4;228.6;0 / 19;910922;2018-11-09 17:52:48:971
-0.689;-1.13;9.874;47.0;0.0;41.74;48.15361;11.53655;460.0;NaN;15.9;6.4;228.6;0 / 19;911022;2018-11-09 17:52:49:071
-0.689;-1.139;9.826;47.0;0.0;42.6;48.15361;11.53655;460.0;NaN;15.9;6.4;228.6;0 / 19;911122;2018-11-09 17:52:49:171
-0.622;-1.187;9.605;43.0;0.0;42.6;48.15361;11.53655;460.0;NaN;15.9;6.4;228.6;0 / 19;911222;2018-11-09 17:52:49:271
-0.689;-1.12;9.644;44.0;0.0;42.6;48.15361;11.53655;460.0;NaN;15.9;6.4;228.6;0 / 19;911321;2018-11-09 17:52:49:370
-0.737;-1.101;9.835;50.0;0.0;40.84;48.15361;11.53655;460.0;NaN;15.9;6.4;228.6;0 / 19;911421;2018-11-09 17:52:49:470
-0.689;-1.082;9.845;35.0;0.0;40.84;48.15361;11.53655;460.0;NaN;15.9;6.4;228.6;0 / 19;911522;2018-11-09 17:52:49:571
-0.689;-1.091;9.768;38.0;0.0;40.84;48.15361;11.53655;460.0;NaN;15.9;6.4;228.6;0 / 19;911622;2018-11-09 17:52:49:671
-0.622;-1.13;9.787;33.0;0.0;42.48;48.15361;11.53655;460.0;NaN;15.9;6.4;228.6;0 / 19;911722;2018-11-09 17:52:49:771
-0.718;-1.072;9.826;36.0;0.0;42.48;48.15361;11.53655;460.0;NaN;15.9;6.4;228.6;0 / 19;911822;2018-11-09 17:52:49:871
-0.794;-1.063;9.739;40.0;0.0;42.48;48.15361;11.53655;460.0;NaN;15.9;6.4;228.6;0 / 19;911921;2018-11-09 17:52:49:970
-0.679;-1.13;9.816;40.0;0.0;43.24;48.15361;11.53655;460.0;NaN;15.9;6.4;228.6;0 / 19;912022;2018-11-09 17:52:50:071
-0.794;-1.149;9.883;24.0;0.0;43.24;48.15361;11.53655;460.0;NaN;15.9;6.4;228.6;0 / 19;912122;2018-11-09 17:52:50:171
-0.708;-1.024;9.739;44.0;0.0;43.24;48.15361;11.53655;460.0;NaN;15.9;6.4;228.6;0 / 19;912222;2018-11-09 17:52:50:271
-0.756;-1.11;9.807;20.0;0.0;43.25;48.15361;11.53655;460.0;NaN;15.9;6.4;228.6;0 / 19;912321;2018-11-09 17:52:50:370
-0.766;-1.072;9.73;9.0;0.0;43.25;48.15361;11.53655;460.0;NaN;15.9;6.4;228.6;0 / 19;912421;2018-11-09 17:52:50:470
-0.842;-1.101;9.883;37.0;0.0;43.25;48.15361;11.53655;460.0;NaN;15.9;6.4;228.6;0 / 19;912522;2018-11-09 17:52:50:571
-0.804;-1.11;9.644;40.0;0.0;43.25;48.15361;11.53655;460.0;NaN;15.9;6.4;228.6;0 / 19;912622;2018-11-09 17:52:50:671
-0.708;-1.168;9.912;418.0;0.0;42.06;48.15361;11.53655;460.0;NaN;15.9;6.4;228.6;0 / 19;912722;2018-11-09 17:52:50:771
-0.756;-1.12;9.739;809.0;1.0;42.06;48.15361;11.53655;460.0;NaN;15.9;6.4;228.6;0 / 19;912822;2018-11-09 17:52:50:871
-0.756;-1.177;9.95;821.0;1.0;42.06;48.15361;11.53655;460.0;NaN;15.9;6.4;228.6;0 / 19;912922;2018-11-09 17:52:50:971
-0.718;-1.206;9.749;807.0;1.0;44.54;48.15361;11.53655;460.0;NaN;15.9;6.4;228.6;0 / 19;913022;2018-11-09 17:52:51:071
-0.737;-1.043;9.73;600.0;1.0;44.54;48.15361;11.53655;460.0;NaN;15.9;6.4;228.6;0 / 19;913122;2018-11-09 17:52:51:171
-0.727;-1.225;9.749;271.0;0.0;44.54;48.15361;11.53655;460.0;NaN;15.9;6.4;228.6;0 / 19;913222;2018-11-09 17:52:51:271
-0.737;-1.177;9.807;62.0;0.0;41.45;48.15361;11.53655;460.0;NaN;15.9;6.4;228.6;0 / 19;913322;2018-11-09 17:52:51:371
-0.718;-1.158;9.845;33.0;0.0;41.45;48.15361;11.53655;460.0;NaN;15.9;6.4;228.6;0 / 19;913422;2018-11-09 17:52:51:471
-0.718;-1.158;9.807;39.0;0.0;41.45;48.15361;11.53655;460.0;NaN;15.9;6.4;228.6;0 / 19;913522;2018-11-09 17:52:51:571
-0.756;-1.168;9.73;40.0;0.0;42.11;48.15361;11.53655;460.0;NaN;15.9;6.4;228.6;0 / 19;913621;2018-11-09 17:52:51:670
-0.785;-1.187;9.787;51.0;0.0;42.11;48.15361;11.53655;460.0;NaN;15.9;6.4;228.6;0 / 19;913721;2018-11-09 17:52:51:770
-0.766;-1.101;9.797;47.0;0.0;42.11;48.15361;11.53655;460.0;NaN;15.9;6.4;228.6;0 / 19;913821;2018-11-09 17:52:51:870
-0.756;-1.149;9.739;31.0;0.0;43.74;48.15361;11.53655;460.0;NaN;15.9;6.4;228.6;0 / 19;913922;2018-11-09 17:52:51:971
-0.766;-1.13;9.797;40.0;0.0;43.74;48.15361;11.53655;460.0;NaN;15.9;6.4;228.6;0 / 19;914022;2018-11-09 17:52:52:071
-0.804;-1.11;9.807;43.0;0.0;43.74;48.15361;11.53655;460.0;NaN;15.9;6.4;228.6;0 / 19;914122;2018-11-09 17:52:52:171
-0.794;-1.12;9.864;39.0;0.0;43.48;48.15361;11.53655;460.0;NaN;15.9;6.4;228.6;0 / 19;914222;2018-11-09 17:52:52:271
-0.775;-1.206;9.72;34.0;0.0;43.48;48.15361;11.53655;460.0;NaN;15.9;6.4;228.6;0 / 19;914322;2018-11-09 17:52:52:371
-0.708;-1.139;9.826;50.0;0.0;43.48;48.15361;11.53655;460.0;NaN;15.9;6.4;228.6;0 / 19;914422;2018-11-09 17:52:52:471
-0.747;-1.168;9.816;55.0;0.0;42.86;48.15361;11.53655;460.0;NaN;15.9;6.4;228.6;0 / 19;914522;2018-11-09 17:52:52:571
-0.775;-1.216;9.902;58.0;0.0;42.86;48.15361;11.53655;460.0;NaN;15.9;6.4;228.6;0 / 19;914622;2018-11-09 17:52:52:671
-0.708;-1.072;9.692;113.0;0.0;42.86;48.15361;11.53655;460.0;NaN;15.9;6.4;228.6;0 / 19;914722;2018-11-09 17:52:52:771
-0.612;-1.072;9.759;324.0;1.0;43.86;48.15361;11.53655;460.0;NaN;15.9;6.4;228.6;0 / 19;914822;2018-11-09 17:52:52:871
-0.517;-1.216;10.113;567.0;1.0;43.86;48.15361;11.53655;460.0;NaN;15.9;6.4;228.6;0 / 19;914922;2018-11-09 17:52:52:971
-0.976;-0.287;8.858;749.0;1.0;43.86;48.15361;11.53655;460.0;NaN;15.9;6.4;228.6;0 / 19;915021;2018-11-09 17:52:53:070
-1.024;0.43;8.351;724.0;1.0;43.13;48.15361;11.53655;460.0;NaN;15.9;6.4;228.6;0 / 19;915121;2018-11-09 17:52:53:170
-0.785;-0.277;11.08;699.0;1.0;43.13;48.15361;11.53655;460.0;NaN;15.9;6.4;228.6;0 / 19;915222;2018-11-09 17:52:53:271
-0.919;-0.277;9.663;799.0;1.0;43.13;48.15361;11.53655;460.0;NaN;15.9;6.4;228.6;0 / 19;915322;2018-11-09 17:52:53:371
-0.909;-0.134;9.692;805.0;1.0;43.24;48.15361;11.53655;460.0;NaN;15.9;6.4;228.6;0 / 19;915422;2018-11-09 17:52:53:471
-0.986;-0.057;9.73;810.0;1.0;43.24;48.15361;11.53655;460.0;NaN;15.9;6.4;228.6;0 / 19;915522;2018-11-09 17:52:53:571
-0.948;-0.191;9.998;809.0;1.0;43.24;48.15361;11.53655;460.0;NaN;15.9;6.4;228.6;0 / 19;915622;2018-11-09 17:52:53:671
-1.158;-0.105;9.73;793.0;1.0;43.13;48.15361;11.53655;460.0;NaN;15.9;6.4;228.6;0 / 19;915722;2018-11-09 17:52:53:771
-0.967;-0.201;9.759;803.0;1.0;43.13;48.15361;11.53655;460.0;NaN;15.9;6.4;228.6;0 / 19;915822;2018-11-09 17:52:53:871
-1.053;-0.268;9.854;790.0;1.0;43.13;48.15361;11.53655;460.0;NaN;15.9;6.4;228.6;0 / 19;915922;2018-11-09 17:52:53:971
-1.101;-0.21;9.711;786.0;1.0;44.02;48.15361;11.53655;460.0;NaN;15.9;6.4;228.6;0 / 19;916022;2018-11-09 17:52:54:071
-1.015;-0.249;9.921;787.0;1.0;44.02;48.15361;11.53655;460.0;NaN;15.9;6.4;228.6;0 / 19;916121;2018-11-09 17:52:54:170
-0.996;-0.086;9.701;799.0;1.0;44.02;48.15361;11.53655;460.0;NaN;15.9;6.4;228.6;0 / 19;916222;2018-11-09 17:52:54:271
-1.072;-0.095;9.778;796.0;1.0;43.43;48.15361;11.53655;460.0;NaN;15.9;6.4;228.6;0 / 19;916321;2018-11-09 17:52:54:370
-0.976;-0.229;9.941;792.0;1.0;43.43;48.15361;11.53655;460.0;NaN;15.9;6.4;228.6;0 / 19;916422;2018-11-09 17:52:54:471
-1.043;-0.143;9.902;790.0;1.0;43.43;48.15361;11.53655;460.0;NaN;15.9;6.4;228.6;0 / 19;916522;2018-11-09 17:52:54:571
-0.909;-0.191;9.883;780.0;1.0;42.3;48.15361;11.53655;460.0;NaN;15.9;6.4;228.6;0 / 19;916622;2018-11-09 17:52:54:671
-1.072;-0.095;9.826;791.0;1.0;42.3;48.15361;11.53655;460.0;NaN;15.9;6.4;228.6;0 / 19;916722;2018-11-09 17:52:54:771
-0.986;-0.191;9.826;796.0;1.0;42.3;48.15361;11.53655;460.0;NaN;15.9;6.4;228.6;0 / 19;916822;2018-11-09 17:52:54:871
-1.082;-0.067;9.73;792.0;1.0;43.37;48.15361;11.53655;460.0;NaN;15.9;6.4;228.6;0 / 19;916922;2018-11-09 17:52:54:971
-0.861;-0.181;9.893;798.0;1.0;43.37;48.15361;11.53655;460.0;NaN;15.9;6.4;228.6;0 / 19;917021;2018-11-09 17:52:55:070
-1.015;0.019;9.797;790.0;1.0;43.37;48.15361;11.53655;460.0;NaN;15.9;6.4;228.6;0 / 19;917121;2018-11-09 17:52:55:170
-0.957;-0.047;9.759;791.0;1.0;45.91;48.15361;11.53655;460.0;NaN;15.9;6.4;228.6;0 / 19;917221;2018-11-09 17:52:55:270
-0.948;-0.057;9.874;779.0;1.0;45.91;48.15361;11.53655;460.0;NaN;15.9;6.4;228.6;0 / 19;917321;2018-11-09 17:52:55:370
-0.996;-0.019;9.845;782.0;1.0;45.91;48.15361;11.53655;460.0;NaN;15.9;6.4;228.6;0 / 19;917421;2018-11-09 17:52:55:470
-1.005;-0.028;9.778;794.0;1.0;43.45;48.15361;11.53655;460.0;NaN;15.9;6.4;228.6;0 / 19;917521;2018-11-09 17:52:55:570
-1.005;-0.105;9.96;794.0;1.0;43.45;48.15361;11.53655;460.0;NaN;15.9;6.4;228.6;0 / 19;917621;2018-11-09 17:52:55:670
-0.976;-0.047;9.835;796.0;1.0;43.45;48.15361;11.53655;460.0;NaN;15.9;6.4;228.6;0 / 19;917721;2018-11-09 17:52:55:770
-1.082;-0.095;9.845;806.0;1.0;43.06;48.15361;11.53655;460.0;NaN;15.9;6.4;228.6;0 / 19;917821;2018-11-09 17:52:55:870
-0.986;-0.038;9.893;780.0;1.0;43.06;48.15361;11.53655;460.0;NaN;15.9;6.4;228.6;0 / 19;917921;2018-11-09 17:52:55:970
-1.015;-0.067;9.826;804.0;1.0;43.06;48.15361;11.53655;460.0;NaN;15.9;6.4;228.6;0 / 19;918021;2018-11-09 17:52:56:070
-0.976;0.095;9.519;795.0;1.0;45.7;48.15361;11.53655;460.0;NaN;15.9;6.4;228.6;0 / 19;918121;2018-11-09 17:52:56:170
-1.005;-0.076;10.113;793.0;1.0;45.7;48.15361;11.53655;460.0;NaN;15.9;6.4;228.6;0 / 19;918221;2018-11-09 17:52:56:270
-1.024;-0.009;9.701;791.0;1.0;45.7;48.15361;11.53655;460.0;NaN;15.9;6.4;228.6;0 / 19;918321;2018-11-09 17:52:56:370
-0.976;0.0;9.778;799.0;1.0;43.29;48.15361;11.53655;460.0;NaN;15.9;6.4;228.6;0 / 19;918422;2018-11-09 17:52:56:471
-1.072;0.047;9.883;802.0;1.0;43.29;48.15361;11.53655;460.0;NaN;15.9;6.4;228.6;0 / 19;918521;2018-11-09 17:52:56:570
-1.024;-0.086;9.73;790.0;1.0;43.29;48.15361;11.53655;460.0;NaN;15.9;6.4;228.6;0 / 19;918621;2018-11-09 17:52:56:670
-1.034;-0.019;9.778;780.0;1.0;43.78;48.15361;11.53655;460.0;NaN;15.9;6.4;228.6;0 / 19;918721;2018-11-09 17:52:56:770
-1.034;0.057;9.749;790.0;1.0;43.78;48.15361;11.53655;460.0;NaN;15.9;6.4;228.6;0 / 19;918821;2018-11-09 17:52:56:870
-1.082;-0.019;9.902;793.0;1.0;43.78;48.15361;11.53655;460.0;NaN;15.9;6.4;228.6;0 / 19;918921;2018-11-09 17:52:56:970
-1.082;0.105;9.605;779.0;1.0;43.28;48.15361;11.53655;460.0;NaN;15.9;6.4;228.6;0 / 19;919022;2018-11-09 17:52:57:071
-1.072;-0.047;9.883;784.0;1.0;43.28;48.15361;11.53655;460.0;NaN;15.9;6.4;228.6;0 / 19;919122;2018-11-09 17:52:57:171
-1.072;-0.076;9.759;776.0;1.0;43.28;48.15361;11.53655;460.0;NaN;15.9;6.4;228.6;0 / 19;919222;2018-11-09 17:52:57:271
-1.091;-0.019;9.778;780.0;1.0;43.34;48.15361;11.53655;460.0;NaN;15.9;6.4;228.6;0 / 19;919322;2018-11-09 17:52:57:371
-1.024;-0.057;9.883;794.0;1.0;43.34;48.15361;11.53655;460.0;NaN;15.9;6.4;228.6;0 / 19;919422;2018-11-09 17:52:57:471
-1.005;0.028;9.72;796.0;1.0;43.34;48.15361;11.53655;460.0;NaN;15.9;6.4;228.6;0 / 19;919522;2018-11-09 17:52:57:571
-1.005;0.057;9.701;769.0;1.0;42.6;48.15361;11.53655;460.0;NaN;15.9;6.4;228.6;0 / 19;919622;2018-11-09 17:52:57:671
-1.072;0.0;9.797;799.0;1.0;42.6;48.15361;11.53655;460.0;NaN;15.9;6.4;228.6;0 / 19;919722;2018-11-09 17:52:57:771
-1.053;0.009;9.787;788.0;1.0;42.6;48.15361;11.53655;460.0;NaN;15.9;6.4;228.6;0 / 19;919822;2018-11-09 17:52:57:871
-1.053;0.047;9.797;776.0;1.0;42.62;48.15361;11.53655;460.0;NaN;15.9;6.4;228.6;0 / 19;919921;2018-11-09 17:52:57:970
-1.024;0.019;9.864;787.0;1.0;42.62;48.15361;11.53655;460.0;NaN;15.9;6.4;228.6;0 / 19;920021;2018-11-09 17:52:58:070
-1.034;0.038;9.807;770.0;1.0;42.62;48.15361;11.53655;460.0;NaN;15.9;6.4;228.6;0 / 19;920121;2018-11-09 17:52:58:170
-1.101;0.057;9.653;786.0;1.0;43.77;48.15361;11.53655;460.0;NaN;15.9;6.4;228.6;0 / 19;920221;2018-11-09 17:52:58:270
-1.043;0.047;9.778;778.0;1.0;43.77;48.15361;11.53655;460.0;NaN;15.9;6.4;228.6;0 / 19;920322;2018-11-09 17:52:58:371
-1.053;0.105;9.701;779.0;1.0;43.77;48.15361;11.53655;460.0;NaN;15.9;6.4;228.6;0 / 19;920422;2018-11-09 17:52:58:471
-1.091;0.019;9.807;771.0;1.0;42.68;48.15361;11.53655;460.0;NaN;15.9;6.4;228.6;0 / 19;920522;2018-11-09 17:52:58:571
-0.986;0.047;9.768;774.0;1.0;42.68;48.15361;11.53655;460.0;NaN;15.9;6.4;228.6;0 / 19;920622;2018-11-09 17:52:58:671
-1.005;0.067;9.778;783.0;1.0;42.68;48.15361;11.53655;460.0;NaN;15.9;6.4;228.6;0 / 19;920721;2018-11-09 17:52:58:770
-1.005;0.172;9.672;786.0;1.0;43.3;48.15361;11.53655;460.0;NaN;15.9;6.4;228.6;0 / 19;920822;2018-11-09 17:52:58:871
-1.005;0.009;9.854;793.0;1.0;43.3;48.15361;11.53655;460.0;NaN;15.9;6.4;228.6;0 / 19;920922;2018-11-09 17:52:58:971
-1.024;0.114;9.711;779.0;1.0;43.3;48.15361;11.53655;460.0;NaN;15.9;6.4;228.6;0 / 19;921021;2018-11-09 17:52:59:070
-0.986;0.028;9.941;782.0;1.0;40.66;48.15361;11.53655;460.0;NaN;15.9;6.4;228.6;0 / 19;921121;2018-11-09 17:52:59:170
-0.996;0.114;9.663;771.0;1.0;40.66;48.15361;11.53655;460.0;NaN;15.9;6.4;228.6;0 / 19;921221;2018-11-09 17:52:59:270
-1.101;0.114;9.72;766.0;1.0;40.66;48.15361;11.53655;460.0;NaN;15.9;6.4;228.6;0 / 19;921322;2018-11-09 17:52:59:371
-0.986;0.047;9.893;759.0;1.0;41.38;48.15361;11.53655;460.0;NaN;15.9;6.4;228.6;0 / 19;921422;2018-11-09 17:52:59:471
-1.034;0.153;9.739;780.0;1.0;41.38;48.15361;11.53655;460.0;NaN;15.9;6.4;228.6;0 / 19;921522;2018-11-09 17:52:59:571
-1.043;0.114;9.807;777.0;1.0;41.38;48.15361;11.53655;460.0;NaN;15.9;6.4;228.6;0 / 19;921622;2018-11-09 17:52:59:671
-1.053;0.105;9.883;778.0;1.0;42.17;48.15361;11.53655;460.0;NaN;15.9;6.4;228.6;0 / 19;921722;2018-11-09 17:52:59:771
-0.996;0.181;9.634;774.0;1.0;42.17;48.15361;11.53655;460.0;NaN;15.9;6.4;228.6;0 / 19;921824;2018-11-09 17:52:59:873
-1.043;0.095;9.778;764.0;1.0;42.17;48.15361;11.53655;460.0;NaN;15.9;6.4;228.6;0 / 19;921921;2018-11-09 17:52:59:970
-1.091;0.143;9.902;766.0;1.0;42.1;48.15361;11.53655;460.0;NaN;15.9;6.4;228.6;0 / 19;922022;2018-11-09 17:53:00:071
-1.101;0.124;9.692;769.0;1.0;42.1;48.15361;11.53655;460.0;NaN;15.9;6.4;228.6;0 / 19;922122;2018-11-09 17:53:00:171
-1.034;0.162;9.807;781.0;1.0;42.1;48.15361;11.53655;460.0;NaN;15.9;6.4;228.6;0 / 19;922222;2018-11-09 17:53:00:271
-1.034;0.153;9.672;768.0;1.0;42.24;48.15361;11.53655;460.0;NaN;15.9;6.4;228.6;0 / 19;922321;2018-11-09 17:53:00:370
-1.043;0.067;9.883;765.0;1.0;42.24;48.15361;11.53655;460.0;NaN;15.9;6.4;228.6;0 / 19;922421;2018-11-09 17:53:00:470
-1.091;0.143;9.778;760.0;1.0;42.24;48.15361;11.53655;460.0;NaN;15.9;6.4;228.6;0 / 19;922522;2018-11-09 17:53:00:571
-1.005;0.105;9.95;1016.0;1.0;44.75;48.15361;11.53655;460.0;NaN;15.9;6.4;228.6;0 / 19;922622;2018-11-09 17:53:00:671
-1.063;0.114;9.787;782.0;1.0;44.75;48.15361;11.53655;460.0;NaN;15.9;6.4;228.6;0 / 19;922721;2018-11-09 17:53:00:770
-0.976;0.143;9.768;778.0;1.0;44.75;48.15361;11.53655;460.0;NaN;15.9;6.4;228.6;0 / 19;922821;2018-11-09 17:53:00:870
-0.986;0.239;9.807;770.0;1.0;42.85;48.15361;11.53655;460.0;NaN;15.9;6.4;228.6;0 / 19;922922;2018-11-09 17:53:00:971
-1.043;0.22;9.797;765.0;1.0;42.85;48.15361;11.53655;460.0;NaN;15.9;6.4;228.6;0 / 19;923022;2018-11-09 17:53:01:071
-0.948;0.172;9.797;772.0;1.0;42.85;48.15361;11.53655;460.0;NaN;15.9;6.4;228.6;0 / 19;923122;2018-11-09 17:53:01:171
-1.005;0.22;9.711;768.0;1.0;42.51;48.15361;11.53655;460.0;NaN;15.9;6.4;228.6;0 / 19;923222;2018-11-09 17:53:01:271
-1.043;0.181;9.835;785.0;1.0;42.51;48.15361;11.53655;460.0;NaN;15.9;6.4;228.6;0 / 19;923321;2018-11-09 17:53:01:370
-0.996;0.201;9.768;775.0;1.0;42.51;48.15361;11.53655;460.0;NaN;15.9;6.4;228.6;0 / 19;923421;2018-11-09 17:53:01:470
-1.015;0.172;9.797;768.0;1.0;43.97;48.15361;11.53655;460.0;NaN;15.9;6.4;228.6;0 / 19;923522;2018-11-09 17:53:01:571
-1.005;0.229;9.787;760.0;1.0;43.97;48.15361;11.53655;460.0;NaN;15.9;6.4;228.6;0 / 19;923622;2018-11-09 17:53:01:671
-1.005;0.268;9.739;790.0;1.0;43.97;48.15361;11.53655;460.0;NaN;15.9;6.4;228.6;0 / 19;923721;2018-11-09 17:53:01:770
-0.996;0.181;9.883;772.0;1.0;44.62;48.15361;11.53655;460.0;NaN;15.9;6.4;228.6;0 / 19;923821;2018-11-09 17:53:01:870
-1.053;0.21;9.826;770.0;1.0;44.62;48.15361;11.53655;460.0;NaN;15.9;6.4;228.6;0 / 19;923921;2018-11-09 17:53:01:970
-1.082;0.268;9.663;774.0;1.0;44.62;48.15361;11.53655;460.0;NaN;15.9;6.4;228.6;0 / 19;924021;2018-11-09 17:53:02:070
-1.034;0.249;9.931;769.0;1.0;43.42;48.15361;11.53655;460.0;NaN;15.9;6.4;228.6;0 / 19;924122;2018-11-09 17:53:02:171
-1.015;0.229;9.778;776.0;1.0;43.42;48.15361;11.53655;460.0;NaN;15.9;6.4;228.6;0 / 19;924222;2018-11-09 17:53:02:271
-1.024;0.229;9.864;780.0;1.0;43.42;48.15361;11.53655;460.0;NaN;15.9;6.4;228.6;0 / 19;924321;2018-11-09 17:53:02:370
-0.986;0.239;9.854;762.0;1.0;46.13;48.15361;11.53655;460.0;NaN;15.9;6.4;228.6;0 / 19;924422;2018-11-09 17:53:02:471
-1.034;0.335;9.749;673.0;1.0;46.13;48.15361;11.53655;460.0;NaN;15.9;6.4;228.6;0 / 19;924521;2018-11-09 17:53:02:570
-1.015;0.229;9.854;416.0;1.0;46.13;48.15361;11.53655;460.0;NaN;15.9;6.4;228.6;0 / 19;924621;2018-11-09 17:53:02:670
-0.986;0.335;9.644;350.0;1.0;48.09;48.15361;11.53655;460.0;NaN;15.9;6.4;228.6;0 / 19;924721;2018-11-09 17:53:02:770
-1.187;0.699;8.887;93.0;1.0;48.09;48.15361;11.53655;460.0;NaN;15.9;6.4;228.6;0 / 19;924821;2018-11-09 17:53:02:870
-0.775;-0.249;11.214;51.0;0.0;48.09;48.15361;11.53655;460.0;NaN;15.9;6.4;228.6;0 / 19;924921;2018-11-09 17:53:02:970
-1.302;0.296;9.615;47.0;0.0;49.97;48.15361;11.53655;460.0;NaN;15.9;6.4;228.6;0 / 19;925022;2018-11-09 17:53:03:071
-0.718;-0.287;10.649;60.0;0.0;49.97;48.15361;11.53655;460.0;NaN;15.9;6.4;228.6;0 / 19;925122;2018-11-09 17:53:03:171
-0.651;-0.383;9.845;53.0;0.0;49.97;48.15361;11.53655;460.0;NaN;15.9;6.4;228.6;0 / 19;925222;2018-11-09 17:53:03:271
-0.89;-0.325;9.663;36.0;0.0;43.48;48.15361;11.53655;460.0;NaN;15.9;6.4;228.6;0 / 19;925322;2018-11-09 17:53:03:371
-0.814;-0.373;9.902;39.0;0.0;43.48;48.15361;11.53655;460.0;NaN;15.9;6.4;228.6;0 / 19;925422;2018-11-09 17:53:03:471
-0.861;-0.363;9.807;32.0;0.0;43.48;48.15361;11.53655;460.0;NaN;15.9;6.4;228.6;0 / 19;925522;2018-11-09 17:53:03:571
-0.814;-0.383;9.826;33.0;0.0;52.9;48.15361;11.53655;460.0;NaN;15.9;6.4;228.6;0 / 19;925622;2018-11-09 17:53:03:671
-0.804;-0.488;9.778;41.0;0.0;52.9;48.15361;11.53655;460.0;NaN;15.9;6.4;228.6;0 / 19;925722;2018-11-09 17:53:03:771
-0.814;-0.478;9.902;36.0;0.0;52.9;48.15361;11.53655;460.0;NaN;15.9;6.4;228.6;0 / 19;925822;2018-11-09 17:53:03:871
-0.909;-0.584;10.266;38.0;0.0;42.28;48.15361;11.53655;460.0;NaN;15.9;6.4;228.6;0 / 19;925922;2018-11-09 17:53:03:971
-0.9;-0.545;10.314;54.0;0.0;42.28;48.15361;11.53655;460.0;NaN;15.9;6.4;228.6;0 / 19;926022;2018-11-09 17:53:04:071
-0.794;-0.373;9.845;81.0;0.0;42.28;48.15361;11.53655;460.0;NaN;15.9;6.4;228.6;0 / 19;926121;2018-11-09 17:53:04:170
-0.861;-0.239;9.797;74.0;0.0;43.25;48.15361;11.53655;460.0;NaN;15.9;6.4;228.6;0 / 19;926221;2018-11-09 17:53:04:270
-0.967;-0.316;9.797;62.0;0.0;43.25;48.15361;11.53655;460.0;NaN;15.9;6.4;228.6;0 / 19;926321;2018-11-09 17:53:04:370
-1.072;-0.306;9.634;73.0;0.0;43.25;48.15361;11.53655;460.0;NaN;15.9;6.4;228.6;0 / 19;926422;2018-11-09 17:53:04:471
-0.823;-0.105;9.548;75.0;0.0;43.25;48.15361;11.53655;460.0;NaN;15.9;6.4;228.6;0 / 19;926522;2018-11-09 17:53:04:571
-0.938;-0.258;9.921;59.0;0.0;45.03;48.15361;11.53655;460.0;NaN;15.9;6.4;228.6;0 / 19;926621;2018-11-09 17:53:04:670
-0.881;-0.344;9.797;60.0;0.0;45.03;48.15361;11.53655;460.0;NaN;15.9;6.4;228.6;0 / 19;926722;2018-11-09 17:53:04:771
-0.919;-0.699;10.094;60.0;0.0;45.03;48.15361;11.53655;460.0;NaN;15.9;6.4;228.6;0 / 19;926821;2018-11-09 17:53:04:870
-0.957;-0.871;9.874;43.0;0.0;43.5;48.15361;11.53655;460.0;NaN;15.9;6.4;228.6;0 / 19;926921;2018-11-09 17:53:04:970
-0.928;-0.641;9.711;76.0;0.0;43.5;48.15361;11.53655;460.0;NaN;15.9;6.4;228.6;0 / 19;927021;2018-11-09 17:53:05:070
-0.996;-0.679;9.854;74.0;0.0;43.5;48.15361;11.53655;460.0;NaN;15.9;6.4;228.6;0 / 19;927121;2018-11-09 17:53:05:170
-1.005;-0.679;9.778;67.0;0.0;43.89;48.15361;11.53655;460.0;NaN;15.9;6.4;228.6;0 / 19;927222;2018-11-09 17:53:05:271
-1.053;-0.775;9.893;63.0;0.0;43.89;48.15361;11.53655;460.0;NaN;15.9;6.4;228.6;0 / 19;927322;2018-11-09 17:53:05:371
-0.89;-0.641;9.73;52.0;0.0;43.89;48.15361;11.53655;460.0;NaN;15.9;6.4;228.6;0 / 19;927421;2018-11-09 17:53:05:470
-1.024;-0.679;9.807;56.0;0.0;43.83;48.15361;11.53655;460.0;NaN;15.9;6.4;228.6;0 / 19;927522;2018-11-09 17:53:05:571
-1.225;-0.833;9.816;54.0;0.0;43.83;48.15361;11.53655;460.0;NaN;15.9;6.4;228.6;0 / 19;927622;2018-11-09 17:53:05:671
-1.139;-0.9;9.912;54.0;0.0;43.83;48.15361;11.53655;460.0;NaN;15.9;6.4;228.6;0 / 19;927721;2018-11-09 17:53:05:770
-1.149;-0.794;9.72;49.0;0.0;44.64;48.15361;11.53655;460.0;NaN;15.9;6.4;228.6;0 / 19;927821;2018-11-09 17:53:05:870
-1.388;-0.689;9.682;37.0;0.0;44.64;48.15361;11.53655;460.0;NaN;15.9;6.4;228.6;0 / 19;927922;2018-11-09 17:53:05:971
-1.158;-0.9;10.352;54.0;0.0;44.64;48.15361;11.53655;460.0;NaN;15.9;6.4;228.6;0 / 19;928022;2018-11-09 17:53:06:071
-1.187;0.009;9.002;84.0;1.0;48.95;48.15361;11.53655;460.0;NaN;15.9;6.4;228.6;0 / 19;928122;2018-11-09 17:53:06:171
-1.254;0.43;8.696;330.0;1.0;48.95;48.15361;11.53655;460.0;NaN;15.9;6.4;228.6;0 / 19;928222;2018-11-09 17:53:06:271
-1.953;-0.268;9.941;330.0;1.0;48.95;48.15361;11.53655;460.0;NaN;15.9;6.4;228.6;0 / 19;928322;2018-11-09 17:53:06:371
-1.273;0.028;9.433;737.0;1.0;43.27;48.15361;11.53655;460.0;NaN;15.9;6.4;228.6;0 / 19;928422;2018-11-09 17:53:06:471
-0.718;0.373;9.203;775.0;1.0;43.27;48.15361;11.53655;460.0;NaN;15.9;6.4;228.6;0 / 19;928522;2018-11-09 17:53:06:571
-1.034;0.469;9.941;775.0;1.0;43.27;48.15361;11.53655;460.0;NaN;15.9;6.4;228.6;0 / 19;928621;2018-11-09 17:53:06:670
-1.053;0.325;9.921;802.0;1.0;42.11;48.15361;11.53655;460.0;NaN;15.9;6.4;228.6;0 / 19;928722;2018-11-09 17:53:06:771
-0.89;0.411;9.826;787.0;1.0;42.11;48.15361;11.53655;460.0;NaN;15.9;6.4;228.6;0 / 19;928822;2018-11-09 17:53:06:871
-0.996;0.517;9.778;789.0;1.0;42.11;48.15361;11.53655;460.0;NaN;15.9;6.4;228.6;0 / 19;928921;2018-11-09 17:53:06:970
-0.928;0.325;9.95;823.0;1.0;57.03;48.15361;11.53655;460.0;NaN;15.9;6.4;228.6;0 / 19;929021;2018-11-09 17:53:07:070
-0.861;0.488;9.749;817.0;1.0;57.03;48.15361;11.53655;460.0;NaN;15.9;6.4;228.6;0 / 19;929122;2018-11-09 17:53:07:171
-0.909;0.43;9.72;831.0;1.0;57.03;48.15361;11.53655;460.0;NaN;15.9;6.4;228.6;0 / 19;929222;2018-11-09 17:53:07:271
-0.842;0.507;9.807;851.0;1.0;44.44;48.15361;11.53655;460.0;NaN;15.9;6.4;228.6;0 / 19;929322;2018-11-09 17:53:07:371
-0.938;0.306;9.807;841.0;1.0;44.44;48.15361;11.53655;460.0;NaN;15.9;6.4;228.6;0 / 19;929422;2018-11-09 17:53:07:471
-0.814;0.469;9.644;858.0;1.0;44.44;48.15361;11.53655;460.0;NaN;15.9;6.4;228.6;0 / 19;929522;2018-11-09 17:53:07:571
-0.871;0.526;9.95;854.0;1.0;40.16;48.15361;11.53655;460.0;NaN;15.9;6.4;228.6;0 / 19;929622;2018-11-09 17:53:07:671
-0.938;0.306;10.036;858.0;1.0;40.16;48.15361;11.53655;460.0;NaN;15.9;6.4;228.6;0 / 19;929723;2018-11-09 17:53:07:772
-0.871;0.43;9.768;858.0;1.0;40.16;48.15361;11.53655;460.0;NaN;15.9;6.4;228.6;0 / 19;929822;2018-11-09 17:53:07:871
-0.928;0.565;9.854;864.0;1.0;40.53;48.15361;11.53655;460.0;NaN;15.9;6.4;228.6;0 / 19;929922;2018-11-09 17:53:07:971
-0.794;0.517;9.682;798.0;1.0;40.53;48.15361;11.53655;460.0;NaN;15.9;6.4;228.6;0 / 19;930022;2018-11-09 17:53:08:071
-0.737;0.584;9.864;278.0;1.0;40.53;48.15361;11.53655;460.0;NaN;15.9;6.4;228.6;0 / 19;930122;2018-11-09 17:53:08:171
-0.775;0.632;9.73;316.0;1.0;39.56;48.15315;11.53402;564.7;NaN;;20.88;;0 / 19;930221;2018-11-09 17:53:08:270
-0.9;1.283;8.15;158.0;1.0;39.56;48.15315;11.53402;564.7;NaN;;20.88;;0 / 19;930322;2018-11-09 17:53:08:371
-0.296;-0.996;11.004;108.0;1.0;39.56;48.15315;11.53402;564.7;NaN;;20.88;;0 / 19;930425;2018-11-09 17:53:08:474
-0.785;-0.306;10.563;294.0;1.0;40.53;48.15315;11.53402;564.7;NaN;;20.88;;0 / 19;930522;2018-11-09 17:53:08:571
-0.9;-0.593;10.994;256.0;1.0;40.53;48.15315;11.53402;564.7;NaN;;20.88;;0 / 19;930621;2018-11-09 17:53:08:670
-0.861;-0.622;10.841;280.0;1.0;40.53;48.15315;11.53402;564.7;NaN;;20.88;;0 / 19;930722;2018-11-09 17:53:08:771
-1.034;-0.651;9.816;267.0;1.0;40.31;48.15315;11.53402;564.7;NaN;;20.88;;0 / 19;930822;2018-11-09 17:53:08:871
-0.996;-0.66;9.941;220.0;0.0;40.31;48.15315;11.53402;564.7;NaN;;20.88;;0 / 19;930922;2018-11-09 17:53:08:971
-0.976;-0.708;9.72;146.0;0.0;40.31;48.15315;11.53402;564.7;NaN;;20.88;;0 / 19;931022;2018-11-09 17:53:09:071
-0.919;-0.574;9.749;145.0;0.0;39.84;48.15315;11.53402;564.7;NaN;;20.88;;0 / 19;931122;2018-11-09 17:53:09:171
-0.9;-0.555;9.797;89.0;0.0;39.84;48.15315;11.53402;564.7;NaN;;20.88;;0 / 19;931222;2018-11-09 17:53:09:271
-0.909;-0.574;9.969;53.0;0.0;39.84;48.15315;11.53402;564.7;NaN;;20.88;;0 / 19;931321;2018-11-09 17:53:09:370
-0.842;-0.545;9.807;51.0;0.0;38.84;48.15315;11.53402;564.7;NaN;;20.88;;0 / 19;931421;2018-11-09 17:53:09:470
-0.996;-0.44;9.797;48.0;0.0;38.84;48.15315;11.53402;564.7;NaN;;20.88;;0 / 19;931522;2018-11-09 17:53:09:571
-0.89;-0.373;9.816;36.0;0.0;38.84;48.15315;11.53402;564.7;NaN;;20.88;;0 / 19;931622;2018-11-09 17:53:09:671
-1.043;-0.45;10.094;38.0;0.0;42.17;48.15315;11.53402;564.7;NaN;;20.88;;0 / 19;931722;2018-11-09 17:53:09:771
-0.919;-0.45;9.96;39.0;0.0;42.17;48.15315;11.53402;564.7;NaN;;20.88;;0 / 19;931822;2018-11-09 17:53:09:871
-0.909;-0.612;9.941;55.0;0.0;42.17;48.15315;11.53402;564.7;NaN;;20.88;;0 / 19;931921;2018-11-09 17:53:09:970
-0.986;-0.45;9.615;63.0;0.0;40.01;48.15315;11.53402;564.7;NaN;;20.88;;0 / 19;932021;2018-11-09 17:53:10:070
-0.871;-0.584;9.864;62.0;0.0;40.01;48.15315;11.53402;564.7;NaN;;20.88;;0 / 19;932121;2018-11-09 17:53:10:170
-1.034;-0.325;9.5;58.0;0.0;40.01;48.15315;11.53402;564.7;NaN;;20.88;;0 / 19;932221;2018-11-09 17:53:10:270
-0.919;-0.651;10.075;64.0;0.0;40.43;48.15315;11.53402;564.7;NaN;;20.88;;0 / 19;932322;2018-11-09 17:53:10:371
-0.938;-0.517;9.912;61.0;0.0;40.43;48.15315;11.53402;564.7;NaN;;20.88;;0 / 19;932422;2018-11-09 17:53:10:471
-0.986;-0.392;9.73;16.0;0.0;40.43;48.15315;11.53402;564.7;NaN;;20.88;;0 / 19;932521;2018-11-09 17:53:10:570
-0.881;-0.469;9.874;52.0;0.0;39.14;48.15315;11.53402;564.7;NaN;;20.88;;0 / 19;932622;2018-11-09 17:53:10:671
-0.909;-0.565;9.921;49.0;0.0;39.14;48.15315;11.53402;564.7;NaN;;20.88;;0 / 19;932721;2018-11-09 17:53:10:770
-0.9;-0.392;9.73;65.0;0.0;39.14;48.15315;11.53402;564.7;NaN;;20.88;;0 / 19;932821;2018-11-09 17:53:10:870
-0.919;-0.555;9.787;69.0;0.0;39.43;48.15315;11.53402;564.7;NaN;;20.88;;0 / 19;932922;2018-11-09 17:53:10:971
-0.909;-0.517;9.854;68.0;0.0;39.43;48.15315;11.53402;564.7;NaN;;20.88;;0 / 19;933022;2018-11-09 17:53:11:071
-0.89;-0.498;9.72;56.0;0.0;39.43;48.15315;11.53402;564.7;NaN;;20.88;;0 / 19;933122;2018-11-09 17:53:11:171
-0.928;-0.536;9.739;65.0;0.0;39.05;48.15315;11.53402;564.7;NaN;;20.88;;0 / 19;933222;2018-11-09 17:53:11:271
-0.909;-0.411;9.711;39.0;0.0;39.05;48.15315;11.53402;564.7;NaN;;20.88;;0 / 19;933322;2018-11-09 17:53:11:371
-0.938;-0.363;9.653;28.0;0.0;39.05;48.15315;11.53402;564.7;NaN;;20.88;;0 / 19;933422;2018-11-09 17:53:11:471
-0.804;-0.076;9.625;42.0;0.0;40.5;48.15315;11.53402;564.7;NaN;;20.88;;0 / 19;933522;2018-11-09 17:53:11:571
-0.909;-0.747;9.816;37.0;0.0;40.5;48.15315;11.53402;564.7;NaN;;20.88;;0 / 19;933622;2018-11-09 17:53:11:671
-0.919;-0.421;9.816;45.0;0.0;40.5;48.15315;11.53402;564.7;NaN;;20.88;;0 / 19;933722;2018-11-09 17:53:11:771
-0.967;-0.411;9.807;60.0;0.0;39.37;48.15315;11.53402;564.7;NaN;;20.88;;0 / 19;933822;2018-11-09 17:53:11:871
-0.823;-0.249;9.625;45.0;0.0;39.37;48.15315;11.53402;564.7;NaN;;20.88;;0 / 19;933921;2018-11-09 17:53:11:970
-0.928;-0.335;9.864;55.0;0.0;39.37;48.15315;11.53402;564.7;NaN;;20.88;;0 / 19;934021;2018-11-09 17:53:12:070
-0.871;-0.478;9.893;63.0;0.0;38.95;48.15315;11.53402;564.7;NaN;;20.88;;0 / 19;934121;2018-11-09 17:53:12:170
-0.89;-0.383;9.797;80.0;0.0;38.95;48.15315;11.53402;564.7;NaN;;20.88;;0 / 19;934222;2018-11-09 17:53:12:271
-0.919;-0.622;11.147;266.0;0.0;38.95;48.15315;11.53402;564.7;NaN;;20.88;;0 / 19;934321;2018-11-09 17:53:12:370
-0.852;-0.517;9.864;315.0;0.0;39.99;48.15315;11.53402;564.7;NaN;;20.88;;0 / 19;934421;2018-11-09 17:53:12:470
-0.871;-0.411;9.663;218.0;0.0;39.99;48.15315;11.53402;564.7;NaN;;20.88;;0 / 19;934522;2018-11-09 17:53:12:571
-0.948;-0.43;9.921;121.0;0.0;39.99;48.15315;11.53402;564.7;NaN;;20.88;;0 / 19;934621;2018-11-09 17:53:12:670
-0.919;-0.44;9.864;103.0;0.0;39.6;48.15315;11.53402;564.7;NaN;;20.88;;0 / 19;934722;2018-11-09 17:53:12:771
-0.967;-0.545;9.854;96.0;0.0;39.6;48.15315;11.53402;564.7;NaN;;20.88;;0 / 19;934822;2018-11-09 17:53:12:871
-0.938;-0.459;9.807;105.0;0.0;39.6;48.15315;11.53402;564.7;NaN;;20.88;;0 / 19;934922;2018-11-09 17:53:12:971
-0.89;-0.402;9.835;168.0;0.0;37.99;48.15315;11.53402;564.7;NaN;;20.88;;0 / 19;935021;2018-11-09 17:53:13:070
-0.881;-0.45;9.864;204.0;0.0;37.99;48.15315;11.53402;564.7;NaN;;20.88;;0 / 19;935122;2018-11-09 17:53:13:171
-0.9;-0.478;9.893;266.0;0.0;37.99;48.15315;11.53402;564.7;NaN;;20.88;;0 / 19;935221;2018-11-09 17:53:13:270
-0.833;-0.478;9.73;301.0;0.0;39.1;48.15315;11.53402;564.7;NaN;;20.88;;0 / 19;935321;2018-11-09 17:53:13:370
-0.9;-0.507;9.864;305.0;0.0;39.1;48.15315;11.53402;564.7;NaN;;20.88;;0 / 19;935422;2018-11-09 17:53:13:471
-0.9;-0.392;9.835;307.0;0.0;39.1;48.15315;11.53402;564.7;NaN;;20.88;;0 / 19;935522;2018-11-09 17:53:13:571
-0.938;-0.45;9.749;304.0;0.0;38.4;48.15315;11.53402;564.7;NaN;;20.88;;0 / 19;935622;2018-11-09 17:53:13:671
-0.919;-0.526;9.854;319.0;0.0;38.4;48.15315;11.53402;564.7;NaN;;20.88;;0 / 19;935721;2018-11-09 17:53:13:770
-0.861;-0.44;9.807;318.0;0.0;38.4;48.15315;11.53402;564.7;NaN;;20.88;;0 / 19;935821;2018-11-09 17:53:13:870
-0.833;-0.555;9.787;308.0;0.0;39.52;48.15315;11.53402;564.7;NaN;;20.88;;0 / 19;935922;2018-11-09 17:53:13:971
-0.919;-0.507;9.807;311.0;0.0;39.52;48.15315;11.53402;564.7;NaN;;20.88;;0 / 19;936022;2018-11-09 17:53:14:071
-0.938;-0.469;9.759;322.0;0.0;39.52;48.15315;11.53402;564.7;NaN;;20.88;;0 / 19;936122;2018-11-09 17:53:14:171
-0.928;-0.488;9.816;292.0;0.0;40.12;48.15315;11.53402;564.7;NaN;;20.88;;0 / 19;936222;2018-11-09 17:53:14:271
-0.9;-0.584;9.883;259.0;0.0;40.12;48.15315;11.53402;564.7;NaN;;20.88;;0 / 19;936322;2018-11-09 17:53:14:371
-0.957;-0.45;9.807;78.0;0.0;40.12;48.15315;11.53402;564.7;NaN;;20.88;;0 / 19;936422;2018-11-09 17:53:14:471
-0.9;-0.478;9.807;78.0;0.0;38.75;48.15315;11.53402;564.7;NaN;;20.88;;0 / 19;936522;2018-11-09 17:53:14:571
-0.9;-0.44;9.739;54.0;0.0;38.75;48.15315;11.53402;564.7;NaN;;20.88;;0 / 19;936622;2018-11-09 17:53:14:671
-0.9;-0.411;9.854;41.0;0.0;38.75;48.15315;11.53402;564.7;NaN;;20.88;;0 / 19;936722;2018-11-09 17:53:14:771
-0.871;-0.469;9.768;37.0;0.0;39.38;48.15315;11.53402;564.7;NaN;;20.88;;0 / 19;936822;2018-11-09 17:53:14:871
-0.938;-0.517;9.739;28.0;0.0;39.38;48.15315;11.53402;564.7;NaN;;20.88;;0 / 19;936922;2018-11-09 17:53:14:971
-0.967;-0.402;9.72;45.0;0.0;39.38;48.15315;11.53402;564.7;NaN;;20.88;;0 / 19;937022;2018-11-09 17:53:15:071
-0.766;-0.402;9.711;23.0;0.0;37.3;48.15315;11.53402;564.7;NaN;;20.88;;0 / 19;937122;2018-11-09 17:53:15:171
-0.928;-0.354;9.596;33.0;0.0;37.3;48.15315;11.53402;564.7;NaN;;20.88;;0 / 19;937223;2018-11-09 17:53:15:272
-0.909;-0.402;9.72;26.0;0.0;37.3;48.15315;11.53402;564.7;NaN;;20.88;;0 / 19;937321;2018-11-09 17:53:15:370
-0.938;-0.421;9.692;369.0;0.0;40.47;48.15315;11.53402;564.7;NaN;;20.88;;0 / 19;937422;2018-11-09 17:53:15:471
-1.015;-0.67;10.17;369.0;1.0;40.47;48.15315;11.53402;564.7;NaN;;20.88;;0 / 19;937522;2018-11-09 17:53:15:571
-0.919;-0.421;9.778;696.0;1.0;40.47;48.15315;11.53402;564.7;NaN;;20.88;;0 / 19;937621;2018-11-09 17:53:15:670
-0.909;-0.411;9.768;719.0;1.0;38.87;48.15315;11.53402;564.7;NaN;;20.88;;0 / 19;937722;2018-11-09 17:53:15:771
-0.852;-0.421;9.711;651.0;1.0;38.87;48.15315;11.53402;564.7;NaN;;20.88;;0 / 19;937822;2018-11-09 17:53:15:871
-0.89;-0.373;9.845;379.0;0.0;38.87;48.15315;11.53402;564.7;NaN;;20.88;;0 / 19;937922;2018-11-09 17:53:15:971
-0.871;-0.43;9.941;366.0;0.0;39.23;48.15315;11.53402;564.7;NaN;;20.88;;0 / 19;938022;2018-11-09 17:53:16:071
-0.881;-0.478;9.826;598.0;1.0;39.23;48.15315;11.53402;564.7;NaN;;20.88;;0 / 19;938121;2018-11-09 17:53:16:170
-0.881;-0.545;9.826;641.0;1.0;39.23;48.15315;11.53402;564.7;NaN;;20.88;;0 / 19;938221;2018-11-09 17:53:16:270
-0.871;-0.526;9.893;630.0;1.0;39.15;48.15315;11.53402;564.7;NaN;;20.88;;0 / 19;938321;2018-11-09 17:53:16:370
-0.938;-0.536;9.864;598.0;1.0;39.15;48.15315;11.53402;564.7;NaN;;20.88;;0 / 19;938421;2018-11-09 17:53:16:470
-0.9;-0.526;9.778;485.0;0.0;39.15;48.15315;11.53402;564.7;NaN;;20.88;;0 / 19;938522;2018-11-09 17:53:16:571
-0.938;-0.363;9.73;130.0;0.0;40.74;48.15315;11.53402;564.7;NaN;;20.88;;0 / 19;938622;2018-11-09 17:53:16:671
-1.082;-0.44;9.596;262.0;0.0;40.74;48.15315;11.53402;564.7;NaN;;20.88;;0 / 19;938722;2018-11-09 17:53:16:771
-0.919;-0.43;9.95;161.0;0.0;40.74;48.15315;11.53402;564.7;NaN;;20.88;;0 / 19;938822;2018-11-09 17:53:16:871
-0.871;-0.45;9.826;279.0;0.0;39.91;48.15315;11.53402;564.7;NaN;;20.88;;0 / 19;938922;2018-11-09 17:53:16:971
-0.871;-0.498;9.874;184.0;1.0;39.91;48.15315;11.53402;564.7;NaN;;20.88;;0 / 19;939021;2018-11-09 17:53:17:070
-0.871;-0.498;9.883;408.0;1.0;39.91;48.15315;11.53402;564.7;NaN;;20.88;;0 / 19;939121;2018-11-09 17:53:17:170
-0.871;-0.488;9.787;500.0;1.0;39.01;48.15315;11.53402;564.7;NaN;;20.88;;0 / 19;939222;2018-11-09 17:53:17:271
-0.881;-0.478;9.749;557.0;1.0;39.01;48.15315;11.53402;564.7;NaN;;20.88;;0 / 19;939322;2018-11-09 17:53:17:371
-0.9;-0.459;9.807;593.0;1.0;39.01;48.15315;11.53402;564.7;NaN;;20.88;;0 / 19;939422;2018-11-09 17:53:17:471
-0.9;-0.488;9.874;600.0;1.0;39.89;48.15315;11.53402;564.7;NaN;;20.88;;0 / 19;939521;2018-11-09 17:53:17:570
-0.928;-0.478;9.826;576.0;1.0;39.89;48.15315;11.53402;564.7;NaN;;20.88;;0 / 19;939622;2018-11-09 17:53:17:671
-0.871;-0.45;9.739;227.0;1.0;39.89;48.15315;11.53402;564.7;NaN;;20.88;;0 / 19;939722;2018-11-09 17:53:17:771
-0.9;-0.517;9.816;71.0;1.0;39.88;48.15315;11.53402;564.7;NaN;;20.88;;0 / 19;939822;2018-11-09 17:53:17:871
-0.909;-0.421;9.807;278.0;1.0;39.88;48.15315;11.53402;564.7;NaN;;20.88;;0 / 19;939924;2018-11-09 17:53:17:973
-0.948;-0.469;9.893;309.0;1.0;39.88;48.15315;11.53402;564.7;NaN;;20.88;;0 / 19;940021;2018-11-09 17:53:18:070
-0.928;-0.478;9.902;238.0;1.0;40.49;48.15315;11.53402;564.7;NaN;;20.88;;0 / 19;940122;2018-11-09 17:53:18:171
-0.928;-0.459;9.96;258.0;1.0;40.49;48.15315;11.53402;564.7;NaN;;20.88;;0 / 19;940222;2018-11-09 17:53:18:271
-0.842;-0.335;9.749;312.0;1.0;40.49;48.15315;11.53402;564.7;NaN;;20.88;;0 / 19;940322;2018-11-09 17:53:18:371
-0.948;-0.507;9.874;110.0;1.0;38.48;48.15315;11.53402;564.7;NaN;;20.88;;0 / 19;940421;2018-11-09 17:53:18:470
-0.928;-0.488;9.874;490.0;1.0;38.48;48.15315;11.53402;564.7;NaN;;20.88;;0 / 19;940521;2018-11-09 17:53:18:570
-0.852;-0.44;9.969;581.0;1.0;38.48;48.15315;11.53402;564.7;NaN;;20.88;;0 / 19;940622;2018-11-09 17:53:18:671
-0.881;-0.354;9.596;595.0;1.0;38.81;48.15315;11.53402;564.7;NaN;;20.88;;0 / 19;940722;2018-11-09 17:53:18:771
-0.909;-0.459;9.778;585.0;1.0;38.81;48.15315;11.53402;564.7;NaN;;20.88;;0 / 19;940822;2018-11-09 17:53:18:871
-0.89;-0.421;9.883;591.0;1.0;38.81;48.15315;11.53402;564.7;NaN;;20.88;;0 / 19;940921;2018-11-09 17:53:18:970
-0.861;-0.392;9.663;598.0;1.0;38.59;48.15315;11.53402;564.7;NaN;;20.88;;0 / 19;941021;2018-11-09 17:53:19:070
-0.89;-0.488;9.797;590.0;1.0;38.59;48.15315;11.53402;564.7;NaN;;20.88;;0 / 19;941122;2018-11-09 17:53:19:171
-0.89;-0.411;9.778;614.0;1.0;38.59;48.15315;11.53402;564.7;NaN;;20.88;;0 / 19;941222;2018-11-09 17:53:19:271
-0.928;-0.411;9.72;603.0;1.0;38.59;48.15315;11.53402;564.7;NaN;;20.88;;0 / 19;941322;2018-11-09 17:53:19:371
-0.785;-0.45;9.739;570.0;1.0;42.08;48.15315;11.53402;564.7;NaN;;20.88;;0 / 19;941421;2018-11-09 17:53:19:470
-0.881;-0.45;9.749;487.0;1.0;42.08;48.15315;11.53402;564.7;NaN;;20.88;;0 / 19;941521;2018-11-09 17:53:19:570
-0.881;-0.44;9.864;723.0;1.0;42.08;48.15315;11.53402;564.7;NaN;;20.88;;0 / 19;941621;2018-11-09 17:53:19:670
-0.928;-0.373;9.797;751.0;1.0;39.71;48.15315;11.53402;564.7;NaN;;20.88;;0 / 19;941721;2018-11-09 17:53:19:770
-0.756;-0.325;9.625;794.0;1.0;39.71;48.15315;11.53402;564.7;NaN;;20.88;;0 / 19;941821;2018-11-09 17:53:19:870
-0.823;-0.45;9.768;822.0;1.0;39.71;48.15315;11.53402;564.7;NaN;;20.88;;0 / 19;941922;2018-11-09 17:53:19:971
-0.833;-0.478;9.874;817.0;1.0;39.88;48.15315;11.53402;564.7;NaN;;20.88;;0 / 19;942022;2018-11-09 17:53:20:071
-0.881;-0.392;9.787;800.0;1.0;39.88;48.15315;11.53402;564.7;NaN;;20.88;;0 / 19;942122;2018-11-09 17:53:20:171
-0.842;-0.459;9.807;801.0;1.0;39.88;48.15315;11.53402;564.7;NaN;;20.88;;0 / 19;942222;2018-11-09 17:53:20:271
-0.871;-0.469;9.759;785.0;1.0;39.27;48.15315;11.53402;564.7;NaN;;20.88;;0 / 19;942322;2018-11-09 17:53:20:371
-0.737;-0.517;9.902;721.0;1.0;39.27;48.15315;11.53402;564.7;NaN;;20.88;;0 / 19;942422;2018-11-09 17:53:20:471
-0.842;-0.335;9.605;201.0;1.0;39.27;48.15315;11.53402;564.7;NaN;;20.88;;0 / 19;942522;2018-11-09 17:53:20:571
-0.919;-0.612;10.496;291.0;1.0;38.74;48.15315;11.53402;564.7;NaN;;20.88;;0 / 19;942622;2018-11-09 17:53:20:671
-0.833;-0.335;9.682;201.0;0.0;38.74;48.15315;11.53402;564.7;NaN;;20.88;;0 / 19;942722;2018-11-09 17:53:20:771
-0.679;-0.325;10.142;153.0;0.0;38.74;48.15315;11.53402;564.7;NaN;;20.88;;0 / 19;942822;2018-11-09 17:53:20:871
-0.852;-0.584;10.276;278.0;0.0;40.7;48.15315;11.53402;564.7;NaN;;20.88;;0 / 19;942922;2018-11-09 17:53:20:971
-0.909;-0.402;10.084;108.0;1.0;40.7;48.15315;11.53402;564.7;NaN;;20.88;;0 / 19;943021;2018-11-09 17:53:21:070
-0.852;-0.478;9.912;118.0;1.0;40.7;48.15315;11.53402;564.7;NaN;;20.88;;0 / 19;943121;2018-11-09 17:53:21:170
-0.842;-0.478;9.807;374.0;1.0;41.18;48.15315;11.53402;564.7;NaN;;20.88;;0 / 19;943222;2018-11-09 17:53:21:271
-0.89;-0.45;9.845;538.0;1.0;41.18;48.15315;11.53402;564.7;NaN;;20.88;;0 / 19;943322;2018-11-09 17:53:21:371
-0.909;-0.45;9.586;501.0;1.0;41.18;48.15315;11.53402;564.7;NaN;;20.88;;0 / 19;943424;2018-11-09 17:53:21:473
-0.785;-0.411;9.433;456.0;0.0;41.11;48.15315;11.53402;564.7;NaN;;20.88;;0 / 19;943522;2018-11-09 17:53:21:571
-0.766;-0.478;9.807;582.0;1.0;41.11;48.15315;11.53402;564.7;NaN;;20.88;;0 / 19;943622;2018-11-09 17:53:21:671
-0.842;-0.507;10.036;793.0;1.0;41.11;48.15315;11.53402;564.7;NaN;;20.88;;0 / 19;943722;2018-11-09 17:53:21:771
-0.89;-0.459;9.682;802.0;1.0;39.82;48.15315;11.53402;564.7;NaN;;20.88;;0 / 19;943821;2018-11-09 17:53:21:870
-0.871;-0.507;9.797;807.0;1.0;39.82;48.15315;11.53402;564.7;NaN;;20.88;;0 / 19;943922;2018-11-09 17:53:21:971
-0.871;-0.44;9.759;816.0;1.0;39.82;48.15315;11.53402;564.7;NaN;;20.88;;0 / 19;944022;2018-11-09 17:53:22:071
-0.842;-0.498;9.778;808.0;1.0;39.4;48.15315;11.53402;564.7;NaN;;20.88;;0 / 19;944122;2018-11-09 17:53:22:171
-0.871;-0.478;9.816;797.0;1.0;39.4;48.15315;11.53402;564.7;NaN;;20.88;;0 / 19;944222;2018-11-09 17:53:22:271
-0.833;-0.45;9.749;774.0;1.0;39.4;48.15315;11.53402;564.7;NaN;;20.88;;0 / 19;944322;2018-11-09 17:53:22:371
-0.804;-0.478;9.807;762.0;1.0;38.39;48.15315;11.53402;564.7;NaN;;20.88;;0 / 19;944421;2018-11-09 17:53:22:470
-0.852;-0.392;9.739;542.0;0.0;38.39;48.15315;11.53402;564.7;NaN;;20.88;;0 / 19;944522;2018-11-09 17:53:22:571
-0.737;-0.459;9.72;461.0;0.0;38.39;48.15315;11.53402;564.7;NaN;;20.88;;0 / 19;944622;2018-11-09 17:53:22:671
-0.833;-0.411;9.471;578.0;1.0;38.89;48.15315;11.53402;564.7;NaN;;20.88;;0 / 19;944722;2018-11-09 17:53:22:771
-0.852;-0.507;9.902;675.0;1.0;38.89;48.15315;11.53402;564.7;NaN;;20.88;;0 / 19;944822;2018-11-09 17:53:22:871
-0.871;-0.498;9.807;634.0;1.0;38.89;48.15315;11.53402;564.7;NaN;;20.88;;0 / 19;944923;2018-11-09 17:53:22:972
-0.852;-0.507;9.807;588.0;1.0;40.38;48.15315;11.53402;564.7;NaN;;20.88;;0 / 19;945021;2018-11-09 17:53:23:070
-0.89;-0.478;9.826;581.0;1.0;40.38;48.15315;11.53402;564.7;NaN;;20.88;;0 / 19;945121;2018-11-09 17:53:23:170
-0.823;-0.507;9.874;564.0;1.0;40.38;48.15315;11.53402;564.7;NaN;;20.88;;0 / 19;945221;2018-11-09 17:53:23:270
-0.833;-0.421;9.711;591.0;1.0;39.74;48.15315;11.53402;564.7;NaN;;20.88;;0 / 19;945322;2018-11-09 17:53:23:371
-0.861;-0.565;9.912;407.0;1.0;39.74;48.15315;11.53402;564.7;NaN;;20.88;;0 / 19;945422;2018-11-09 17:53:23:471
-0.852;-0.44;9.807;108.0;1.0;39.74;48.15315;11.53402;564.7;NaN;;20.88;;0 / 19;945522;2018-11-09 17:53:23:571
-0.861;-0.498;9.816;120.0;1.0;39.36;48.15315;11.53402;564.7;NaN;;20.88;;0 / 19;945622;2018-11-09 17:53:23:671
-0.852;-0.469;9.845;260.0;1.0;39.36;48.15315;11.53402;564.7;NaN;;20.88;;0 / 19;945721;2018-11-09 17:53:23:770
-0.852;-0.507;9.768;340.0;1.0;39.36;48.15315;11.53402;564.7;NaN;;20.88;;0 / 19;945821;2018-11-09 17:53:23:870
-0.775;-0.44;9.807;335.0;1.0;39.23;48.15315;11.53402;564.7;NaN;;20.88;;0 / 19;945922;2018-11-09 17:53:23:971
-0.861;-0.459;9.854;325.0;1.0;39.23;48.15315;11.53402;564.7;NaN;;20.88;;0 / 19;946022;2018-11-09 17:53:24:071
-0.919;-0.498;9.902;324.0;1.0;39.23;48.15315;11.53402;564.7;NaN;;20.88;;0 / 19;946122;2018-11-09 17:53:24:171
-0.881;-0.363;9.663;282.0;1.0;40.18;48.15315;11.53402;564.7;NaN;;20.88;;0 / 19;946221;2018-11-09 17:53:24:270
-0.861;-0.44;9.893;303.0;1.0;40.18;48.15315;11.53402;564.7;NaN;;20.88;;0 / 19;946321;2018-11-09 17:53:24:370
-0.861;-0.392;9.538;305.0;1.0;40.18;48.15315;11.53402;564.7;NaN;;20.88;;0 / 19;946422;2018-11-09 17:53:24:471
-0.852;-0.383;9.73;301.0;1.0;39.76;48.15315;11.53402;564.7;NaN;;20.88;;0 / 19;946522;2018-11-09 17:53:24:571
-0.957;-0.344;9.73;268.0;1.0;39.76;48.15315;11.53402;564.7;NaN;;20.88;;0 / 19;946622;2018-11-09 17:53:24:671
-0.842;-0.44;9.874;218.0;1.0;39.76;48.15315;11.53402;564.7;NaN;;20.88;;0 / 19;946722;2018-11-09 17:53:24:771
-0.861;-0.411;9.711;108.0;1.0;39.24;48.15315;11.53402;564.7;NaN;;20.88;;0 / 19;946821;2018-11-09 17:53:24:870
-0.881;-0.459;9.864;101.0;1.0;39.24;48.15315;11.53402;564.7;NaN;;20.88;;0 / 19;946922;2018-11-09 17:53:24:971
-0.852;-0.43;9.816;89.0;1.0;39.24;48.15315;11.53402;564.7;NaN;;20.88;;0 / 19;947021;2018-11-09 17:53:25:070
-0.842;-0.478;9.835;110.0;1.0;42.31;48.15315;11.53402;564.7;NaN;;20.88;;0 / 19;947122;2018-11-09 17:53:25:171
-0.871;-0.402;9.787;95.0;1.0;42.31;48.15315;11.53402;564.7;NaN;;20.88;;0 / 19;947222;2018-11-09 17:53:25:271
-0.823;-0.383;10.056;104.0;1.0;42.31;48.15315;11.53402;564.7;NaN;;20.88;;0 / 19;947322;2018-11-09 17:53:25:371
-0.823;-0.507;9.797;108.0;1.0;40.1;48.15315;11.53402;564.7;NaN;;20.88;;0 / 19;947422;2018-11-09 17:53:25:471
-0.928;-0.488;9.883;81.0;0.0;40.1;48.15315;11.53402;564.7;NaN;;20.88;;0 / 19;947522;2018-11-09 17:53:25:571
-0.852;-0.344;9.816;89.0;0.0;40.1;48.15315;11.53402;564.7;NaN;;20.88;;0 / 19;947622;2018-11-09 17:53:25:671
-0.852;-0.478;9.807;78.0;0.0;38.86;48.15315;11.53402;564.7;NaN;;20.88;;0 / 19;947722;2018-11-09 17:53:25:771
-0.833;-0.459;9.883;82.0;0.0;38.86;48.15315;11.53402;564.7;NaN;;20.88;;0 / 19;947822;2018-11-09 17:53:25:871
-0.852;-0.478;9.874;81.0;0.0;38.86;48.15315;11.53402;564.7;NaN;;20.88;;0 / 19;947921;2018-11-09 17:53:25:970
-0.871;-0.44;9.787;82.0;0.0;39.55;48.15315;11.53402;564.7;NaN;;20.88;;0 / 19;948021;2018-11-09 17:53:26:070
-0.814;-0.45;10.094;86.0;0.0;39.55;48.15315;11.53402;564.7;NaN;;20.88;;0 / 19;948122;2018-11-09 17:53:26:171
-0.804;-0.411;9.711;85.0;0.0;39.55;48.15315;11.53402;564.7;NaN;;20.88;;0 / 19;948222;2018-11-09 17:53:26:271
-0.928;-0.43;9.864;79.0;0.0;38.22;48.15315;11.53402;564.7;NaN;;20.88;;0 / 19;948322;2018-11-09 17:53:26:371
-0.861;-0.43;9.816;90.0;0.0;38.22;48.15315;11.53402;564.7;NaN;;20.88;;0 / 19;948422;2018-11-09 17:53:26:471
-0.804;-0.45;9.883;77.0;0.0;38.22;48.15315;11.53402;564.7;NaN;;20.88;;0 / 19;948521;2018-11-09 17:53:26:570
-0.814;-0.45;9.921;59.0;0.0;39.24;48.15315;11.53402;564.7;NaN;;20.88;;0 / 19;948621;2018-11-09 17:53:26:670
-0.89;-0.478;9.893;89.0;0.0;39.24;48.15315;11.53402;564.7;NaN;;20.88;;0 / 19;948721;2018-11-09 17:53:26:770
-0.881;-0.488;9.826;75.0;0.0;39.24;48.15315;11.53402;564.7;NaN;;20.88;;0 / 19;948821;2018-11-09 17:53:26:870
-0.842;-0.45;9.73;80.0;0.0;39.38;48.15315;11.53402;564.7;NaN;;20.88;;0 / 19;948921;2018-11-09 17:53:26:970
-0.823;-0.459;9.921;84.0;0.0;39.38;48.15315;11.53396;564.7;NaN;;19.556;;0 / 19;949022;2018-11-09 17:53:27:071
-0.814;-0.354;9.596;56.0;0.0;39.38;48.15315;11.53396;564.7;NaN;;19.556;;0 / 19;949122;2018-11-09 17:53:27:171
-0.881;-0.488;9.778;79.0;0.0;40.14;48.15315;11.53396;564.7;NaN;;19.556;;0 / 19;949222;2018-11-09 17:53:27:271
-0.871;-0.44;9.874;77.0;0.0;40.14;48.15315;11.53396;564.7;NaN;;19.556;;0 / 19;949321;2018-11-09 17:53:27:370
-0.852;-0.373;9.711;72.0;0.0;40.14;48.15315;11.53396;564.7;NaN;;19.556;;0 / 19;949422;2018-11-09 17:53:27:471
-0.871;-0.392;9.826;86.0;0.0;39.06;48.15315;11.53396;564.7;NaN;;19.556;;0 / 19;949521;2018-11-09 17:53:27:570
-0.861;-0.44;9.826;75.0;0.0;39.06;48.15315;11.53396;564.7;NaN;;19.556;;0 / 19;949621;2018-11-09 17:53:27:670
-0.89;-0.44;9.72;86.0;0.0;39.06;48.15315;11.53396;564.7;NaN;;19.556;;0 / 19;949721;2018-11-09 17:53:27:770
-0.881;-0.43;10.161;85.0;0.0;39.69;48.15315;11.53396;564.7;NaN;;19.556;;0 / 19;949821;2018-11-09 17:53:27:870
-0.833;-0.421;9.73;88.0;0.0;39.69;48.15315;11.53396;564.7;NaN;;19.556;;0 / 19;949921;2018-11-09 17:53:27:970
-0.89;-0.498;9.835;67.0;0.0;39.69;48.15315;11.53396;564.7;NaN;;19.556;;0 / 19;950022;2018-11-09 17:53:28:071
-0.89;-0.402;9.768;80.0;0.0;38.98;48.15315;11.53396;564.7;NaN;;19.556;;0 / 19;950122;2018-11-09 17:53:28:171
-0.861;-0.526;9.807;81.0;0.0;38.98;48.15315;11.53396;564.7;NaN;;19.556;;0 / 19;950221;2018-11-09 17:53:28:270
-0.785;-0.469;9.73;78.0;0.0;38.98;48.15315;11.53396;564.7;NaN;;19.556;;0 / 19;950321;2018-11-09 17:53:28:370
-0.814;-0.45;9.845;84.0;0.0;39.26;48.15315;11.53396;564.7;NaN;;19.556;;0 / 19;950421;2018-11-09 17:53:28:470
-0.842;-0.459;9.72;87.0;0.0;39.26;48.15315;11.53396;564.7;NaN;;19.556;;0 / 19;950521;2018-11-09 17:53:28:570
-0.861;-0.459;9.663;89.0;0.0;39.26;48.15315;11.53396;564.7;NaN;;19.556;;0 / 19;950622;2018-11-09 17:53:28:671
-0.842;-0.565;9.921;76.0;0.0;39.15;48.15315;11.53396;564.7;NaN;;19.556;;0 / 19;950722;2018-11-09 17:53:28:771
-0.823;-0.421;9.826;80.0;0.0;39.15;48.15315;11.53396;564.7;NaN;;19.556;;0 / 19;950822;2018-11-09 17:53:28:871
-0.871;-0.43;9.663;77.0;0.0;39.15;48.15315;11.53396;564.7;NaN;;19.556;;0 / 19;950922;2018-11-09 17:53:28:971
-0.842;-0.507;9.807;73.0;0.0;37.79;48.15315;11.53396;564.7;NaN;;19.556;;0 / 19;951022;2018-11-09 17:53:29:071
-0.833;-0.411;9.807;86.0;0.0;37.79;48.15315;11.53396;564.7;NaN;;19.556;;0 / 19;951121;2018-11-09 17:53:29:170
-0.852;-0.411;9.701;81.0;0.0;37.79;48.15315;11.53396;564.7;NaN;;19.556;;0 / 19;951221;2018-11-09 17:53:29:270
-0.785;-0.44;9.941;78.0;0.0;39.01;48.15315;11.53396;564.7;NaN;;19.556;;0 / 19;951321;2018-11-09 17:53:29:370
-0.833;-0.44;9.816;84.0;0.0;39.01;48.15315;11.53396;564.7;NaN;;19.556;;0 / 19;951422;2018-11-09 17:53:29:471
-0.833;-0.325;9.73;77.0;0.0;39.01;48.15315;11.53396;564.7;NaN;;19.556;;0 / 19;951522;2018-11-09 17:53:29:571
-0.823;-0.411;9.797;60.0;0.0;38.38;48.15315;11.53396;564.7;NaN;;19.556;;0 / 19;951622;2018-11-09 17:53:29:671
-0.833;-0.478;9.816;71.0;0.0;38.38;48.15315;11.53396;564.7;NaN;;19.556;;0 / 19;951721;2018-11-09 17:53:29:770
-0.842;-0.392;9.768;48.0;0.0;38.38;48.15315;11.53396;564.7;NaN;;19.556;;0 / 19;951821;2018-11-09 17:53:29:870
-0.852;-0.402;9.854;53.0;0.0;37.98;48.15315;11.53396;564.7;NaN;;19.556;;0 / 19;951921;2018-11-09 17:53:29:970
-0.842;-0.411;9.845;44.0;0.0;37.98;48.15315;11.53396;564.7;NaN;;19.556;;0 / 19;952022;2018-11-09 17:53:30:071
-0.871;-0.43;9.854;35.0;0.0;37.98;48.15315;11.53396;564.7;NaN;;19.556;;0 / 19;952122;2018-11-09 17:53:30:171
-0.785;-0.526;9.816;29.0;0.0;38.35;48.15315;11.53396;564.7;NaN;;19.556;;0 / 19;952222;2018-11-09 17:53:30:271
-0.833;-0.928;9.931;36.0;0.0;38.35;48.15315;11.53396;564.7;NaN;;19.556;;0 / 19;952322;2018-11-09 17:53:30:371
-0.9;-1.063;9.768;52.0;0.0;38.35;48.15315;11.53396;564.7;NaN;;19.556;;0 / 19;952421;2018-11-09 17:53:30:470
-0.976;-1.426;9.701;61.0;0.0;44.2;48.15315;11.53396;564.7;NaN;;19.556;;0 / 19;952521;2018-11-09 17:53:30:570
-0.919;-1.292;9.711;99.0;0.0;44.2;48.15315;11.53396;564.7;NaN;;19.556;;0 / 19;952622;2018-11-09 17:53:30:671
-0.804;-1.35;9.739;92.0;0.0;44.2;48.15315;11.53396;564.7;NaN;;19.556;;0 / 19;952722;2018-11-09 17:53:30:771
-0.842;-1.034;9.95;91.0;0.0;40.8;48.15315;11.53396;564.7;NaN;;19.556;;0 / 19;952822;2018-11-09 17:53:30:871
-0.881;-0.957;9.759;80.0;0.0;40.8;48.15315;11.53396;564.7;NaN;;19.556;;0 / 19;952922;2018-11-09 17:53:30:971
-0.737;-0.919;9.826;96.0;0.0;40.8;48.15315;11.53396;564.7;NaN;;19.556;;0 / 19;953022;2018-11-09 17:53:31:071
-0.737;-0.967;9.807;216.0;0.0;40.83;48.15315;11.53396;564.7;NaN;;19.556;;0 / 19;953121;2018-11-09 17:53:31:170
-0.756;-1.024;9.931;201.0;0.0;40.83;48.15315;11.53396;564.7;NaN;;19.556;;0 / 19;953221;2018-11-09 17:53:31:270
-0.718;-0.976;9.893;216.0;0.0;40.83;48.15315;11.53396;564.7;NaN;;19.556;;0 / 19;953321;2018-11-09 17:53:31:370
-0.747;-0.948;9.692;186.0;0.0;51.1;48.15315;11.53396;564.7;NaN;;19.556;;0 / 19;953421;2018-11-09 17:53:31:470
-0.747;-0.976;9.739;182.0;0.0;51.1;48.15315;11.53396;564.7;NaN;;19.556;;0 / 19;953521;2018-11-09 17:53:31:570
-0.708;-1.024;9.711;132.0;0.0;51.1;48.15315;11.53396;564.7;NaN;;19.556;;0 / 19;953622;2018-11-09 17:53:31:671
-0.718;-0.928;9.883;121.0;0.0;46.94;48.15315;11.53396;564.7;NaN;;19.556;;0 / 19;953722;2018-11-09 17:53:31:771
-0.747;-0.871;9.797;80.0;0.0;46.94;48.15315;11.53396;564.7;NaN;;19.556;;0 / 19;953822;2018-11-09 17:53:31:871
-0.612;-0.871;10.419;57.0;0.0;46.94;48.15315;11.53396;564.7;NaN;;19.556;;0 / 19;953922;2018-11-09 17:53:31:971
-0.718;-0.967;9.998;68.0;0.0;41.5;48.15315;11.53396;564.7;NaN;;19.556;;0 / 19;954021;2018-11-09 17:53:32:070
-0.651;-0.89;9.816;125.0;0.0;41.5;48.15315;11.53396;564.7;NaN;;19.556;;0 / 19;954122;2018-11-09 17:53:32:171
-0.737;-0.986;9.768;239.0;0.0;41.5;48.15315;11.53396;564.7;NaN;;19.556;;0 / 19;954221;2018-11-09 17:53:32:270
-0.775;-0.871;9.701;242.0;0.0;40.7;48.15315;11.53396;564.7;NaN;;19.556;;0 / 19;954321;2018-11-09 17:53:32:370
-0.775;-0.938;9.998;240.0;0.0;40.7;48.15315;11.53396;564.7;NaN;;19.556;;0 / 19;954421;2018-11-09 17:53:32:470
-0.737;-0.938;9.816;146.0;0.0;40.7;48.15315;11.53396;564.7;NaN;;19.556;;0 / 19;954522;2018-11-09 17:53:32:571
-0.785;-0.948;9.72;90.0;0.0;44.12;48.15315;11.53396;564.7;NaN;;19.556;;0 / 19;954622;2018-11-09 17:53:32:671
-0.747;-0.679;9.625;87.0;0.0;44.12;48.15315;11.53396;564.7;NaN;;19.556;;0 / 19;954721;2018-11-09 17:53:32:770
-0.708;-0.593;9.979;84.0;0.0;44.12;48.15315;11.53396;564.7;NaN;;19.556;;0 / 19;954822;2018-11-09 17:53:32:871
-0.718;-0.459;9.586;387.0;0.0;52.55;48.15315;11.53396;564.7;NaN;;19.556;;0 / 19;954922;2018-11-09 17:53:32:971
-0.708;-0.181;9.672;567.0;1.0;52.55;48.15315;11.53396;564.7;NaN;;19.556;;0 / 19;955022;2018-11-09 17:53:33:071
-0.794;0.009;9.548;547.0;1.0;52.55;48.15315;11.53396;564.7;NaN;;19.556;;0 / 19;955122;2018-11-09 17:53:33:171
-0.756;0.009;9.835;470.0;1.0;43.41;48.15315;11.53396;564.7;NaN;;19.556;;0 / 19;955222;2018-11-09 17:53:33:271
-0.756;-0.316;10.103;415.0;1.0;43.41;48.15315;11.53396;564.7;NaN;;19.556;;0 / 19;955322;2018-11-09 17:53:33:371
-0.785;-0.45;9.816;273.0;0.0;43.41;48.15315;11.53396;564.7;NaN;;19.556;;0 / 19;955421;2018-11-09 17:53:33:470
-0.852;-0.526;9.807;72.0;0.0;43.78;48.15315;11.53396;564.7;NaN;;19.556;;0 / 19;955523;2018-11-09 17:53:33:572
-0.823;-0.498;9.768;57.0;0.0;43.78;48.15315;11.53396;564.7;NaN;;19.556;;0 / 19;955621;2018-11-09 17:53:33:670
-0.804;-0.517;9.883;63.0;0.0;43.78;48.15315;11.53396;564.7;NaN;;19.556;;0 / 19;955721;2018-11-09 17:53:33:770
-0.823;-0.766;9.644;60.0;0.0;43.18;48.15315;11.53396;564.7;NaN;;19.556;;0 / 19;955822;2018-11-09 17:53:33:871
-0.766;-0.861;9.912;58.0;0.0;43.18;48.15315;11.53396;564.7;NaN;;19.556;;0 / 19;955922;2018-11-09 17:53:33:971
-0.833;-0.976;9.797;48.0;0.0;43.18;48.15315;11.53396;564.7;NaN;;19.556;;0 / 19;956022;2018-11-09 17:53:34:071
-0.785;-1.13;9.845;42.0;0.0;44.06;48.15315;11.53396;564.7;NaN;;19.556;;0 / 19;956123;2018-11-09 17:53:34:172
-1.082;-1.034;11.358;51.0;0.0;44.06;48.15315;11.53396;564.7;NaN;;19.556;;0 / 19;956222;2018-11-09 17:53:34:271
-0.861;-1.283;9.768;29.0;0.0;44.06;48.15315;11.53396;564.7;NaN;;19.556;;0 / 19;956322;2018-11-09 17:53:34:371
-0.756;-1.139;9.596;56.0;0.0;44.16;48.15315;11.53396;564.7;NaN;;19.556;;0 / 19;956422;2018-11-09 17:53:34:471
-0.794;-1.34;9.941;104.0;0.0;44.16;48.15315;11.53396;564.7;NaN;;19.556;;0 / 19;956522;2018-11-09 17:53:34:571
-0.785;-1.082;9.807;132.0;0.0;44.16;48.15315;11.53396;564.7;NaN;;19.556;;0 / 19;956623;2018-11-09 17:53:34:672
-0.737;-1.245;9.807;84.0;0.0;44.41;48.15315;11.53396;564.7;NaN;;19.556;;0 / 19;956721;2018-11-09 17:53:34:770
-0.823;-1.13;9.797;65.0;0.0;44.41;48.15315;11.53396;564.7;NaN;;19.556;;0 / 19;956822;2018-11-09 17:53:34:871
-0.804;-1.11;9.883;71.0;0.0;44.41;48.15315;11.53396;564.7;NaN;;19.556;;0 / 19;956921;2018-11-09 17:53:34:970
-0.785;-1.139;9.902;47.0;0.0;45.48;48.15315;11.53396;564.7;NaN;;19.556;;0 / 19;957022;2018-11-09 17:53:35:071
-0.747;-1.168;9.672;54.0;0.0;45.48;48.15315;11.53396;564.7;NaN;;19.556;;0 / 19;957121;2018-11-09 17:53:35:170
-0.794;-1.177;9.893;58.0;0.0;45.48;48.15315;11.53396;564.7;NaN;;19.556;;0 / 19;957222;2018-11-09 17:53:35:271
-0.842;-1.168;9.807;52.0;0.0;47.17;48.15315;11.53396;564.7;NaN;;19.556;;0 / 19;957322;2018-11-09 17:53:35:371
-0.814;-1.034;9.672;38.0;0.0;47.17;48.15315;11.53396;564.7;NaN;;19.556;;0 / 19;957422;2018-11-09 17:53:35:471
-0.651;-1.063;9.452;30.0;0.0;47.17;48.15315;11.53396;564.7;NaN;;19.556;;0 / 19;957522;2018-11-09 17:53:35:571
-0.718;-1.12;9.739;43.0;0.0;46.14;48.15315;11.53396;564.7;NaN;;19.556;;0 / 19;957622;2018-11-09 17:53:35:671
-0.833;-1.139;9.807;64.0;0.0;46.14;48.15315;11.53396;564.7;NaN;;19.556;;0 / 19;957722;2018-11-09 17:53:35:771
-0.823;-1.072;9.816;85.0;0.0;46.14;48.15315;11.53396;564.7;NaN;;19.556;;0 / 19;957822;2018-11-09 17:53:35:871
-0.766;-1.034;9.816;66.0;0.0;46.67;48.15315;11.53396;564.7;NaN;;19.556;;0 / 19;957922;2018-11-09 17:53:35:971
-0.766;-1.063;9.749;66.0;0.0;46.67;48.15315;11.53396;564.7;NaN;;19.556;;0 / 19;958022;2018-11-09 17:53:36:071
-0.794;-0.976;9.874;56.0;0.0;46.67;48.15315;11.53396;564.7;NaN;;19.556;;0 / 19;958122;2018-11-09 17:53:36:171
-0.747;-0.928;9.807;77.0;0.0;47.59;48.15315;11.53396;564.7;NaN;;19.556;;0 / 19;958221;2018-11-09 17:53:36:270
-0.775;-0.804;9.902;77.0;0.0;47.59;48.15315;11.53396;564.7;NaN;;19.556;;0 / 19;958321;2018-11-09 17:53:36:370
-0.775;-0.679;9.864;60.0;0.0;47.59;48.15315;11.53396;564.7;NaN;;19.556;;0 / 19;958422;2018-11-09 17:53:36:471
-0.785;-0.43;9.835;35.0;0.0;47.94;48.15315;11.53396;564.7;NaN;;19.556;;0 / 19;958522;2018-11-09 17:53:36:571
-0.66;0.258;9.261;35.0;0.0;47.94;48.15315;11.53396;564.7;NaN;;19.556;;0 / 19;958622;2018-11-09 17:53:36:671
-0.747;0.057;9.174;30.0;0.0;47.94;48.15315;11.53396;564.7;NaN;;19.556;;0 / 19;958721;2018-11-09 17:53:36:770
-0.823;-0.038;9.692;42.0;0.0;48.52;48.15315;11.53396;564.7;NaN;;19.556;;0 / 19;958822;2018-11-09 17:53:36:871
-0.747;-0.354;10.094;39.0;0.0;48.52;48.15315;11.53396;564.7;NaN;;19.556;;0 / 19;958921;2018-11-09 17:53:36:970
-0.785;-0.354;9.807;53.0;0.0;48.52;48.15315;11.53396;564.7;NaN;;19.556;;0 / 19;959021;2018-11-09 17:53:37:070
-0.804;-0.325;9.816;48.0;0.0;48.94;48.15315;11.53396;564.7;NaN;;19.556;;0 / 19;959121;2018-11-09 17:53:37:170
-0.842;-0.344;9.739;55.0;0.0;48.94;48.15315;11.53396;564.7;NaN;;19.556;;0 / 19;959222;2018-11-09 17:53:37:271
-0.852;-0.44;9.807;58.0;0.0;48.94;48.15315;11.53396;564.7;NaN;;19.556;;0 / 19;959322;2018-11-09 17:53:37:371
-0.823;-0.296;9.759;68.0;0.0;47.88;48.15315;11.53396;564.7;NaN;;19.556;;0 / 19;959422;2018-11-09 17:53:37:471
-0.986;-0.316;9.826;63.0;0.0;47.88;48.15315;11.53396;564.7;NaN;;19.556;;0 / 19;959521;2018-11-09 17:53:37:570
-0.996;-0.373;10.103;66.0;0.0;47.88;48.15315;11.53396;564.7;NaN;;19.556;;0 / 19;959621;2018-11-09 17:53:37:670
-0.967;-0.363;9.615;61.0;0.0;49.7;48.15315;11.53396;564.7;NaN;;19.556;;0 / 19;959722;2018-11-09 17:53:37:771
-0.478;-0.469;9.519;60.0;0.0;49.7;48.15315;11.53396;564.7;NaN;;19.556;;0 / 19;959822;2018-11-09 17:53:37:871
-0.306;-1.063;10.247;66.0;0.0;49.7;48.15315;11.53396;564.7;NaN;;19.556;;0 / 19;959922;2018-11-09 17:53:37:971
-0.488;-0.45;9.921;83.0;0.0;48.86;48.15315;11.53396;564.7;NaN;;19.556;;0 / 19;960022;2018-11-09 17:53:38:071
-0.727;-0.545;10.506;102.0;0.0;48.86;48.15315;11.53396;564.7;NaN;;19.556;;0 / 19;960121;2018-11-09 17:53:38:170
-0.766;-0.622;10.123;109.0;0.0;48.86;48.15315;11.53396;564.7;NaN;;19.556;;0 / 19;960221;2018-11-09 17:53:38:270
-0.833;-0.526;9.423;119.0;0.0;48.86;48.15315;11.53396;564.7;NaN;;19.556;;0 / 19;960322;2018-11-09 17:53:38:371
-0.928;-0.766;9.988;87.0;0.0;51.94;48.15315;11.53396;564.7;NaN;;19.556;;0 / 19;960422;2018-11-09 17:53:38:471
-1.283;-0.478;9.739;95.0;0.0;51.94;48.15315;11.53396;564.7;NaN;;19.556;;0 / 19;960522;2018-11-09 17:53:38:571
-0.555;-0.507;9.165;96.0;0.0;51.94;48.15315;11.53396;564.7;NaN;;19.556;;0 / 19;960621;2018-11-09 17:53:38:670
-0.871;-0.986;9.912;103.0;0.0;47.83;48.15315;11.53396;564.7;NaN;;19.556;;0 / 19;960722;2018-11-09 17:53:38:771
-1.34;-0.536;9.902;113.0;0.0;47.83;48.15315;11.53396;564.7;NaN;;19.556;;0 / 19;960821;2018-11-09 17:53:38:870
-0.89;-0.565;9.826;95.0;0.0;47.83;48.15315;11.53396;564.7;NaN;;19.556;;0 / 19;960921;2018-11-09 17:53:38:970
-1.072;-0.699;10.008;89.0;0.0;49.83;48.15315;11.53396;564.7;NaN;;19.556;;0 / 19;961021;2018-11-09 17:53:39:070
-0.919;-0.756;9.682;107.0;0.0;49.83;48.15315;11.53396;564.7;NaN;;19.556;;0 / 19;961121;2018-11-09 17:53:39:170
-1.015;-0.928;9.912;97.0;0.0;49.83;48.15315;11.53396;564.7;NaN;;19.556;;0 / 19;961222;2018-11-09 17:53:39:271
-1.149;-0.842;9.826;99.0;0.0;49.74;48.15315;11.53396;564.7;NaN;;19.556;;0 / 19;961322;2018-11-09 17:53:39:371
-1.57;-0.565;10.123;99.0;0.0;49.74;48.15315;11.53396;564.7;NaN;;19.556;;0 / 19;961422;2018-11-09 17:53:39:471
-1.13;-0.565;9.366;94.0;0.0;49.74;48.15315;11.53396;564.7;NaN;;19.556;;0 / 19;961521;2018-11-09 17:53:39:570
-1.8;-0.622;10.199;79.0;0.0;52.47;48.15315;11.53396;564.7;NaN;;19.556;;0 / 19;961621;2018-11-09 17:53:39:670
-1.79;-1.053;9.261;71.0;0.0;52.47;48.15315;11.53396;564.7;NaN;;19.556;;0 / 19;961722;2018-11-09 17:53:39:771
-1.417;-1.005;9.979;81.0;0.0;52.47;48.15315;11.53396;564.7;NaN;;19.556;;0 / 19;961822;2018-11-09 17:53:39:871
-1.752;-0.459;9.519;79.0;0.0;48.73;48.15315;11.53396;564.7;NaN;;19.556;;0 / 19;961922;2018-11-09 17:53:39:971
-2.106;-0.363;9.711;82.0;0.0;48.73;48.15315;11.53396;564.7;NaN;;19.556;;0 / 19;962022;2018-11-09 17:53:40:071
-1.647;-0.804;9.874;80.0;0.0;48.73;48.15315;11.53396;564.7;NaN;;19.556;;0 / 19;962121;2018-11-09 17:53:40:170
-1.283;-0.861;9.835;91.0;0.0;50.83;48.15315;11.53396;564.7;NaN;;19.556;;0 / 19;962221;2018-11-09 17:53:40:270
-1.992;-0.842;10.295;113.0;0.0;50.83;48.15315;11.53396;564.7;NaN;;19.556;;0 / 19;962322;2018-11-09 17:53:40:371
-1.877;-0.335;9.701;85.0;0.0;50.83;48.15315;11.53396;564.7;NaN;;19.556;;0 / 19;962422;2018-11-09 17:53:40:471
-1.695;-0.699;9.835;100.0;0.0;51.37;48.15315;11.53396;564.7;NaN;;19.556;;0 / 19;962522;2018-11-09 17:53:40:571
-1.781;-0.938;9.883;98.0;0.0;51.37;48.15315;11.53396;564.7;NaN;;19.556;;0 / 19;962622;2018-11-09 17:53:40:671
-1.963;-0.565;9.797;98.0;0.0;51.37;48.15315;11.53396;564.7;NaN;;19.556;;0 / 19;962721;2018-11-09 17:53:40:770
-1.867;-0.651;9.807;93.0;0.0;50.89;48.15315;11.53396;564.7;NaN;;19.556;;0 / 19;962821;2018-11-09 17:53:40:870
-1.896;-0.488;9.845;88.0;0.0;50.89;48.15315;11.53396;564.7;NaN;;19.556;;0 / 19;962922;2018-11-09 17:53:40:971
-2.106;-0.536;9.625;82.0;0.0;50.89;48.15315;11.53396;564.7;NaN;;19.556;;0 / 19;963022;2018-11-09 17:53:41:071
-1.992;-0.727;9.759;93.0;0.0;49.44;48.15315;11.53396;564.7;NaN;;19.556;;0 / 19;963122;2018-11-09 17:53:41:171
-1.79;-0.804;9.845;92.0;0.0;49.44;48.15315;11.53396;564.7;NaN;;19.556;;0 / 19;963222;2018-11-09 17:53:41:271
-1.953;-0.584;9.893;92.0;0.0;49.44;48.15315;11.53396;564.7;NaN;;19.556;;0 / 19;963321;2018-11-09 17:53:41:370
-1.963;-0.488;9.682;104.0;0.0;49.26;48.15315;11.53396;564.7;NaN;;19.556;;0 / 19;963421;2018-11-09 17:53:41:470
-1.972;-0.66;9.816;94.0;0.0;49.26;48.15315;11.53396;564.7;NaN;;19.556;;0 / 19;963521;2018-11-09 17:53:41:570
-1.848;-0.699;9.49;95.0;0.0;49.26;48.15315;11.53396;564.7;NaN;;19.556;;0 / 19;963621;2018-11-09 17:53:41:670
-1.771;-0.67;10.056;84.0;0.0;49.32;48.15315;11.53396;564.7;NaN;;19.556;;0 / 19;963722;2018-11-09 17:53:41:771
-1.771;-0.478;9.423;103.0;0.0;49.32;48.15315;11.53396;564.7;NaN;;19.556;;0 / 19;963822;2018-11-09 17:53:41:871
-1.886;-0.555;10.209;90.0;0.0;49.32;48.15315;11.53396;564.7;NaN;;19.556;;0 / 19;963922;2018-11-09 17:53:41:971
-1.857;-0.737;9.854;81.0;0.0;49.84;48.15315;11.53396;564.7;NaN;;19.556;;0 / 19;964021;2018-11-09 17:53:42:070
-1.896;-0.689;9.883;92.0;0.0;49.84;48.15315;11.53396;564.7;NaN;;19.556;;0 / 19;964121;2018-11-09 17:53:42:170
-1.953;-0.574;9.845;88.0;0.0;49.84;48.15315;11.53396;564.7;NaN;;19.556;;0 / 19;964221;2018-11-09 17:53:42:270
-1.829;-0.584;9.874;81.0;0.0;50.77;48.15315;11.53396;564.7;NaN;;19.556;;0 / 19;964321;2018-11-09 17:53:42:370
-2.068;-0.641;9.653;75.0;0.0;50.77;48.15315;11.53396;564.7;NaN;;19.556;;0 / 19;964422;2018-11-09 17:53:42:471
-1.886;-0.555;9.739;84.0;0.0;50.77;48.15315;11.53396;564.7;NaN;;19.556;;0 / 19;964522;2018-11-09 17:53:42:571
-1.915;-0.708;9.95;81.0;0.0;53.27;48.15315;11.53396;564.7;NaN;;19.556;;0 / 19;964622;2018-11-09 17:53:42:671
-1.905;-0.66;9.835;84.0;0.0;53.27;48.15315;11.53396;564.7;NaN;;19.556;;0 / 19;964721;2018-11-09 17:53:42:770
-2.03;-0.766;9.835;92.0;0.0;53.27;48.15315;11.53396;564.7;NaN;;19.556;;0 / 19;964821;2018-11-09 17:53:42:870
-1.81;-0.785;9.835;81.0;0.0;52.28;48.15315;11.53396;564.7;NaN;;19.556;;0 / 19;964922;2018-11-09 17:53:42:971
-1.992;-0.804;9.663;109.0;0.0;52.28;48.15315;11.53396;564.7;NaN;;19.556;;0 / 19;965022;2018-11-09 17:53:43:071
-1.963;-0.785;9.835;79.0;0.0;52.28;48.15315;11.53396;564.7;NaN;;19.556;;0 / 19;965122;2018-11-09 17:53:43:171
-2.097;-0.737;9.835;88.0;0.0;53.62;48.15315;11.53396;564.7;NaN;;19.556;;0 / 19;965222;2018-11-09 17:53:43:271
-1.838;-0.747;9.73;68.0;0.0;53.62;48.15315;11.53396;564.7;NaN;;19.556;;0 / 19;965321;2018-11-09 17:53:43:370
-2.116;-0.708;9.787;73.0;0.0;53.62;48.15315;11.53396;564.7;NaN;;19.556;;0 / 19;965421;2018-11-09 17:53:43:470
-1.934;-0.718;9.941;73.0;0.0;52.02;48.15315;11.53396;564.7;NaN;;19.556;;0 / 19;965522;2018-11-09 17:53:43:571
-1.992;-0.632;9.778;65.0;0.0;52.02;48.15315;11.53396;564.7;NaN;;19.556;;0 / 19;965621;2018-11-09 17:53:43:670
-2.02;-0.708;10.218;58.0;0.0;52.02;48.15315;11.53396;564.7;NaN;;19.556;;0 / 19;965723;2018-11-09 17:53:43:772
-2.078;-0.555;9.807;71.0;0.0;49.16;48.15315;11.53396;564.7;NaN;;19.556;;0 / 19;965822;2018-11-09 17:53:43:871
-2.068;-0.699;9.816;58.0;0.0;49.16;48.15315;11.53396;564.7;NaN;;19.556;;0 / 19;965921;2018-11-09 17:53:43:970
-1.963;-0.708;9.845;60.0;0.0;49.16;48.15315;11.53396;564.7;NaN;;19.556;;0 / 19;966021;2018-11-09 17:53:44:070
-2.116;-0.689;9.998;48.0;0.0;52.41;48.15315;11.53396;564.7;NaN;;19.556;;0 / 19;966122;2018-11-09 17:53:44:171
-1.905;-0.632;9.778;51.0;0.0;52.41;48.15315;11.53396;564.7;NaN;;19.556;;0 / 19;966222;2018-11-09 17:53:44:271
-2.145;-0.718;9.941;53.0;0.0;52.41;48.15315;11.53396;564.7;NaN;;19.556;;0 / 19;966322;2018-11-09 17:53:44:371
-1.963;-0.699;9.826;48.0;0.0;47.58;48.15315;11.53396;564.7;NaN;;19.556;;0 / 19;966422;2018-11-09 17:53:44:471
-2.068;-0.603;9.672;48.0;0.0;47.58;48.15315;11.53396;564.7;NaN;;19.556;;0 / 19;966521;2018-11-09 17:53:44:570
-2.145;-0.737;10.113;48.0;0.0;47.58;48.15315;11.53396;564.7;NaN;;19.556;;0 / 19;966621;2018-11-09 17:53:44:670
-2.049;-0.718;9.979;45.0;0.0;50.8;48.15315;11.53396;564.7;NaN;;19.556;;0 / 19;966722;2018-11-09 17:53:44:771
-2.154;-0.66;9.816;40.0;0.0;50.8;48.15315;11.53396;564.7;NaN;;19.556;;0 / 19;966822;2018-11-09 17:53:44:871
-2.011;-0.756;9.912;42.0;0.0;50.8;48.15315;11.53396;564.7;NaN;;19.556;;0 / 19;966921;2018-11-09 17:53:44:970
-2.164;-0.574;9.807;39.0;0.0;50.97;48.15315;11.53396;564.7;NaN;;19.556;;0 / 19;967021;2018-11-09 17:53:45:070
-2.087;-0.66;9.816;59.0;0.0;50.97;48.15315;11.53396;564.7;NaN;;19.556;;0 / 19;967122;2018-11-09 17:53:45:171
-2.097;-0.67;9.854;33.0;0.0;50.97;48.15315;11.53396;564.7;NaN;;19.556;;0 / 19;967222;2018-11-09 17:53:45:271
-2.126;-0.689;9.845;50.0;0.0;51.98;48.15315;11.53396;564.7;NaN;;19.556;;0 / 19;967321;2018-11-09 17:53:45:370
-2.097;-0.641;9.807;48.0;0.0;51.98;48.15315;11.53396;564.7;NaN;;19.556;;0 / 19;967421;2018-11-09 17:53:45:470
-2.241;-0.67;9.807;44.0;0.0;51.98;48.15315;11.53396;564.7;NaN;;19.556;;0 / 19;967521;2018-11-09 17:53:45:570
-2.097;-0.679;9.778;58.0;0.0;48.72;48.15315;11.53396;564.7;NaN;;19.556;;0 / 19;967622;2018-11-09 17:53:45:671
-2.26;-0.622;9.778;45.0;0.0;48.72;48.15315;11.53396;564.7;NaN;;19.556;;0 / 19;967722;2018-11-09 17:53:45:771
-2.068;-0.612;9.854;50.0;0.0;48.72;48.15315;11.53396;564.7;NaN;;19.556;;0 / 19;967822;2018-11-09 17:53:45:871
-2.106;-0.545;9.835;70.0;0.0;49.85;48.15315;11.53396;564.7;NaN;;19.556;;0 / 19;967922;2018-11-09 17:53:45:971
-2.183;-0.699;9.874;63.0;0.0;49.85;48.15315;11.53396;564.7;NaN;;19.556;;0 / 19;968022;2018-11-09 17:53:46:071
-2.02;-0.574;9.845;48.0;0.0;49.85;48.15315;11.53396;564.7;NaN;;19.556;;0 / 19;968122;2018-11-09 17:53:46:171
-2.039;-0.469;9.692;59.0;0.0;48.74;48.15315;11.53396;564.7;NaN;;19.556;;0 / 19;968222;2018-11-09 17:53:46:271
-2.049;-0.373;9.931;35.0;0.0;48.74;48.15315;11.53396;564.7;NaN;;19.556;;0 / 19;968322;2018-11-09 17:53:46:371
-2.039;-0.498;9.95;35.0;0.0;48.74;48.15315;11.53396;564.7;NaN;;19.556;;0 / 19;968422;2018-11-09 17:53:46:471
-2.078;-0.45;9.912;23.0;0.0;52.27;48.15315;11.53396;564.7;NaN;;19.556;;0 / 19;968522;2018-11-09 17:53:46:571
-2.202;-0.593;9.787;27.0;0.0;52.27;48.15315;11.53396;564.7;NaN;;19.556;;0 / 19;968622;2018-11-09 17:53:46:671
-2.078;-0.622;9.854;38.0;0.0;52.27;48.15315;11.53396;564.7;NaN;;19.556;;0 / 19;968722;2018-11-09 17:53:46:771
-2.126;-0.641;9.586;34.0;0.0;51.25;48.15315;11.53396;564.7;NaN;;19.556;;0 / 19;968822;2018-11-09 17:53:46:871
-2.174;-0.67;9.969;32.0;0.0;51.25;48.15315;11.53392;564.7;NaN;;19.567;;0 / 19;968922;2018-11-09 17:53:46:971
-2.078;-0.766;9.893;44.0;0.0;51.25;48.15315;11.53392;564.7;NaN;;19.567;;0 / 19;969022;2018-11-09 17:53:47:071
-2.174;-0.775;9.874;44.0;0.0;52.71;48.15315;11.53392;564.7;NaN;;19.567;;0 / 19;969122;2018-11-09 17:53:47:171
-2.193;-0.603;9.807;67.0;0.0;52.71;48.15315;11.53392;564.7;NaN;;19.567;;0 / 19;969222;2018-11-09 17:53:47:271
-2.116;-0.679;9.835;44.0;0.0;52.71;48.15315;11.53392;564.7;NaN;;19.567;;0 / 19;969321;2018-11-09 17:53:47:370
-2.279;-0.747;9.931;37.0;0.0;52.55;48.15315;11.53392;564.7;NaN;;19.567;;0 / 19;969421;2018-11-09 17:53:47:470
-2.298;-0.9;9.835;19.0;0.0;52.55;48.15315;11.53392;564.7;NaN;;19.567;;0 / 19;969522;2018-11-09 17:53:47:571
-2.47;-0.651;9.759;24.0;0.0;52.55;48.15315;11.53392;564.7;NaN;;19.567;;0 / 19;969622;2018-11-09 17:53:47:671
-2.26;-0.66;9.893;57.0;0.0;50.33;48.15315;11.53392;564.7;NaN;;19.567;;0 / 19;969721;2018-11-09 17:53:47:770
-1.915;-1.034;9.807;45.0;0.0;50.33;48.15315;11.53392;564.7;NaN;;19.567;;0 / 19;969821;2018-11-09 17:53:47:870
-2.25;-1.043;10.046;47.0;0.0;50.33;48.15315;11.53392;564.7;NaN;;19.567;;0 / 19;969922;2018-11-09 17:53:47:971
-2.384;-0.928;9.787;49.0;0.0;50.1;48.15315;11.53392;564.7;NaN;;19.567;;0 / 19;970022;2018-11-09 17:53:48:071
-2.126;-0.996;9.969;55.0;0.0;50.1;48.15315;11.53392;564.7;NaN;;19.567;;0 / 19;970122;2018-11-09 17:53:48:171
-2.154;-1.139;9.73;43.0;0.0;50.1;48.15315;11.53392;564.7;NaN;;19.567;;0 / 19;970222;2018-11-09 17:53:48:271
-2.25;-1.245;9.807;48.0;0.0;52.59;48.15315;11.53392;564.7;NaN;;19.567;;0 / 19;970322;2018-11-09 17:53:48:371
-2.317;-1.024;9.921;54.0;0.0;52.59;48.15315;11.53392;564.7;NaN;;19.567;;0 / 19;970421;2018-11-09 17:53:48:470
-2.097;-0.957;9.807;40.0;0.0;52.59;48.15315;11.53392;564.7;NaN;;19.567;;0 / 19;970521;2018-11-09 17:53:48:570
-2.221;-1.245;9.883;34.0;0.0;56.29;48.15315;11.53392;564.7;NaN;;19.567;;0 / 19;970621;2018-11-09 17:53:48:670
-2.193;-1.254;9.95;63.0;0.0;56.29;48.15315;11.53392;564.7;NaN;;19.567;;0 / 19;970722;2018-11-09 17:53:48:771
-2.231;-1.484;9.5;51.0;0.0;56.29;48.15315;11.53392;564.7;NaN;;19.567;;0 / 19;970821;2018-11-09 17:53:48:870
-2.135;-1.474;9.912;59.0;0.0;56.78;48.15315;11.53392;564.7;NaN;;19.567;;0 / 19;970921;2018-11-09 17:53:48:970
-2.202;-1.57;9.423;52.0;0.0;56.78;48.15315;11.53392;564.7;NaN;;19.567;;0 / 19;971022;2018-11-09 17:53:49:071
-2.231;-1.685;9.682;63.0;0.0;56.78;48.15315;11.53392;564.7;NaN;;19.567;;0 / 19;971122;2018-11-09 17:53:49:171
-2.154;-1.589;9.586;62.0;0.0;57.41;48.15315;11.53392;564.7;NaN;;19.567;;0 / 19;971222;2018-11-09 17:53:49:271
-2.001;-1.714;9.605;51.0;0.0;57.41;48.15315;11.53392;564.7;NaN;;19.567;;0 / 19;971321;2018-11-09 17:53:49:370
-2.039;-1.541;9.577;57.0;0.0;57.41;48.15315;11.53392;564.7;NaN;;19.567;;0 / 19;971421;2018-11-09 17:53:49:470
-1.829;-1.618;9.625;47.0;0.0;55.35;48.15315;11.53392;564.7;NaN;;19.567;;0 / 19;971522;2018-11-09 17:53:49:571
-1.867;-1.58;9.893;50.0;0.0;55.35;48.15315;11.53392;564.7;NaN;;19.567;;0 / 19;971622;2018-11-09 17:53:49:671
-1.81;-1.541;9.96;51.0;0.0;55.35;48.15315;11.53392;564.7;NaN;;19.567;;0 / 19;971721;2018-11-09 17:53:49:770
-1.81;-1.743;9.711;61.0;0.0;53.58;48.15315;11.53392;564.7;NaN;;19.567;;0 / 19;971821;2018-11-09 17:53:49:870
-1.877;-1.446;9.893;33.0;0.0;53.58;48.15315;11.53392;564.7;NaN;;19.567;;0 / 19;971922;2018-11-09 17:53:49:971
-1.608;-1.513;9.826;36.0;0.0;53.58;48.15315;11.53392;564.7;NaN;;19.567;;0 / 19;972021;2018-11-09 17:53:50:070
-1.867;-1.513;9.72;51.0;0.0;53.48;48.15315;11.53392;564.7;NaN;;19.567;;0 / 19;972121;2018-11-09 17:53:50:170
-1.886;-1.551;9.874;36.0;0.0;53.48;48.15315;11.53392;564.7;NaN;;19.567;;0 / 19;972221;2018-11-09 17:53:50:270
-1.743;-1.57;9.778;31.0;0.0;53.48;48.15315;11.53392;564.7;NaN;;19.567;;0 / 19;972322;2018-11-09 17:53:50:371
-1.886;-1.618;9.749;31.0;0.0;50.38;48.15315;11.53392;564.7;NaN;;19.567;;0 / 19;972422;2018-11-09 17:53:50:471
-1.81;-1.599;9.749;31.0;0.0;50.38;48.15315;11.53392;564.7;NaN;;19.567;;0 / 19;972522;2018-11-09 17:53:50:571
-1.905;-1.522;9.807;31.0;0.0;50.38;48.15315;11.53392;564.7;NaN;;19.567;;0 / 19;972621;2018-11-09 17:53:50:670
-1.762;-1.637;9.759;26.0;0.0;48.54;48.15315;11.53392;564.7;NaN;;19.567;;0 / 19;972721;2018-11-09 17:53:50:770
-1.877;-1.637;9.615;32.0;0.0;48.54;48.15315;11.53392;564.7;NaN;;19.567;;0 / 19;972822;2018-11-09 17:53:50:871
-1.838;-1.714;9.998;45.0;0.0;48.54;48.15315;11.53392;564.7;NaN;;19.567;;0 / 19;972922;2018-11-09 17:53:50:971
-1.857;-1.656;9.759;38.0;0.0;51.83;48.15315;11.53392;564.7;NaN;;19.567;;0 / 19;973022;2018-11-09 17:53:51:071
-1.8;-1.819;9.807;33.0;0.0;51.83;48.15315;11.53392;564.7;NaN;;19.567;;0 / 19;973121;2018-11-09 17:53:51:170
-1.599;-1.857;9.787;40.0;0.0;51.83;48.15315;11.53392;564.7;NaN;;19.567;;0 / 19;973221;2018-11-09 17:53:51:270
-1.752;-1.982;9.874;33.0;0.0;50.59;48.15315;11.53392;564.7;NaN;;19.567;;0 / 19;973322;2018-11-09 17:53:51:371
-1.857;-1.848;10.046;38.0;0.0;50.59;48.15315;11.53392;564.7;NaN;;19.567;;0 / 19;973422;2018-11-09 17:53:51:471
-1.829;-1.752;9.912;40.0;0.0;50.59;48.15315;11.53392;564.7;NaN;;19.567;;0 / 19;973521;2018-11-09 17:53:51:570
-1.752;-1.704;9.663;45.0;0.0;50.26;48.15315;11.53392;564.7;NaN;;19.567;;0 / 19;973621;2018-11-09 17:53:51:670
-1.896;-1.762;9.998;46.0;0.0;50.26;48.15315;11.53392;564.7;NaN;;19.567;;0 / 19;973722;2018-11-09 17:53:51:771
-1.723;-1.647;9.807;32.0;0.0;50.26;48.15315;11.53392;564.7;NaN;;19.567;;0 / 19;973821;2018-11-09 17:53:51:870
-1.848;-1.81;9.768;33.0;0.0;50.2;48.15315;11.53392;564.7;NaN;;19.567;;0 / 19;973921;2018-11-09 17:53:51:970
-1.752;-1.752;9.883;29.0;0.0;50.2;48.15315;11.53392;564.7;NaN;;19.567;;0 / 19;974022;2018-11-09 17:53:52:071
-1.561;-1.676;9.452;48.0;0.0;50.2;48.15315;11.53392;564.7;NaN;;19.567;;0 / 19;974122;2018-11-09 17:53:52:171
-1.484;-1.656;9.548;39.0;0.0;50.75;48.15315;11.53392;564.7;NaN;;19.567;;0 / 19;974222;2018-11-09 17:53:52:271
-1.532;-1.608;9.998;46.0;0.0;50.75;48.15315;11.53392;564.7;NaN;;19.567;;0 / 19;974321;2018-11-09 17:53:52:370
-1.484;-1.484;9.768;44.0;0.0;50.75;48.15315;11.53392;564.7;NaN;;19.567;;0 / 19;974422;2018-11-09 17:53:52:471
-1.388;-1.541;9.72;40.0;0.0;52.84;48.15315;11.53392;564.7;NaN;;19.567;;0 / 19;974522;2018-11-09 17:53:52:571
-1.398;-1.494;9.72;27.0;0.0;52.84;48.15315;11.53392;564.7;NaN;;19.567;;0 / 19;974622;2018-11-09 17:53:52:671
-1.292;-1.379;9.845;41.0;0.0;52.84;48.15315;11.53392;564.7;NaN;;19.567;;0 / 19;974721;2018-11-09 17:53:52:770
-1.312;-1.388;9.883;32.0;0.0;52.41;48.15315;11.53392;564.7;NaN;;19.567;;0 / 19;974821;2018-11-09 17:53:52:870
-1.245;-1.245;9.692;33.0;0.0;52.41;48.15315;11.53392;564.7;NaN;;19.567;;0 / 19;974921;2018-11-09 17:53:52:970
-1.216;-1.091;9.797;46.0;0.0;52.41;48.15315;11.53392;564.7;NaN;;19.567;;0 / 19;975021;2018-11-09 17:53:53:070
-1.235;-1.053;9.864;51.0;0.0;52.41;48.15315;11.53392;564.7;NaN;;19.567;;0 / 19;975122;2018-11-09 17:53:53:171
-1.168;-0.919;9.672;31.0;0.0;53.03;48.15315;11.53392;564.7;NaN;;19.567;;0 / 19;975221;2018-11-09 17:53:53:270
-1.024;-0.976;9.816;42.0;0.0;53.03;48.15315;11.53392;564.7;NaN;;19.567;;0 / 19;975321;2018-11-09 17:53:53:370
-1.053;-0.938;9.902;40.0;0.0;53.03;48.15315;11.53392;564.7;NaN;;19.567;;0 / 19;975422;2018-11-09 17:53:53:471
-1.312;-1.053;9.739;33.0;0.0;50.48;48.15315;11.53392;564.7;NaN;;19.567;;0 / 19;975522;2018-11-09 17:53:53:571
-1.446;-1.082;9.883;40.0;0.0;50.48;48.15315;11.53392;564.7;NaN;;19.567;;0 / 19;975622;2018-11-09 17:53:53:671
-1.331;-1.177;9.73;44.0;0.0;50.48;48.15315;11.53392;564.7;NaN;;19.567;;0 / 19;975722;2018-11-09 17:53:53:771
-1.522;-1.216;9.816;29.0;0.0;53.13;48.15315;11.53392;564.7;NaN;;19.567;;0 / 19;975821;2018-11-09 17:53:53:870
-1.532;-1.168;9.759;49.0;0.0;53.13;48.15315;11.53392;564.7;NaN;;19.567;;0 / 19;975921;2018-11-09 17:53:53:970
-1.589;-1.139;9.759;40.0;0.0;53.13;48.15315;11.53392;564.7;NaN;;19.567;;0 / 19;976021;2018-11-09 17:53:54:070
-1.618;-1.101;9.883;37.0;0.0;52.29;48.15315;11.53392;564.7;NaN;;19.567;;0 / 19;976122;2018-11-09 17:53:54:171
-1.465;-1.082;9.893;43.0;0.0;52.29;48.15315;11.53392;564.7;NaN;;19.567;;0 / 19;976222;2018-11-09 17:53:54:271
-1.446;-0.756;9.73;33.0;0.0;52.29;48.15315;11.53392;564.7;NaN;;19.567;;0 / 19;976322;2018-11-09 17:53:54:371
-1.388;-0.727;9.931;48.0;0.0;52.91;48.15315;11.53392;564.7;NaN;;19.567;;0 / 19;976421;2018-11-09 17:53:54:470
-1.474;-0.498;9.739;41.0;0.0;52.91;48.15315;11.53392;564.7;NaN;;19.567;;0 / 19;976522;2018-11-09 17:53:54:571
-1.455;-0.526;9.835;26.0;0.0;52.91;48.15315;11.53392;564.7;NaN;;19.567;;0 / 19;976621;2018-11-09 17:53:54:670
-1.455;-0.43;9.807;39.0;0.0;53.2;48.15315;11.53392;564.7;NaN;;19.567;;0 / 19;976721;2018-11-09 17:53:54:770
-1.436;-0.555;9.931;42.0;0.0;53.2;48.15315;11.53392;564.7;NaN;;19.567;;0 / 19;976822;2018-11-09 17:53:54:871
-1.388;-0.536;9.682;22.0;0.0;53.2;48.15315;11.53392;564.7;NaN;;19.567;;0 / 19;976922;2018-11-09 17:53:54:971
-1.494;-0.622;9.826;18.0;0.0;50.45;48.15315;11.53392;564.7;NaN;;19.567;;0 / 19;977022;2018-11-09 17:53:55:071
-1.398;-0.651;9.739;33.0;0.0;50.45;48.15315;11.53392;564.7;NaN;;19.567;;0 / 18;977121;2018-11-09 17:53:55:170
-1.446;-0.469;9.807;47.0;0.0;50.45;48.15315;11.53392;564.7;NaN;;19.567;;0 / 18;977221;2018-11-09 17:53:55:270
-1.465;-0.555;9.826;34.0;0.0;50.64;48.15315;11.53392;564.7;NaN;;19.567;;0 / 18;977322;2018-11-09 17:53:55:371
-1.407;-0.603;9.864;41.0;0.0;50.64;48.15315;11.53392;564.7;NaN;;19.567;;0 / 18;977422;2018-11-09 17:53:55:471
-1.417;-0.737;9.883;26.0;0.0;50.64;48.15315;11.53392;564.7;NaN;;19.567;;0 / 18;977521;2018-11-09 17:53:55:570
-1.465;-0.766;9.72;32.0;0.0;52.44;48.15315;11.53392;564.7;NaN;;19.567;;0 / 18;977621;2018-11-09 17:53:55:670
-1.407;-0.67;9.835;38.0;0.0;52.44;48.15315;11.53392;564.7;NaN;;19.567;;0 / 18;977722;2018-11-09 17:53:55:771
-1.474;-0.67;9.625;23.0;0.0;52.44;48.15315;11.53392;564.7;NaN;;19.567;;0 / 18;977822;2018-11-09 17:53:55:871
-1.359;-0.689;9.826;49.0;0.0;51.9;48.15315;11.53392;564.7;NaN;;19.567;;0 / 18;977921;2018-11-09 17:53:55:970
-1.455;-0.632;9.835;44.0;0.0;51.9;48.15315;11.53392;564.7;NaN;;19.567;;0 / 18;978022;2018-11-09 17:53:56:071
-1.455;-0.67;9.874;38.0;0.0;51.9;48.15315;11.53392;564.7;NaN;;19.567;;0 / 18;978123;2018-11-09 17:53:56:172
-1.465;-0.67;9.797;29.0;0.0;50.86;48.15315;11.53392;564.7;NaN;;19.567;;0 / 18;978222;2018-11-09 17:53:56:271
-1.474;-0.699;9.883;40.0;0.0;50.86;48.15315;11.53392;564.7;NaN;;19.567;;0 / 18;978322;2018-11-09 17:53:56:371
-1.494;-0.622;9.749;45.0;0.0;50.86;48.15315;11.53392;564.7;NaN;;19.567;;0 / 18;978421;2018-11-09 17:53:56:470
-1.494;-0.651;9.835;26.0;0.0;50.99;48.15315;11.53392;564.7;NaN;;19.567;;0 / 18;978521;2018-11-09 17:53:56:570
-1.426;-0.622;9.826;34.0;0.0;50.99;48.15315;11.53392;564.7;NaN;;19.567;;0 / 18;978621;2018-11-09 17:53:56:670
-1.513;-0.603;9.807;37.0;0.0;50.99;48.15315;11.53392;564.7;NaN;;19.567;;0 / 18;978722;2018-11-09 17:53:56:771
-1.465;-0.612;9.854;43.0;0.0;52.05;48.15315;11.53392;564.7;NaN;;19.567;;0 / 18;978822;2018-11-09 17:53:56:871
-1.379;-0.622;9.912;38.0;0.0;52.05;48.15315;11.53392;564.7;NaN;;19.567;;0 / 18;978922;2018-11-09 17:53:56:971
-1.331;-0.603;9.663;51.0;0.0;52.05;48.15315;11.53392;564.7;NaN;;19.567;;0 / 18;979022;2018-11-09 17:53:57:071
-1.407;-0.679;9.921;50.0;0.0;52.21;48.15315;11.53392;564.7;NaN;;19.567;;0 / 18;979121;2018-11-09 17:53:57:170
-1.465;-0.603;9.864;34.0;0.0;52.21;48.15315;11.53392;564.7;NaN;;19.567;;0 / 18;979223;2018-11-09 17:53:57:272
-1.407;-0.679;9.883;54.0;0.0;52.21;48.15315;11.53392;564.7;NaN;;19.567;;0 / 18;979322;2018-11-09 17:53:57:371
-1.455;-0.584;9.893;40.0;0.0;52.93;48.15315;11.53392;564.7;NaN;;19.567;;0 / 18;979421;2018-11-09 17:53:57:470
-1.359;-0.699;9.701;49.0;0.0;52.93;48.15315;11.53392;564.7;NaN;;19.567;;0 / 18;979522;2018-11-09 17:53:57:571
-1.494;-0.708;9.682;45.0;0.0;52.93;48.15315;11.53392;564.7;NaN;;19.567;;0 / 18;979622;2018-11-09 17:53:57:671
-1.561;-0.603;9.883;54.0;0.0;51.88;48.15315;11.53392;564.7;NaN;;19.567;;0 / 18;979722;2018-11-09 17:53:57:771
-1.446;-0.584;9.921;44.0;0.0;51.88;48.15315;11.53392;564.7;NaN;;19.567;;0 / 18;979821;2018-11-09 17:53:57:870
-1.426;-0.603;9.692;34.0;0.0;51.88;48.15315;11.53392;564.7;NaN;;19.567;;0 / 18;979921;2018-11-09 17:53:57:970
-1.369;-0.622;9.835;36.0;0.0;49.54;48.15315;11.53392;564.7;NaN;;19.567;;0 / 18;980022;2018-11-09 17:53:58:071
-1.551;-0.775;9.807;41.0;0.0;49.54;48.15315;11.53392;564.7;NaN;;19.567;;0 / 18;980122;2018-11-09 17:53:58:171
-1.484;-0.632;9.874;30.0;0.0;49.54;48.15315;11.53392;564.7;NaN;;19.567;;0 / 18;980222;2018-11-09 17:53:58:271
-1.513;-0.727;9.816;49.0;0.0;51.41;48.15315;11.53392;564.7;NaN;;19.567;;0 / 18;980322;2018-11-09 17:53:58:371
-1.608;-0.699;9.749;36.0;0.0;51.41;48.15315;11.53392;564.7;NaN;;19.567;;0 / 18;980422;2018-11-09 17:53:58:471
-1.513;-0.689;9.874;35.0;0.0;51.41;48.15315;11.53392;564.7;NaN;;19.567;;0 / 18;980521;2018-11-09 17:53:58:570
-1.618;-0.708;9.787;46.0;0.0;50.83;48.15315;11.53392;564.7;NaN;;19.567;;0 / 18;980622;2018-11-09 17:53:58:671
-1.541;-0.737;9.845;30.0;0.0;50.83;48.15315;11.53392;564.7;NaN;;19.567;;0 / 18;980722;2018-11-09 17:53:58:771
-1.541;-0.699;9.73;32.0;0.0;50.83;48.15315;11.53392;564.7;NaN;;19.567;;0 / 18;980821;2018-11-09 17:53:58:870
-1.618;-0.708;9.826;34.0;0.0;50.4;48.15315;11.53392;564.7;NaN;;19.567;;0 / 18;980921;2018-11-09 17:53:58:970
-1.589;-0.66;9.759;34.0;0.0;50.4;48.15315;11.53392;564.7;NaN;;19.567;;0 / 18;981021;2018-11-09 17:53:59:070
-1.561;-0.737;9.893;43.0;0.0;50.4;48.15315;11.53392;564.7;NaN;;19.567;;0 / 18;981121;2018-11-09 17:53:59:170
-1.494;-0.747;9.931;35.0;0.0;50.78;48.15315;11.53392;564.7;NaN;;19.567;;0 / 18;981221;2018-11-09 17:53:59:270
-1.522;-0.708;9.797;22.0;0.0;50.78;48.15315;11.53392;564.7;NaN;;19.567;;0 / 18;981322;2018-11-09 17:53:59:371
-1.455;-0.679;9.759;47.0;0.0;50.78;48.15315;11.53392;564.7;NaN;;19.567;;0 / 18;981422;2018-11-09 17:53:59:471
-1.455;-0.775;9.864;40.0;0.0;52.14;48.15315;11.53392;564.7;NaN;;19.567;;0 / 18;981522;2018-11-09 17:53:59:571
-1.513;-0.756;9.739;34.0;0.0;52.14;48.15315;11.53392;564.7;NaN;;19.567;;0 / 18;981621;2018-11-09 17:53:59:670
-1.426;-0.718;9.749;32.0;0.0;52.14;48.15315;11.53392;564.7;NaN;;19.567;;0 / 18;981721;2018-11-09 17:53:59:770
-1.484;-0.699;9.701;15.0;0.0;50.66;48.15315;11.53392;564.7;NaN;;19.567;;0 / 18;981822;2018-11-09 17:53:59:871
-1.465;-0.804;9.73;31.0;0.0;50.66;48.15315;11.53392;564.7;NaN;;19.567;;0 / 18;981922;2018-11-09 17:53:59:971
-1.541;-0.833;9.759;42.0;0.0;50.66;48.15315;11.53392;564.7;NaN;;19.567;;0 / 18;982022;2018-11-09 17:54:00:071
-1.474;-0.804;9.95;45.0;0.0;50.57;48.15315;11.53392;564.7;NaN;;19.567;;0 / 18;982122;2018-11-09 17:54:00:171
-1.407;-0.727;9.807;26.0;0.0;50.57;48.15315;11.53392;564.7;NaN;;19.567;;0 / 18;982221;2018-11-09 17:54:00:270
-1.455;-0.708;9.634;31.0;0.0;50.57;48.15315;11.53392;564.7;NaN;;19.567;;0 / 18;982321;2018-11-09 17:54:00:370
-1.446;-0.66;9.807;27.0;0.0;51.4;48.15315;11.53392;564.7;NaN;;19.567;;0 / 18;982422;2018-11-09 17:54:00:471
-1.465;-0.67;9.797;30.0;0.0;51.4;48.15315;11.53392;564.7;NaN;;19.567;;0 / 18;982522;2018-11-09 17:54:00:571
-1.465;-0.622;9.826;45.0;0.0;51.4;48.15315;11.53392;564.7;NaN;;19.567;;0 / 18;982621;2018-11-09 17:54:00:670
-1.474;-0.651;9.816;21.0;0.0;49.64;48.15315;11.53392;564.7;NaN;;19.567;;0 / 18;982722;2018-11-09 17:54:00:771
-1.388;-0.699;9.73;30.0;0.0;49.64;48.15315;11.53392;564.7;NaN;;19.567;;0 / 18;982822;2018-11-09 17:54:00:871
-1.522;-0.632;9.739;34.0;0.0;49.64;48.15315;11.53392;564.7;NaN;;19.567;;0 / 18;982921;2018-11-09 17:54:00:970
-1.484;-0.814;9.979;36.0;0.0;51.24;48.15315;11.53392;564.7;NaN;;19.567;;0 / 18;983022;2018-11-09 17:54:01:071
-1.446;-0.938;9.883;23.0;0.0;51.24;48.15315;11.53392;564.7;NaN;;19.567;;0 / 18;983122;2018-11-09 17:54:01:171
-1.436;-0.938;10.008;35.0;0.0;51.24;48.15315;11.53392;564.7;NaN;;19.567;;0 / 18;983221;2018-11-09 17:54:01:270
-1.426;-0.928;9.557;40.0;0.0;54.49;48.15315;11.53392;564.7;NaN;;19.567;;0 / 18;983321;2018-11-09 17:54:01:370
-1.532;-0.967;9.701;45.0;0.0;54.49;48.15315;11.53392;564.7;NaN;;19.567;;0 / 18;983422;2018-11-09 17:54:01:471
-1.417;-0.804;9.749;31.0;0.0;54.49;48.15315;11.53392;564.7;NaN;;19.567;;0 / 18;983522;2018-11-09 17:54:01:571
-1.446;-0.794;9.787;38.0;0.0;50.87;48.15315;11.53392;564.7;NaN;;19.567;;0 / 18;983621;2018-11-09 17:54:01:670
-1.398;-0.89;9.778;38.0;0.0;50.87;48.15315;11.53392;564.7;NaN;;19.567;;0 / 18;983722;2018-11-09 17:54:01:771
-1.417;-0.89;9.826;50.0;0.0;50.87;48.15315;11.53392;564.7;NaN;;19.567;;0 / 18;983822;2018-11-09 17:54:01:871
-1.331;-0.976;9.921;52.0;0.0;52.97;48.15315;11.53392;564.7;NaN;;19.567;;0 / 18;983921;2018-11-09 17:54:01:970
-1.292;-0.996;9.807;64.0;0.0;52.97;48.15315;11.53392;564.7;NaN;;19.567;;0 / 18;984022;2018-11-09 17:54:02:071
-1.359;-1.005;9.979;47.0;0.0;52.97;48.15315;11.53392;564.7;NaN;;19.567;;0 / 18;984122;2018-11-09 17:54:02:171
-1.417;-1.024;9.874;66.0;0.0;54.86;48.15315;11.53392;564.7;NaN;;19.567;;0 / 18;984221;2018-11-09 17:54:02:270
-1.264;-1.063;9.778;60.0;0.0;54.86;48.15315;11.53392;564.7;NaN;;19.567;;0 / 18;984321;2018-11-09 17:54:02:370
-1.398;-0.996;9.826;51.0;0.0;54.86;48.15315;11.53392;564.7;NaN;;19.567;;0 / 18;984421;2018-11-09 17:54:02:470
-1.407;-1.034;10.075;52.0;0.0;53.24;48.15315;11.53392;564.7;NaN;;19.567;;0 / 18;984522;2018-11-09 17:54:02:571
-1.283;-1.139;9.692;60.0;0.0;53.24;48.15315;11.53392;564.7;NaN;;19.567;;0 / 18;984622;2018-11-09 17:54:02:671
-1.398;-1.149;9.672;52.0;0.0;53.24;48.15315;11.53392;564.7;NaN;;19.567;;0 / 18;984725;2018-11-09 17:54:02:774
-1.331;-1.264;9.826;55.0;0.0;50.43;48.15315;11.53392;564.7;NaN;;19.567;;0 / 18;984821;2018-11-09 17:54:02:870
-1.369;-1.264;9.864;51.0;0.0;50.43;48.15315;11.53392;564.7;NaN;;19.567;;0 / 18;984921;2018-11-09 17:54:02:970
-1.35;-1.388;9.672;65.0;0.0;50.43;48.15315;11.53392;564.7;NaN;;19.567;;0 / 18;985022;2018-11-09 17:54:03:071
-1.398;-1.369;9.807;63.0;0.0;54.02;48.15315;11.53392;564.7;NaN;;19.567;;0 / 18;985122;2018-11-09 17:54:03:171
-1.407;-1.321;9.653;59.0;0.0;54.02;48.15315;11.53392;564.7;NaN;;19.567;;0 / 18;985222;2018-11-09 17:54:03:271
-1.321;-1.455;9.778;65.0;0.0;54.02;48.15315;11.53392;564.7;NaN;;19.567;;0 / 18;985322;2018-11-09 17:54:03:371
-1.446;-1.34;9.864;46.0;0.0;52.45;48.15315;11.53392;564.7;NaN;;19.567;;0 / 18;985421;2018-11-09 17:54:03:470
-1.292;-1.331;9.835;79.0;0.0;52.45;48.15315;11.53392;564.7;NaN;;19.567;;0 / 18;985521;2018-11-09 17:54:03:570
-1.426;-1.388;9.807;56.0;0.0;52.45;48.15315;11.53392;564.7;NaN;;19.567;;0 / 18;985621;2018-11-09 17:54:03:670
-1.273;-1.321;9.988;56.0;0.0;54.42;48.15315;11.53392;564.7;NaN;;19.567;;0 / 18;985722;2018-11-09 17:54:03:771
-1.264;-1.302;9.692;56.0;0.0;54.42;48.15315;11.53392;564.7;NaN;;19.567;;0 / 18;985824;2018-11-09 17:54:03:873
-1.312;-1.321;9.739;63.0;0.0;54.42;48.15315;11.53392;564.7;NaN;;19.567;;0 / 18;985922;2018-11-09 17:54:03:971
-1.302;-1.331;9.749;51.0;0.0;51.93;48.15315;11.53392;564.7;NaN;;19.567;;0 / 18;986022;2018-11-09 17:54:04:071
-1.369;-1.398;9.768;64.0;0.0;51.93;48.15315;11.53392;564.7;NaN;;19.567;;0 / 18;986122;2018-11-09 17:54:04:171
-1.369;-1.388;9.854;59.0;0.0;51.93;48.15315;11.53392;564.7;NaN;;19.567;;0 / 18;986221;2018-11-09 17:54:04:270
-1.446;-1.11;9.692;52.0;0.0;51.26;48.15315;11.53392;564.7;NaN;;19.567;;0 / 18;986321;2018-11-09 17:54:04:370
-1.331;-1.043;9.979;67.0;0.0;51.26;48.15315;11.53392;564.7;NaN;;19.567;;0 / 18;986421;2018-11-09 17:54:04:470
-1.398;-1.12;9.49;60.0;0.0;51.26;48.15315;11.53392;564.7;NaN;;19.567;;0 / 18;986522;2018-11-09 17:54:04:571
-1.359;-0.881;10.094;46.0;0.0;54.46;48.15315;11.53392;564.7;NaN;;19.567;;0 / 18;986622;2018-11-09 17:54:04:671
-1.292;-0.565;9.711;66.0;0.0;54.46;48.15315;11.53392;564.7;NaN;;19.567;;0 / 18;986722;2018-11-09 17:54:04:771
-1.235;-0.392;9.854;55.0;0.0;54.46;48.15315;11.53392;564.7;NaN;;19.567;;0 / 18;986822;2018-11-09 17:54:04:871
-1.292;-0.344;9.759;59.0;0.0;56.83;48.15315;11.53392;564.7;NaN;;19.567;;0 / 18;986922;2018-11-09 17:54:04:971
-1.168;-0.622;9.969;56.0;0.0;56.83;48.15315;11.53392;564.7;NaN;;19.567;;0 / 18;987022;2018-11-09 17:54:05:071
-1.34;-0.536;9.96;63.0;0.0;56.83;48.15315;11.53392;564.7;NaN;;19.567;;0 / 18;987122;2018-11-09 17:54:05:171
-1.283;-0.392;9.529;51.0;0.0;53.59;48.15315;11.53392;564.7;NaN;;19.567;;0 / 18;987221;2018-11-09 17:54:05:270
-1.398;-0.507;9.768;58.0;0.0;53.59;48.15315;11.53392;564.7;NaN;;19.567;;0 / 18;987321;2018-11-09 17:54:05:370
-1.417;-0.632;9.864;49.0;0.0;53.59;48.15315;11.53392;564.7;NaN;;19.567;;0 / 18;987422;2018-11-09 17:54:05:471
-1.417;-0.699;9.969;48.0;0.0;55.96;48.15315;11.53392;564.7;NaN;;19.567;;0 / 18;987522;2018-11-09 17:54:05:571
-1.34;-0.584;9.663;45.0;0.0;55.96;48.15315;11.53392;564.7;NaN;;19.567;;0 / 18;987621;2018-11-09 17:54:05:670
-1.388;-0.498;9.797;47.0;0.0;55.96;48.15315;11.53392;564.7;NaN;;19.567;;0 / 18;987721;2018-11-09 17:54:05:770
-1.312;-0.555;9.759;70.0;0.0;54.17;48.15315;11.53392;564.7;NaN;;19.567;;0 / 18;987822;2018-11-09 17:54:05:871
-1.426;-0.545;9.797;62.0;0.0;54.17;48.15315;11.53392;564.7;NaN;;19.567;;0 / 18;987922;2018-11-09 17:54:05:971
-1.292;-0.565;9.759;69.0;0.0;54.17;48.15315;11.53392;564.7;NaN;;19.567;;0 / 18;988022;2018-11-09 17:54:06:071
-4.941;0.632;9.232;90.0;0.0;54.01;48.15315;11.53392;564.7;NaN;;19.567;;0 / 18;988122;2018-11-09 17:54:06:171
-3.055;-1.915;9.395;550.0;0.0;54.01;48.15315;11.53392;564.7;NaN;;19.567;;0 / 18;988222;2018-11-09 17:54:06:271
-1.292;-1.752;10.41;550.0;1.0;54.01;48.15315;11.53392;564.7;NaN;;19.567;;0 / 18;988322;2018-11-09 17:54:06:371
3.15;-0.047;11.415;760.0;1.0;54.97;48.15315;11.53392;564.7;NaN;;19.567;;0 / 18;988421;2018-11-09 17:54:06:470
1.302;-0.756;13.609;758.0;1.0;54.97;48.15315;11.53392;564.7;NaN;;19.567;;0 / 18;988521;2018-11-09 17:54:06:570
-0.699;1.551;8.657;764.0;1.0;54.97;48.15315;11.53392;564.7;NaN;;19.567;;0 / 18;988621;2018-11-09 17:54:06:670
-0.727;1.532;9.912;776.0;1.0;53.92;48.15315;11.53392;564.7;NaN;;19.567;;0 / 18;988721;2018-11-09 17:54:06:770
-0.689;1.57;8.312;764.0;1.0;53.92;48.15315;11.53392;564.7;NaN;;19.567;;0 / 18;988822;2018-11-09 17:54:06:871
-3.648;0.861;8.571;770.0;1.0;53.92;48.15315;11.53392;564.7;NaN;;19.567;;0 / 18;988922;2018-11-09 17:54:06:971
-4.252;-0.861;9.778;795.0;1.0;54.83;48.15315;11.53392;564.7;NaN;;19.567;;0 / 18;989021;2018-11-09 17:54:07:070
3.782;0.181;8.293;826.0;1.0;54.83;48.15315;11.53392;564.7;NaN;;19.567;;0 / 18;989122;2018-11-09 17:54:07:171
-1.762;-1.015;10.19;717.0;1.0;54.83;48.15315;11.53392;564.7;NaN;;19.567;;0 / 18;989222;2018-11-09 17:54:07:271
2.892;-1.091;11.569;696.0;1.0;54.27;48.15315;11.53392;564.7;NaN;;19.567;;0 / 18;989322;2018-11-09 17:54:07:371
1.972;0.957;10.008;1281.0;1.0;54.27;48.15315;11.53392;564.7;NaN;;19.567;;0 / 18;989422;2018-11-09 17:54:07:471
-0.172;0.948;9.299;1488.0;1.0;54.27;48.15315;11.53392;564.7;NaN;;19.567;;0 / 18;989522;2018-11-09 17:54:07:571
-3.352;0.258;8.226;1001.0;1.0;54.46;48.15315;11.53392;564.7;NaN;;19.567;;0 / 18;989622;2018-11-09 17:54:07:671
-4.242;0.0;8.188;451.0;1.0;54.46;48.15315;11.53392;564.7;NaN;;19.567;;0 / 18;989722;2018-11-09 17:54:07:771
-5.401;0.325;7.661;194.0;1.0;54.46;48.15315;11.53392;564.7;NaN;;19.567;;0 / 18;989822;2018-11-09 17:54:07:871
-5.171;0.411;8.006;103.0;1.0;55.64;48.15315;11.53392;564.7;NaN;;19.567;;0 / 18;989922;2018-11-09 17:54:07:971
-5.612;0.699;7.316;97.0;1.0;55.64;48.15315;11.53392;564.7;NaN;;19.567;;0 / 18;990022;2018-11-09 17:54:08:071
-5.018;0.469;7.853;105.0;1.0;55.64;48.15383;11.53331;;NaN;;100.0;;0 / 18;990123;2018-11-09 17:54:08:172
-4.903;0.517;7.987;105.0;1.0;55.04;48.15383;11.53331;;NaN;;100.0;;0 / 18;990222;2018-11-09 17:54:08:271
-4.778;0.565;7.546;92.0;1.0;55.04;48.15383;11.53331;;NaN;;100.0;;0 / 18;990324;2018-11-09 17:54:08:373
-2.164;1.063;7.939;141.0;1.0;55.04;48.15383;11.53331;;NaN;;100.0;;0 / 18;990422;2018-11-09 17:54:08:471
-2.365;-0.076;9.059;478.0;1.0;54.7;48.15383;11.53331;;NaN;;100.0;;0 / 18;990522;2018-11-09 17:54:08:571
0.651;0.143;8.734;331.0;1.0;54.7;48.15383;11.53331;;NaN;;100.0;;0 / 18;990622;2018-11-09 17:54:08:671
1.704;0.268;9.031;469.0;1.0;54.7;48.15383;11.53331;;NaN;;100.0;;0 / 18;990722;2018-11-09 17:54:08:771
1.848;0.421;8.992;483.0;1.0;54.99;48.15383;11.53331;;NaN;;100.0;;0 / 18;990821;2018-11-09 17:54:08:870
1.723;0.411;9.577;372.0;1.0;54.99;48.15383;11.53331;;NaN;;100.0;;0 / 18;990922;2018-11-09 17:54:08:971
1.867;0.344;9.912;351.0;1.0;54.99;48.15383;11.53331;;NaN;;100.0;;0 / 18;991022;2018-11-09 17:54:09:071
1.494;0.287;9.471;313.0;1.0;53.86;48.15383;11.53331;;NaN;;100.0;;0 / 18;991122;2018-11-09 17:54:09:171
1.513;0.402;9.807;469.0;1.0;53.86;48.15383;11.53331;;NaN;;100.0;;0 / 18;991223;2018-11-09 17:54:09:272
1.589;0.258;9.96;454.0;1.0;53.86;48.15383;11.53331;;NaN;;100.0;;0 / 18;991322;2018-11-09 17:54:09:371
1.561;0.239;9.969;318.0;1.0;53.86;48.15383;11.53331;;NaN;;100.0;;0 / 18;991423;2018-11-09 17:54:09:472
1.656;0.268;9.893;318.0;0.0;55.09;48.15383;11.53331;;NaN;;100.0;;0 / 18;991522;2018-11-09 17:54:09:571
1.503;-0.239;10.515;153.0;0.0;55.09;48.15383;11.53331;;NaN;;100.0;;0 / 18;991622;2018-11-09 17:54:09:671
1.35;-0.076;8.82;97.0;0.0;55.09;48.15383;11.53331;;NaN;;100.0;;0 / 18;991722;2018-11-09 17:54:09:771
1.417;0.469;9.002;96.0;0.0;55.16;48.15383;11.53331;;NaN;;100.0;;0 / 18;991822;2018-11-09 17:54:09:871
1.465;0.086;9.931;148.0;0.0;55.16;48.15383;11.53331;;NaN;;100.0;;0 / 18;991922;2018-11-09 17:54:09:971
1.321;-0.019;9.433;188.0;0.0;55.16;48.15383;11.53331;;NaN;;100.0;;0 / 18;992021;2018-11-09 17:54:10:070
1.465;0.21;9.941;224.0;0.0;52.62;48.15383;11.53331;;NaN;;100.0;;0 / 18;992121;2018-11-09 17:54:10:170
1.369;0.268;9.625;227.0;0.0;52.62;48.15383;11.53331;;NaN;;100.0;;0 / 18;992222;2018-11-09 17:54:10:271
1.331;0.086;10.247;181.0;0.0;52.62;48.15383;11.53331;;NaN;;100.0;;0 / 18;992321;2018-11-09 17:54:10:370
1.206;0.095;9.605;170.0;0.0;53.81;48.15383;11.53331;;NaN;;100.0;;0 / 18;992421;2018-11-09 17:54:10:470
1.331;0.095;9.826;166.0;0.0;53.81;48.15383;11.53331;;NaN;;100.0;;0 / 18;992522;2018-11-09 17:54:10:571
1.235;-0.019;9.893;180.0;0.0;53.81;48.15383;11.53331;;NaN;;100.0;;0 / 18;992622;2018-11-09 17:54:10:671
1.321;-0.028;9.835;223.0;0.0;53.61;48.15383;11.53331;;NaN;;100.0;;0 / 18;992722;2018-11-09 17:54:10:771
1.187;0.076;9.529;225.0;0.0;53.61;48.15383;11.53331;;NaN;;100.0;;0 / 18;992822;2018-11-09 17:54:10:871
1.541;-0.306;10.592;229.0;0.0;53.61;48.15383;11.53331;;NaN;;100.0;;0 / 18;992921;2018-11-09 17:54:10:970
0.871;-0.536;9.921;219.0;0.0;51.9;48.15383;11.53331;;NaN;;100.0;;0 / 18;993021;2018-11-09 17:54:11:070
1.206;-0.699;10.745;238.0;0.0;51.9;48.15383;11.53331;;NaN;;100.0;;0 / 18;993121;2018-11-09 17:54:11:170
1.063;-0.584;10.477;188.0;0.0;51.9;48.15383;11.53331;;NaN;;100.0;;0 / 18;993222;2018-11-09 17:54:11:271
1.091;-0.622;10.439;151.0;0.0;55.15;48.15383;11.53331;;NaN;;100.0;;0 / 18;993322;2018-11-09 17:54:11:371
1.254;-0.603;10.18;152.0;0.0;55.15;48.15383;11.53331;;NaN;;100.0;;0 / 18;993422;2018-11-09 17:54:11:471
1.302;-0.268;9.49;156.0;0.0;55.15;48.15383;11.53331;;NaN;;100.0;;0 / 18;993521;2018-11-09 17:54:11:570
1.158;-0.641;10.161;154.0;0.0;51.21;48.15383;11.53331;;NaN;;100.0;;0 / 18;993621;2018-11-09 17:54:11:670
1.417;-0.641;9.787;159.0;0.0;51.21;48.15383;11.53331;;NaN;;100.0;;0 / 18;993722;2018-11-09 17:54:11:771
1.149;-0.871;9.768;146.0;0.0;51.21;48.15383;11.53331;;NaN;;100.0;;0 / 18;993822;2018-11-09 17:54:11:871
1.273;-1.024;9.72;147.0;0.0;52.25;48.15383;11.53331;;NaN;;100.0;;0 / 18;993922;2018-11-09 17:54:11:971
1.417;-0.919;10.142;139.0;0.0;52.25;48.15383;11.53331;;NaN;;100.0;;0 / 18;994022;2018-11-09 17:54:12:071
1.149;-0.9;9.366;154.0;0.0;52.25;48.15383;11.53331;;NaN;;100.0;;0 / 18;994121;2018-11-09 17:54:12:170
1.541;-0.871;10.075;150.0;0.0;53.59;48.15383;11.53331;;NaN;;100.0;;0 / 18;994221;2018-11-09 17:54:12:270
1.254;-0.89;9.538;138.0;0.0;53.59;48.15383;11.53331;;NaN;;100.0;;0 / 18;994321;2018-11-09 17:54:12:370
1.302;-0.861;9.979;137.0;0.0;53.59;48.15383;11.53331;;NaN;;100.0;;0 / 18;994421;2018-11-09 17:54:12:470
1.34;-0.823;9.778;132.0;0.0;57.2;48.15383;11.53331;;NaN;;100.0;;0 / 18;994521;2018-11-09 17:54:12:570
1.245;-0.871;9.577;115.0;0.0;57.2;48.15383;11.53331;;NaN;;100.0;;0 / 18;994621;2018-11-09 17:54:12:670
1.494;-0.833;10.065;146.0;0.0;57.2;48.15383;11.53331;;NaN;;100.0;;0 / 18;994721;2018-11-09 17:54:12:770
1.292;-1.005;10.094;115.0;0.0;53.99;48.15383;11.53331;;NaN;;100.0;;0 / 18;994821;2018-11-09 17:54:12:870
1.273;-0.89;9.605;127.0;0.0;53.99;48.15383;11.53331;;NaN;;100.0;;0 / 18;994923;2018-11-09 17:54:12:972
1.522;-0.948;9.854;126.0;0.0;53.99;48.15383;11.53331;;NaN;;100.0;;0 / 18;995022;2018-11-09 17:54:13:071
1.637;-0.957;9.787;136.0;0.0;56.81;48.15383;11.53331;;NaN;;100.0;;0 / 18;995121;2018-11-09 17:54:13:170
1.503;-1.197;9.883;132.0;0.0;56.81;48.15383;11.53331;;NaN;;100.0;;0 / 18;995221;2018-11-09 17:54:13:270
1.484;-1.034;9.672;125.0;0.0;56.81;48.15383;11.53331;;NaN;;100.0;;0 / 18;995321;2018-11-09 17:54:13:370
1.331;-1.158;9.51;92.0;0.0;56.28;48.15383;11.53331;;NaN;;100.0;;0 / 18;995422;2018-11-09 17:54:13:471
1.417;-1.168;10.697;73.0;0.0;56.28;48.15383;11.53331;;NaN;;100.0;;0 / 18;995522;2018-11-09 17:54:13:571
1.503;-0.766;9.605;73.0;0.0;56.28;48.15383;11.53331;;NaN;;100.0;;0 / 18;995622;2018-11-09 17:54:13:671
1.34;-0.89;9.663;89.0;0.0;55.99;48.15383;11.53331;;NaN;;100.0;;0 / 18;995722;2018-11-09 17:54:13:771
1.723;-0.861;9.95;125.0;0.0;55.99;48.15383;11.53331;;NaN;;100.0;;0 / 18;995821;2018-11-09 17:54:13:870
1.359;-0.986;9.596;127.0;0.0;55.99;48.15383;11.53331;;NaN;;100.0;;0 / 18;995921;2018-11-09 17:54:13:970
1.829;-0.996;10.036;149.0;0.0;54.77;48.15383;11.53331;;NaN;;100.0;;0 / 18;996022;2018-11-09 17:54:14:071
1.532;-0.756;9.577;142.0;0.0;54.77;48.15383;11.53331;;NaN;;100.0;;0 / 18;996122;2018-11-09 17:54:14:171
1.599;-0.967;9.452;143.0;0.0;54.77;48.15383;11.53331;;NaN;;100.0;;0 / 18;996222;2018-11-09 17:54:14:271
1.81;-1.254;9.96;142.0;0.0;56.78;48.15383;11.53331;;NaN;;100.0;;0 / 18;996322;2018-11-09 17:54:14:371
1.695;-1.187;9.759;146.0;0.0;56.78;48.15383;11.53331;;NaN;;100.0;;0 / 18;996422;2018-11-09 17:54:14:471
1.465;-1.072;9.203;124.0;0.0;56.78;48.15383;11.53331;;NaN;;100.0;;0 / 18;996522;2018-11-09 17:54:14:571
1.819;-1.13;10.103;134.0;0.0;57.38;48.15383;11.53331;;NaN;;100.0;;0 / 18;996622;2018-11-09 17:54:14:671
1.57;-1.245;9.519;122.0;0.0;57.38;48.15383;11.53331;;NaN;;100.0;;0 / 18;996722;2018-11-09 17:54:14:771
1.733;-1.12;9.787;119.0;0.0;57.38;48.15383;11.53331;;NaN;;100.0;;0 / 18;996822;2018-11-09 17:54:14:871
1.743;-1.072;9.653;119.0;0.0;58.61;48.15383;11.53331;;NaN;;100.0;;0 / 18;996922;2018-11-09 17:54:14:971
1.733;-1.168;9.807;113.0;0.0;58.61;48.15383;11.53331;;NaN;;100.0;;0 / 18;997022;2018-11-09 17:54:15:071
1.762;-1.216;9.854;122.0;0.0;58.61;48.15383;11.53331;;NaN;;100.0;;0 / 18;997121;2018-11-09 17:54:15:170
1.647;-1.053;9.644;134.0;0.0;56.05;48.15383;11.53331;;NaN;;100.0;;0 / 18;997221;2018-11-09 17:54:15:270
1.771;-1.177;9.921;127.0;0.0;56.05;48.15383;11.53331;;NaN;;100.0;;0 / 18;997322;2018-11-09 17:54:15:371
1.877;-1.139;9.73;115.0;0.0;56.05;48.15383;11.53331;;NaN;;100.0;;0 / 18;997422;2018-11-09 17:54:15:471
1.81;-1.053;9.557;138.0;0.0;55.47;48.15383;11.53331;;NaN;;100.0;;0 / 18;997522;2018-11-09 17:54:15:571
1.848;-1.024;10.237;136.0;0.0;55.47;48.15383;11.53331;;NaN;;100.0;;0 / 18;997621;2018-11-09 17:54:15:670
1.848;-1.091;9.73;167.0;0.0;55.47;48.15383;11.53331;;NaN;;100.0;;0 / 18;997721;2018-11-09 17:54:15:770
1.905;-1.101;9.845;156.0;0.0;58.3;48.15383;11.53331;;NaN;;100.0;;0 / 18;997822;2018-11-09 17:54:15:871
1.762;-0.938;9.682;154.0;0.0;58.3;48.15383;11.53331;;NaN;;100.0;;0 / 18;997922;2018-11-09 17:54:15:971
1.992;-0.9;9.96;156.0;0.0;58.3;48.15383;11.53331;;NaN;;100.0;;0 / 18;998022;2018-11-09 17:54:16:071
1.762;-1.043;9.893;139.0;0.0;54.92;48.15383;11.53331;;NaN;;100.0;;0 / 18;998122;2018-11-09 17:54:16:171
1.599;-1.053;9.797;132.0;0.0;54.92;48.15383;11.53331;;NaN;;100.0;;0 / 18;998221;2018-11-09 17:54:16:270
1.829;-0.976;9.874;139.0;0.0;54.92;48.15383;11.53331;;NaN;;100.0;;0 / 18;998321;2018-11-09 17:54:16:370
1.848;-0.909;9.787;239.0;0.0;55.28;48.15383;11.53331;;NaN;;100.0;;0 / 18;998421;2018-11-09 17:54:16:470
1.829;-0.842;9.692;345.0;1.0;55.28;48.15383;11.53331;;NaN;;100.0;;0 / 18;998521;2018-11-09 17:54:16:570
1.771;-0.909;9.941;340.0;1.0;55.28;48.15383;11.53331;;NaN;;100.0;;0 / 18;998622;2018-11-09 17:54:16:671
1.857;-0.775;9.931;344.0;1.0;53.9;48.15383;11.53331;;NaN;;100.0;;0 / 18;998722;2018-11-09 17:54:16:771
1.752;-0.852;9.625;308.0;1.0;53.9;48.15383;11.53331;;NaN;;100.0;;0 / 18;998822;2018-11-09 17:54:16:871
1.8;-0.699;9.711;261.0;1.0;53.9;48.15383;11.53331;;NaN;;100.0;;0 / 18;998922;2018-11-09 17:54:16:971
1.896;-0.727;10.094;208.0;1.0;53.98;48.15383;11.53331;;NaN;;100.0;;0 / 18;999022;2018-11-09 17:54:17:071
1.886;-0.852;10.036;204.0;1.0;53.98;48.15383;11.53331;;NaN;;100.0;;0 / 18;999122;2018-11-09 17:54:17:171
1.781;-0.679;9.634;178.0;1.0;53.98;48.15383;11.53331;;NaN;;100.0;;0 / 18;999222;2018-11-09 17:54:17:271
1.915;-0.833;10.046;119.0;0.0;52.35;48.15383;11.53331;;NaN;;100.0;;0 / 18;999322;2018-11-09 17:54:17:371
1.972;-0.756;9.921;107.0;0.0;52.35;48.15383;11.53331;;NaN;;100.0;;0 / 18;999421;2018-11-09 17:54:17:470
1.886;-1.187;9.835;135.0;0.0;52.35;48.15383;11.53331;;NaN;;100.0;;0 / 18;999521;2018-11-09 17:54:17:570
1.8;-1.091;9.845;233.0;0.0;52.16;48.15383;11.53331;;NaN;;100.0;;0 / 18;999621;2018-11-09 17:54:17:670
1.982;-0.967;9.73;208.0;0.0;52.16;48.15383;11.53331;;NaN;;100.0;;0 / 18;999721;2018-11-09 17:54:17:770
1.905;-1.13;9.874;208.0;1.0;52.16;48.15383;11.53331;;NaN;;100.0;;0 / 18;999822;2018-11-09 17:54:17:871
1.992;-1.206;9.749;175.0;1.0;51.5;48.15383;11.53331;;NaN;;100.0;;0 / 18;999922;2018-11-09 17:54:17:971
2.001;-1.494;10.237;152.0;1.0;51.5;48.15383;11.53331;;NaN;;100.0;;0 / 18;1000021;2018-11-09 17:54:18:070
1.695;-1.216;8.839;127.0;1.0;51.5;48.15383;11.53331;;NaN;;100.0;;0 / 18;1000121;2018-11-09 17:54:18:170
2.212;-1.752;9.874;112.0;1.0;51.64;48.15383;11.53331;;NaN;;100.0;;0 / 18;1000222;2018-11-09 17:54:18:271
1.637;-1.743;9.222;119.0;1.0;51.64;48.15383;11.53331;;NaN;;100.0;;0 / 18;1000322;2018-11-09 17:54:18:371
1.867;-1.321;9.002;115.0;1.0;51.64;48.15383;11.53331;;NaN;;100.0;;0 / 18;1000421;2018-11-09 17:54:18:470
2.145;-1.676;10.448;148.0;1.0;54.1;48.15383;11.53331;;NaN;;100.0;;0 / 18;1000521;2018-11-09 17:54:18:570
1.723;-1.723;9.347;102.0;1.0;54.1;48.15383;11.53331;;NaN;;100.0;;0 / 18;1000622;2018-11-09 17:54:18:671
1.733;-1.359;9.136;135.0;1.0;54.1;48.15383;11.53331;;NaN;;100.0;;0 / 18;1000722;2018-11-09 17:54:18:771
2.078;-1.647;9.902;138.0;1.0;55.21;48.15383;11.53331;;NaN;;100.0;;0 / 18;1000821;2018-11-09 17:54:18:870
1.522;-1.676;9.682;218.0;1.0;55.21;48.15383;11.53331;;NaN;;100.0;;0 / 18;1000921;2018-11-09 17:54:18:970
2.039;-1.57;9.376;243.0;1.0;55.21;48.15383;11.53331;;NaN;;100.0;;0 / 18;1001021;2018-11-09 17:54:19:070
2.164;-1.513;10.352;238.0;1.0;53.43;48.15383;11.53331;;NaN;;100.0;;0 / 18;1001121;2018-11-09 17:54:19:170
1.637;-1.264;8.992;244.0;1.0;53.43;48.15383;11.53331;;NaN;;100.0;;0 / 18;1001221;2018-11-09 17:54:19:270
2.317;-1.484;10.419;223.0;1.0;53.43;48.15383;11.53331;;NaN;;100.0;;0 / 18;1001322;2018-11-09 17:54:19:371
1.58;-1.474;9.49;247.0;1.0;53.92;48.15383;11.53331;;NaN;;100.0;;0 / 18;1001421;2018-11-09 17:54:19:470
1.618;-1.158;9.548;208.0;1.0;53.92;48.15383;11.53331;;NaN;;100.0;;0 / 18;1001521;2018-11-09 17:54:19:570
2.001;-0.593;9.921;58.0;0.0;53.92;48.15383;11.53331;;NaN;;100.0;;0 / 18;1001622;2018-11-09 17:54:19:671
1.465;-0.296;10.305;58.0;0.0;51.82;48.15383;11.53331;;NaN;;100.0;;0 / 18;1001722;2018-11-09 17:54:19:771
2.087;-0.105;9.672;67.0;0.0;51.82;48.15383;11.53331;;NaN;;100.0;;0 / 18;1001822;2018-11-09 17:54:19:871
1.733;0.201;8.916;88.0;0.0;51.82;48.15383;11.53331;;NaN;;100.0;;0 / 18;1001922;2018-11-09 17:54:19:971
1.992;0.335;9.146;112.0;0.0;51.01;48.15383;11.53331;;NaN;;100.0;;0 / 18;1002022;2018-11-09 17:54:20:071
2.087;0.325;9.031;146.0;0.0;51.01;48.15383;11.53331;;NaN;;100.0;;0 / 18;1002122;2018-11-09 17:54:20:171
1.819;-0.076;9.251;153.0;0.0;51.01;48.15383;11.53331;;NaN;;100.0;;0 / 18;1002222;2018-11-09 17:54:20:271
1.647;0.239;9.51;132.0;0.0;48.45;48.15383;11.53331;;NaN;;100.0;;0 / 18;1002322;2018-11-09 17:54:20:371
1.752;0.603;8.686;122.0;0.0;48.45;48.15383;11.53331;;NaN;;100.0;;0 / 18;1002422;2018-11-09 17:54:20:471
1.953;0.603;10.151;162.0;0.0;48.45;48.15383;11.53331;;NaN;;100.0;;0 / 18;1002522;2018-11-09 17:54:20:571
1.848;0.526;9.759;145.0;0.0;48.6;48.15383;11.53331;;NaN;;100.0;;0 / 18;1002622;2018-11-09 17:54:20:671
2.001;0.402;10.046;128.0;0.0;48.6;48.15383;11.53331;;NaN;;100.0;;0 / 18;1002722;2018-11-09 17:54:20:771
1.8;0.402;9.921;106.0;0.0;48.6;48.15383;11.53331;;NaN;;100.0;;0 / 18;1002822;2018-11-09 17:54:20:871
1.934;0.258;9.921;132.0;0.0;49.7;48.15383;11.53331;;NaN;;100.0;;0 / 18;1002922;2018-11-09 17:54:20:971
1.781;0.076;9.931;137.0;0.0;49.7;48.15383;11.53331;;NaN;;100.0;;0 / 18;1003022;2018-11-09 17:54:21:071
1.771;0.076;9.835;127.0;0.0;49.7;48.15383;11.53331;;NaN;;100.0;;0 / 18;1003121;2018-11-09 17:54:21:170
1.762;0.21;9.912;106.0;0.0;47.54;48.15383;11.53331;;NaN;;100.0;;0 / 18;1003222;2018-11-09 17:54:21:271
1.743;0.287;9.739;130.0;0.0;47.54;48.15383;11.53331;;NaN;;100.0;;0 / 18;1003322;2018-11-09 17:54:21:371
1.857;0.287;9.644;149.0;0.0;47.54;48.15383;11.53331;;NaN;;100.0;;0 / 18;1003422;2018-11-09 17:54:21:471
1.992;0.277;9.864;118.0;0.0;52.16;48.15383;11.53331;;NaN;;100.0;;0 / 18;1003522;2018-11-09 17:54:21:571
1.848;0.354;9.615;83.0;0.0;52.16;48.15383;11.53331;;NaN;;100.0;;0 / 18;1003622;2018-11-09 17:54:21:671
1.925;0.21;9.941;110.0;0.0;52.16;48.15383;11.53331;;NaN;;100.0;;0 / 18;1003722;2018-11-09 17:54:21:771
1.81;0.249;9.931;123.0;0.0;45.64;48.15383;11.53331;;NaN;;100.0;;0 / 18;1003822;2018-11-09 17:54:21:871
1.637;0.335;9.567;90.0;0.0;45.64;48.15383;11.53331;;NaN;;100.0;;0 / 18;1003922;2018-11-09 17:54:21:971
1.867;0.229;9.969;91.0;0.0;45.64;48.15383;11.53331;;NaN;;100.0;;0 / 18;1004022;2018-11-09 17:54:22:071
1.771;0.268;9.883;98.0;0.0;46.59;48.15383;11.53331;;NaN;;100.0;;0 / 18;1004121;2018-11-09 17:54:22:170
1.752;0.316;9.653;81.0;0.0;46.59;48.15383;11.53331;;NaN;;100.0;;0 / 18;1004221;2018-11-09 17:54:22:270
1.733;0.287;9.72;103.0;0.0;46.59;48.15383;11.53331;;NaN;;100.0;;0 / 18;1004321;2018-11-09 17:54:22:370
1.867;0.411;9.73;96.0;0.0;44.85;48.15383;11.53331;;NaN;;100.0;;0 / 18;1004422;2018-11-09 17:54:22:471
1.8;0.229;8.906;98.0;0.0;44.85;48.15383;11.53331;;NaN;;100.0;;0 / 18;1004522;2018-11-09 17:54:22:571
1.771;0.306;9.902;84.0;0.0;44.85;48.15383;11.53331;;NaN;;100.0;;0 / 18;1004621;2018-11-09 17:54:22:670
1.829;0.354;9.893;106.0;0.0;47.27;48.15383;11.53331;;NaN;;100.0;;0 / 18;1004721;2018-11-09 17:54:22:770
1.81;0.344;9.835;171.0;0.0;47.27;48.15383;11.53331;;NaN;;100.0;;0 / 18;1004822;2018-11-09 17:54:22:871
1.743;0.249;9.682;195.0;0.0;47.27;48.15383;11.53331;;NaN;;100.0;;0 / 18;1004922;2018-11-09 17:54:22:971
1.81;0.306;9.816;228.0;1.0;47.44;48.15383;11.53331;;NaN;;100.0;;0 / 18;1005022;2018-11-09 17:54:23:071
1.781;0.316;9.625;224.0;1.0;47.44;48.15383;11.53331;;NaN;;100.0;;0 / 18;1005121;2018-11-09 17:54:23:170
1.886;0.316;9.826;233.0;1.0;47.44;48.15383;11.53331;;NaN;;100.0;;0 / 18;1005221;2018-11-09 17:54:23:270
1.771;0.335;9.893;228.0;1.0;49.29;48.15383;11.53331;;NaN;;100.0;;0 / 18;1005322;2018-11-09 17:54:23:371
1.79;0.296;9.902;216.0;1.0;49.29;48.15383;11.53331;;NaN;;100.0;;0 / 18;1005422;2018-11-09 17:54:23:471
1.8;0.296;9.893;216.0;1.0;49.29;48.15383;11.53331;;NaN;;100.0;;0 / 18;1005522;2018-11-09 17:54:23:571
1.79;0.316;9.711;212.0;1.0;48.43;48.15383;11.53331;;NaN;;100.0;;0 / 18;1005621;2018-11-09 17:54:23:670
1.963;0.306;9.921;218.0;1.0;48.43;48.15383;11.53331;;NaN;;100.0;;0 / 18;1005721;2018-11-09 17:54:23:770
1.905;0.306;9.95;299.0;1.0;48.43;48.15383;11.53331;;NaN;;100.0;;0 / 18;1005821;2018-11-09 17:54:23:870
1.733;0.277;9.807;93.0;1.0;49.42;48.15383;11.53331;;NaN;;100.0;;0 / 18;1005922;2018-11-09 17:54:23:971
1.714;0.153;10.917;93.0;0.0;49.42;48.15383;11.53331;;NaN;;100.0;;0 / 18;1006022;2018-11-09 17:54:24:071
1.666;0.316;9.586;108.0;0.0;49.42;48.15383;11.53331;;NaN;;100.0;;0 / 18;1006122;2018-11-09 17:54:24:171
1.915;0.201;9.998;195.0;0.0;43.7;48.15383;11.53331;;NaN;;100.0;;0 / 18;1006222;2018-11-09 17:54:24:271
1.867;0.354;9.692;202.0;0.0;43.7;48.15383;11.53331;;NaN;;100.0;;0 / 18;1006322;2018-11-09 17:54:24:371
1.743;0.325;9.778;224.0;0.0;43.7;48.15383;11.53331;;NaN;;100.0;;0 / 18;1006421;2018-11-09 17:54:24:470
1.723;0.258;9.816;180.0;0.0;46.1;48.15383;11.53331;;NaN;;100.0;;0 / 18;1006521;2018-11-09 17:54:24:570
1.857;0.392;9.749;151.0;0.0;46.1;48.15383;11.53331;;NaN;;100.0;;0 / 18;1006621;2018-11-09 17:54:24:670
1.637;0.191;9.739;117.0;0.0;46.1;48.15383;11.53331;;NaN;;100.0;;0 / 18;1006721;2018-11-09 17:54:24:770
1.771;0.354;9.711;91.0;0.0;45.44;48.15383;11.53331;;NaN;;100.0;;0 / 18;1006821;2018-11-09 17:54:24:870
1.743;0.258;9.797;136.0;0.0;45.44;48.15383;11.53331;;NaN;;100.0;;0 / 18;1006922;2018-11-09 17:54:24:971
1.877;0.277;9.874;159.0;0.0;45.44;48.15383;11.53331;;NaN;;100.0;;0 / 18;1007021;2018-11-09 17:54:25:070
1.838;0.191;9.931;177.0;0.0;43.02;48.15383;11.53331;;NaN;;100.0;;0 / 18;1007121;2018-11-09 17:54:25:170
1.886;0.411;9.826;239.0;0.0;43.02;48.15383;11.53331;;NaN;;100.0;;0 / 18;1007222;2018-11-09 17:54:25:271
1.8;0.306;9.749;429.0;1.0;43.02;48.15383;11.53331;;NaN;;100.0;;0 / 18;1007322;2018-11-09 17:54:25:371
1.695;0.258;9.835;417.0;1.0;42.68;48.15383;11.53331;;NaN;;100.0;;0 / 18;1007422;2018-11-09 17:54:25:471
1.771;0.277;9.73;172.0;1.0;42.68;48.15383;11.53331;;NaN;;100.0;;0 / 18;1007521;2018-11-09 17:54:25:570
1.79;0.287;9.854;162.0;0.0;42.68;48.15383;11.53331;;NaN;;100.0;;0 / 18;1007621;2018-11-09 17:54:25:670
1.838;0.335;9.864;75.0;0.0;44.18;48.15383;11.53331;;NaN;;100.0;;0 / 18;1007721;2018-11-09 17:54:25:770
1.723;0.287;9.931;71.0;0.0;44.18;48.15383;11.53331;;NaN;;100.0;;0 / 18;1007822;2018-11-09 17:54:25:871
1.963;0.306;10.18;155.0;0.0;44.18;48.15383;11.53331;;NaN;;100.0;;0 / 18;1007922;2018-11-09 17:54:25:971
1.81;0.354;9.797;173.0;0.0;44.18;48.15383;11.53331;;NaN;;100.0;;0 / 18;1008022;2018-11-09 17:54:26:071
1.896;0.296;9.807;175.0;0.0;42.43;48.15383;11.53331;;NaN;;100.0;;0 / 18;1008122;2018-11-09 17:54:26:171
1.771;0.383;9.625;166.0;0.0;42.43;48.15383;11.53331;;NaN;;100.0;;0 / 18;1008221;2018-11-09 17:54:26:270
1.81;0.373;9.778;171.0;0.0;42.43;48.15383;11.53331;;NaN;;100.0;;0 / 18;1008321;2018-11-09 17:54:26:370
1.81;0.325;9.874;166.0;0.0;41.61;48.15383;11.53331;;NaN;;100.0;;0 / 18;1008422;2018-11-09 17:54:26:471
1.867;0.325;9.807;157.0;0.0;41.61;48.15383;11.53331;;NaN;;100.0;;0 / 18;1008522;2018-11-09 17:54:26:571
1.877;0.249;9.988;134.0;0.0;41.61;48.15383;11.53331;;NaN;;100.0;;0 / 18;1008622;2018-11-09 17:54:26:671
1.905;0.421;9.73;129.0;0.0;42.31;48.15383;11.53331;;NaN;;100.0;;0 / 18;1008722;2018-11-09 17:54:26:771
1.771;0.268;9.807;139.0;0.0;42.31;48.15383;11.53331;;NaN;;100.0;;0 / 18;1008821;2018-11-09 17:54:26:870
1.896;0.21;9.845;121.0;0.0;42.31;48.15383;11.53331;;NaN;;100.0;;0 / 18;1008922;2018-11-09 17:54:26:971
1.905;0.181;9.739;101.0;0.0;43.2;48.15383;11.53331;;NaN;;100.0;;0 / 18;1009021;2018-11-09 17:54:27:070
1.905;0.277;9.826;108.0;0.0;43.2;48.15383;11.53331;;NaN;;100.0;;0 / 18;1009121;2018-11-09 17:54:27:170
1.762;0.239;9.749;100.0;0.0;43.2;48.15383;11.53331;;NaN;;100.0;;0 / 18;1009221;2018-11-09 17:54:27:270
1.829;0.258;9.845;103.0;0.0;42.41;48.15383;11.53331;;NaN;;100.0;;0 / 18;1009322;2018-11-09 17:54:27:371
1.762;0.229;9.807;97.0;0.0;42.41;48.15383;11.53331;;NaN;;100.0;;0 / 18;1009422;2018-11-09 17:54:27:471
1.848;0.306;9.787;100.0;0.0;42.41;48.15383;11.53331;;NaN;;100.0;;0 / 18;1009522;2018-11-09 17:54:27:571
1.8;0.306;9.941;95.0;0.0;41.9;48.15383;11.53331;;NaN;;100.0;;0 / 18;1009621;2018-11-09 17:54:27:670
1.79;0.354;9.73;87.0;0.0;41.9;48.15383;11.53331;;NaN;;100.0;;0 / 18;1009721;2018-11-09 17:54:27:770
1.81;0.335;9.72;91.0;0.0;41.9;48.15383;11.53331;;NaN;;100.0;;0 / 18;1009821;2018-11-09 17:54:27:870
1.867;0.354;9.816;104.0;0.0;45.03;48.15383;11.53331;;NaN;;100.0;;0 / 18;1009922;2018-11-09 17:54:27:971
1.829;0.124;9.96;122.0;0.0;45.03;48.15383;11.53331;;NaN;;100.0;;0 / 18;1010022;2018-11-09 17:54:28:071
1.819;0.354;9.682;104.0;0.0;45.03;48.15383;11.53331;;NaN;;100.0;;0 / 18;1010122;2018-11-09 17:54:28:171
1.829;0.354;9.807;95.0;0.0;40.97;48.15511;11.53281;;NaN;;23.006;;0 / 18;1010222;2018-11-09 17:54:28:271
1.79;0.316;9.854;104.0;0.0;40.97;48.15511;11.53281;;NaN;;23.006;;0 / 18;1010322;2018-11-09 17:54:28:371
1.79;0.239;9.807;107.0;0.0;40.97;48.15511;11.53281;;NaN;;23.006;;0 / 18;1010421;2018-11-09 17:54:28:470
1.647;0.134;11.492;86.0;0.0;43.83;48.15511;11.53281;;NaN;;23.006;;0 / 18;1010521;2018-11-09 17:54:28:570
1.704;0.287;9.586;80.0;0.0;43.83;48.15511;11.53281;;NaN;;23.006;;0 / 18;1010622;2018-11-09 17:54:28:671
1.896;0.316;9.95;96.0;0.0;43.83;48.15511;11.53281;;NaN;;23.006;;0 / 18;1010722;2018-11-09 17:54:28:771
1.829;0.316;9.749;132.0;0.0;42.7;48.15511;11.53281;;NaN;;23.006;;0 / 18;1010822;2018-11-09 17:54:28:871
1.79;0.277;9.826;137.0;0.0;42.7;48.15511;11.53281;;NaN;;23.006;;0 / 18;1010922;2018-11-09 17:54:28:971
1.915;0.335;9.95;129.0;0.0;42.7;48.15511;11.53281;;NaN;;23.006;;0 / 18;1011021;2018-11-09 17:54:29:070
1.877;0.201;9.864;100.0;0.0;48.2;48.15511;11.53281;;NaN;;23.006;;0 / 18;1011122;2018-11-09 17:54:29:171
1.934;0.268;10.372;62.0;0.0;48.2;48.15511;11.53281;;NaN;;23.006;;0 / 18;1011222;2018-11-09 17:54:29:271
2.001;0.344;9.912;69.0;0.0;48.2;48.15511;11.53281;;NaN;;23.006;;0 / 18;1011321;2018-11-09 17:54:29:370
1.982;0.268;9.874;136.0;0.0;42.25;48.15511;11.53281;;NaN;;23.006;;0 / 18;1011421;2018-11-09 17:54:29:470
1.848;0.268;9.95;81.0;0.0;42.25;48.15511;11.53281;;NaN;;23.006;;0 / 18;1011522;2018-11-09 17:54:29:571
2.011;0.335;9.95;85.0;0.0;42.25;48.15511;11.53281;;NaN;;23.006;;0 / 18;1011622;2018-11-09 17:54:29:671
1.944;0.373;9.768;115.0;0.0;47.16;48.15511;11.53281;;NaN;;23.006;;0 / 18;1011722;2018-11-09 17:54:29:771
1.972;0.344;9.682;123.0;0.0;47.16;48.15511;11.53281;;NaN;;23.006;;0 / 18;1011821;2018-11-09 17:54:29:870
1.848;0.363;9.778;121.0;0.0;47.16;48.15511;11.53281;;NaN;;23.006;;0 / 18;1011921;2018-11-09 17:54:29:970
1.877;0.411;9.807;128.0;0.0;43.9;48.15511;11.53281;;NaN;;23.006;;0 / 18;1012022;2018-11-09 17:54:30:071
1.637;0.028;9.347;132.0;0.0;43.9;48.15511;11.53281;;NaN;;23.006;;0 / 18;1012122;2018-11-09 17:54:30:171
1.857;0.392;9.797;132.0;0.0;43.9;48.15511;11.53281;;NaN;;23.006;;0 / 18;1012221;2018-11-09 17:54:30:270
1.829;0.363;9.826;123.0;0.0;44.67;48.15511;11.53281;;NaN;;23.006;;0 / 18;1012322;2018-11-09 17:54:30:371
1.838;0.325;9.692;108.0;0.0;44.67;48.15511;11.53281;;NaN;;23.006;;0 / 18;1012422;2018-11-09 17:54:30:471
1.838;0.306;9.787;93.0;0.0;44.67;48.15511;11.53281;;NaN;;23.006;;0 / 18;1012522;2018-11-09 17:54:30:571
1.934;0.373;9.51;58.0;0.0;43.8;48.15511;11.53281;;NaN;;23.006;;0 / 18;1012621;2018-11-09 17:54:30:670
2.327;0.584;9.807;51.0;0.0;43.8;48.15511;11.53281;;NaN;;23.006;;0 / 18;1012721;2018-11-09 17:54:30:770
1.225;0.229;9.749;64.0;0.0;43.8;48.15511;11.53281;;NaN;;23.006;;0 / 18;1012822;2018-11-09 17:54:30:871
1.417;-0.162;10.18;71.0;0.0;42.57;48.15511;11.53281;;NaN;;23.006;;0 / 18;1012922;2018-11-09 17:54:30:971
1.934;0.21;9.921;64.0;0.0;42.57;48.15511;11.53281;;NaN;;23.006;;0 / 18;1013022;2018-11-09 17:54:31:071
1.934;0.488;9.557;50.0;0.0;42.57;48.15511;11.53281;;NaN;;23.006;;0 / 18;1013122;2018-11-09 17:54:31:171
1.829;0.229;9.921;69.0;0.0;42.84;48.15511;11.53281;;NaN;;23.006;;0 / 18;1013221;2018-11-09 17:54:31:270
1.857;0.316;9.778;69.0;0.0;42.84;48.15511;11.53281;;NaN;;23.006;;0 / 18;1013322;2018-11-09 17:54:31:371
1.886;0.21;9.835;70.0;0.0;42.84;48.15511;11.53281;;NaN;;23.006;;0 / 18;1013421;2018-11-09 17:54:31:470
1.81;0.229;9.72;68.0;0.0;44.49;48.15511;11.53281;;NaN;;23.006;;0 / 18;1013521;2018-11-09 17:54:31:570
1.848;0.335;9.845;88.0;0.0;44.49;48.15511;11.53281;;NaN;;23.006;;0 / 18;1013621;2018-11-09 17:54:31:670
1.896;0.153;10.065;67.0;0.0;44.49;48.15511;11.53281;;NaN;;23.006;;0 / 18;1013721;2018-11-09 17:54:31:770
1.819;0.229;9.778;61.0;0.0;51.23;48.15511;11.53281;;NaN;;23.006;;0 / 18;1013821;2018-11-09 17:54:31:870
1.915;0.268;9.893;63.0;0.0;51.23;48.15511;11.53281;;NaN;;23.006;;0 / 18;1013922;2018-11-09 17:54:31:971
1.867;0.191;9.988;68.0;0.0;51.23;48.15511;11.53281;;NaN;;23.006;;0 / 18;1014022;2018-11-09 17:54:32:071
1.771;0.239;9.682;71.0;0.0;40.96;48.15511;11.53281;;NaN;;23.006;;0 / 18;1014122;2018-11-09 17:54:32:171
1.877;0.277;9.787;56.0;0.0;40.96;48.15511;11.53281;;NaN;;23.006;;0 / 18;1014221;2018-11-09 17:54:32:270
1.848;0.316;9.835;46.0;0.0;40.96;48.15511;11.53281;;NaN;;23.006;;0 / 18;1014322;2018-11-09 17:54:32:371
1.781;0.124;10.046;74.0;0.0;50.21;48.15511;11.53281;;NaN;;23.006;;0 / 18;1014422;2018-11-09 17:54:32:471
1.79;0.114;9.826;82.0;0.0;50.21;48.15511;11.53281;;NaN;;23.006;;0 / 18;1014522;2018-11-09 17:54:32:571
1.934;0.268;9.759;184.0;0.0;50.21;48.15511;11.53281;;NaN;;23.006;;0 / 18;1014622;2018-11-09 17:54:32:671
1.867;0.373;9.749;205.0;0.0;48.72;48.15511;11.53281;;NaN;;23.006;;0 / 18;1014721;2018-11-09 17:54:32:770
1.695;0.249;9.797;59.0;0.0;48.72;48.15511;11.53281;;NaN;;23.006;;0 / 18;1014822;2018-11-09 17:54:32:871
1.838;0.201;9.739;69.0;0.0;48.72;48.15511;11.53281;;NaN;;23.006;;0 / 18;1014922;2018-11-09 17:54:32:971
1.896;0.287;9.883;50.0;0.0;49.37;48.15511;11.53281;;NaN;;23.006;;0 / 18;1015022;2018-11-09 17:54:33:071
1.867;0.21;9.787;92.0;0.0;49.37;48.15511;11.53281;;NaN;;23.006;;0 / 18;1015121;2018-11-09 17:54:33:170
1.944;0.21;9.988;66.0;0.0;49.37;48.15511;11.53281;;NaN;;23.006;;0 / 18;1015222;2018-11-09 17:54:33:271
1.752;0.21;9.768;78.0;0.0;48.01;48.15511;11.53281;;NaN;;23.006;;0 / 18;1015322;2018-11-09 17:54:33:371
1.752;0.306;9.644;143.0;1.0;48.01;48.15511;11.53281;;NaN;;23.006;;0 / 18;1015423;2018-11-09 17:54:33:472
1.877;0.22;9.845;237.0;1.0;48.01;48.15511;11.53281;;NaN;;23.006;;0 / 18;1015522;2018-11-09 17:54:33:571
1.829;0.249;9.768;142.0;1.0;42.61;48.15511;11.53281;;NaN;;23.006;;0 / 18;1015622;2018-11-09 17:54:33:671
1.695;0.306;9.692;103.0;1.0;42.61;48.15511;11.53281;;NaN;;23.006;;0 / 18;1015722;2018-11-09 17:54:33:771
1.695;0.153;9.874;137.0;1.0;42.61;48.15511;11.53281;;NaN;;23.006;;0 / 18;1015821;2018-11-09 17:54:33:870
1.867;0.287;9.749;137.0;0.0;47.58;48.15511;11.53281;;NaN;;23.006;;0 / 18;1015922;2018-11-09 17:54:33:971
1.781;0.249;9.557;187.0;0.0;47.58;48.15511;11.53281;;NaN;;23.006;;0 / 18;1016022;2018-11-09 17:54:34:071
1.867;0.287;9.701;114.0;0.0;47.58;48.15511;11.53281;;NaN;;23.006;;0 / 18;1016122;2018-11-09 17:54:34:171
1.886;0.191;9.816;73.0;0.0;41.4;48.15511;11.53281;;NaN;;23.006;;0 / 18;1016222;2018-11-09 17:54:34:271
1.867;0.162;9.826;65.0;1.0;41.4;48.15511;11.53281;;NaN;;23.006;;0 / 18;1016321;2018-11-09 17:54:34:370
1.781;0.249;9.768;68.0;1.0;41.4;48.15511;11.53281;;NaN;;23.006;;0 / 18;1016421;2018-11-09 17:54:34:470
1.877;0.22;9.768;62.0;1.0;43.06;48.15511;11.53281;;NaN;;23.006;;0 / 18;1016522;2018-11-09 17:54:34:571
1.81;0.249;9.807;107.0;1.0;43.06;48.15511;11.53281;;NaN;;23.006;;0 / 18;1016622;2018-11-09 17:54:34:671
1.963;0.239;9.864;155.0;0.0;43.06;48.15511;11.53281;;NaN;;23.006;;0 / 18;1016722;2018-11-09 17:54:34:771
1.79;0.316;9.692;151.0;0.0;47.1;48.15511;11.53281;;NaN;;23.006;;0 / 18;1016822;2018-11-09 17:54:34:871
1.963;0.296;9.902;154.0;0.0;47.1;48.15511;11.53281;;NaN;;23.006;;0 / 18;1016922;2018-11-09 17:54:34:971
1.695;0.344;10.17;91.0;0.0;47.1;48.15511;11.53281;;NaN;;23.006;;0 / 18;1017021;2018-11-09 17:54:35:070
1.656;0.22;9.768;79.0;0.0;45.15;48.15511;11.53281;;NaN;;23.006;;0 / 18;1017121;2018-11-09 17:54:35:170
1.81;0.268;9.701;127.0;0.0;45.15;48.15511;11.53281;;NaN;;23.006;;0 / 18;1017221;2018-11-09 17:54:35:270
1.857;0.325;9.653;96.0;0.0;45.15;48.15511;11.53281;;NaN;;23.006;;0 / 18;1017322;2018-11-09 17:54:35:371
1.838;0.201;9.941;113.0;0.0;47.74;48.15511;11.53281;;NaN;;23.006;;0 / 18;1017422;2018-11-09 17:54:35:471
1.857;0.306;9.672;100.0;0.0;47.74;48.15511;11.53281;;NaN;;23.006;;0 / 18;1017521;2018-11-09 17:54:35:570
1.771;0.21;9.778;104.0;0.0;47.74;48.15511;11.53281;;NaN;;23.006;;0 / 18;1017621;2018-11-09 17:54:35:670
1.848;0.22;9.816;116.0;0.0;46.69;48.15511;11.53281;;NaN;;23.006;;0 / 18;1017722;2018-11-09 17:54:35:771
1.829;0.316;9.672;97.0;0.0;46.69;48.15511;11.53281;;NaN;;23.006;;0 / 18;1017822;2018-11-09 17:54:35:871
1.829;0.239;9.883;145.0;0.0;46.69;48.15511;11.53281;;NaN;;23.006;;0 / 18;1017922;2018-11-09 17:54:35:971
1.819;0.191;9.663;168.0;0.0;48.89;48.15511;11.53281;;NaN;;23.006;;0 / 18;1018021;2018-11-09 17:54:36:070
1.848;0.172;9.797;131.0;0.0;48.89;48.15511;11.53281;;NaN;;23.006;;0 / 18;1018121;2018-11-09 17:54:36:170
1.685;0.201;9.807;125.0;0.0;48.89;48.15511;11.53281;;NaN;;23.006;;0 / 18;1018221;2018-11-09 17:54:36:270
1.896;0.239;9.95;261.0;1.0;47.5;48.15511;11.53281;;NaN;;23.006;;0 / 18;1018322;2018-11-09 17:54:36:371
1.848;0.306;9.73;265.0;1.0;47.5;48.15511;11.53281;;NaN;;23.006;;0 / 18;1018422;2018-11-09 17:54:36:471
1.886;0.22;9.95;265.0;1.0;47.5;48.15511;11.53281;;NaN;;23.006;;0 / 18;1018521;2018-11-09 17:54:36:570
1.867;0.268;9.73;268.0;1.0;47.68;48.15511;11.53281;;NaN;;23.006;;0 / 18;1018621;2018-11-09 17:54:36:670
1.905;0.153;9.969;230.0;1.0;47.68;48.15511;11.53281;;NaN;;23.006;;0 / 18;1018722;2018-11-09 17:54:36:771
1.867;0.239;9.787;185.0;1.0;47.68;48.15511;11.53281;;NaN;;23.006;;0 / 18;1018822;2018-11-09 17:54:36:871
1.944;0.325;9.73;167.0;1.0;47.58;48.15511;11.53281;;NaN;;23.006;;0 / 18;1018921;2018-11-09 17:54:36:970
1.819;0.181;9.826;132.0;0.0;47.58;48.15511;11.53281;;NaN;;23.006;;0 / 18;1019023;2018-11-09 17:54:37:072
1.848;0.249;9.807;130.0;0.0;47.58;48.15511;11.53281;;NaN;;23.006;;0 / 18;1019122;2018-11-09 17:54:37:171
1.886;0.287;9.816;122.0;0.0;49.76;48.15511;11.53281;;NaN;;23.006;;0 / 18;1019221;2018-11-09 17:54:37:270
1.857;0.229;9.854;120.0;0.0;49.76;48.15511;11.53281;;NaN;;23.006;;0 / 18;1019321;2018-11-09 17:54:37:370
1.838;0.229;9.835;144.0;0.0;49.76;48.15511;11.53281;;NaN;;23.006;;0 / 18;1019421;2018-11-09 17:54:37:470
1.829;0.325;9.739;140.0;0.0;47.18;48.15511;11.53281;;NaN;;23.006;;0 / 18;1019521;2018-11-09 17:54:37:570
1.877;0.249;9.854;126.0;0.0;47.18;48.15511;11.53281;;NaN;;23.006;;0 / 18;1019622;2018-11-09 17:54:37:671
1.867;0.287;9.854;105.0;0.0;47.18;48.15511;11.53281;;NaN;;23.006;;0 / 18;1019722;2018-11-09 17:54:37:771
1.867;0.277;9.768;88.0;0.0;43.8;48.15511;11.53281;;NaN;;23.006;;0 / 18;1019821;2018-11-09 17:54:37:870
1.867;0.306;9.759;173.0;0.0;43.8;48.15511;11.53281;;NaN;;23.006;;0 / 18;1019921;2018-11-09 17:54:37:970
1.819;0.268;9.807;173.0;1.0;43.8;48.15511;11.53281;;NaN;;23.006;;0 / 18;1020022;2018-11-09 17:54:38:071
1.886;0.249;9.807;160.0;1.0;54.39;48.15511;11.53281;;NaN;;23.006;;0 / 18;1020122;2018-11-09 17:54:38:171
1.886;0.239;9.845;237.0;1.0;54.39;48.15511;11.53281;;NaN;;23.006;;0 / 18;1020222;2018-11-09 17:54:38:271
1.857;0.287;9.807;231.0;1.0;54.39;48.15511;11.53281;;NaN;;23.006;;0 / 18;1020321;2018-11-09 17:54:38:370
1.915;0.21;9.893;233.0;1.0;48.64;48.15511;11.53281;;NaN;;23.006;;0 / 18;1020421;2018-11-09 17:54:38:470
1.79;0.287;9.701;224.0;1.0;48.64;48.15511;11.53281;;NaN;;23.006;;0 / 18;1020521;2018-11-09 17:54:38:570
1.829;0.268;9.759;213.0;1.0;48.64;48.15511;11.53281;;NaN;;23.006;;0 / 18;1020621;2018-11-09 17:54:38:670
1.79;0.268;9.797;236.0;1.0;39.26;48.15511;11.53281;;NaN;;23.006;;0 / 18;1020722;2018-11-09 17:54:38:771
1.8;0.258;9.854;157.0;1.0;39.26;48.15511;11.53281;;NaN;;23.006;;0 / 18;1020822;2018-11-09 17:54:38:871
1.896;0.258;9.835;61.0;0.0;39.26;48.15511;11.53281;;NaN;;23.006;;0 / 18;1020922;2018-11-09 17:54:38:971
1.762;0.325;9.979;48.0;0.0;39.65;48.15511;11.53281;;NaN;;23.006;;0 / 18;1021021;2018-11-09 17:54:39:070
1.599;0.488;9.443;57.0;0.0;39.65;48.15511;11.53281;;NaN;;23.006;;0 / 18;1021121;2018-11-09 17:54:39:170
1.829;0.747;9.72;138.0;0.0;39.65;48.15511;11.53281;;NaN;;23.006;;0 / 18;1021221;2018-11-09 17:54:39:270
1.972;0.852;9.586;111.0;1.0;41.78;48.15511;11.53281;;NaN;;23.006;;0 / 18;1021322;2018-11-09 17:54:39:371
1.781;1.043;9.864;126.0;1.0;41.78;48.15511;11.53281;;NaN;;23.006;;0 / 18;1021422;2018-11-09 17:54:39:471
1.886;1.369;9.998;103.0;1.0;41.78;48.15511;11.53281;;NaN;;23.006;;0 / 18;1021521;2018-11-09 17:54:39:570
2.001;1.714;9.548;100.0;1.0;40.48;48.15511;11.53281;;NaN;;23.006;;0 / 18;1021621;2018-11-09 17:54:39:670
2.068;1.771;9.969;124.0;1.0;40.48;48.15511;11.53281;;NaN;;23.006;;0 / 18;1021722;2018-11-09 17:54:39:771
1.8;1.561;9.797;130.0;1.0;40.48;48.15511;11.53281;;NaN;;23.006;;0 / 18;1021822;2018-11-09 17:54:39:871
1.762;1.58;9.759;148.0;1.0;46.16;48.15511;11.53281;;NaN;;23.006;;0 / 18;1021922;2018-11-09 17:54:39:971
1.752;1.388;9.921;120.0;1.0;46.16;48.15511;11.53281;;NaN;;23.006;;0 / 18;1022021;2018-11-09 17:54:40:070
1.762;1.369;9.538;138.0;1.0;46.16;48.15511;11.53281;;NaN;;23.006;;0 / 18;1022122;2018-11-09 17:54:40:171
1.647;1.283;9.921;146.0;1.0;47.96;48.15511;11.53281;;NaN;;23.006;;0 / 18;1022222;2018-11-09 17:54:40:271
1.608;1.264;9.931;165.0;1.0;47.96;48.15511;11.53281;;NaN;;23.006;;0 / 18;1022322;2018-11-09 17:54:40:371
1.379;1.197;9.423;211.0;1.0;47.96;48.15511;11.53281;;NaN;;23.006;;0 / 18;1022422;2018-11-09 17:54:40:471
1.647;1.273;9.395;298.0;1.0;47.96;48.15511;11.53281;;NaN;;23.006;;0 / 18;1022522;2018-11-09 17:54:40:571
1.628;1.283;9.625;678.0;1.0;46.45;48.15511;11.53281;;NaN;;23.006;;0 / 18;1022621;2018-11-09 17:54:40:670
1.522;1.216;9.826;691.0;1.0;46.45;48.15511;11.53281;;NaN;;23.006;;0 / 18;1022721;2018-11-09 17:54:40:770
1.551;1.283;9.49;708.0;1.0;46.45;48.15511;11.53281;;NaN;;23.006;;0 / 18;1022821;2018-11-09 17:54:40:870
1.522;1.235;9.807;705.0;1.0;50.8;48.15511;11.53281;;NaN;;23.006;;0 / 18;1022921;2018-11-09 17:54:40:970
1.637;1.197;9.893;693.0;1.0;50.8;48.15511;11.53281;;NaN;;23.006;;0 / 18;1023022;2018-11-09 17:54:41:071
1.647;1.225;9.72;678.0;1.0;50.8;48.15511;11.53281;;NaN;;23.006;;0 / 18;1023121;2018-11-09 17:54:41:170
1.57;1.283;9.759;679.0;1.0;48.14;48.15511;11.53281;;NaN;;23.006;;0 / 18;1023221;2018-11-09 17:54:41:270
1.398;1.235;9.538;709.0;1.0;48.14;48.15511;11.53281;;NaN;;23.006;;0 / 18;1023321;2018-11-09 17:54:41:370
1.589;1.369;10.017;693.0;1.0;48.14;48.15511;11.53281;;NaN;;23.006;;0 / 18;1023421;2018-11-09 17:54:41:470
1.273;1.015;8.839;708.0;1.0;51.43;48.15511;11.53281;;NaN;;23.006;;0 / 18;1023521;2018-11-09 17:54:41:570
1.618;1.292;10.372;708.0;1.0;51.43;48.15511;11.53281;;NaN;;23.006;;0 / 18;1023621;2018-11-09 17:54:41:670
1.589;1.264;9.136;709.0;1.0;51.43;48.15511;11.53281;;NaN;;23.006;;0 / 18;1023722;2018-11-09 17:54:41:771
1.379;1.082;9.366;698.0;1.0;53.32;48.15511;11.53281;;NaN;;23.006;;0 / 18;1023822;2018-11-09 17:54:41:871
1.436;0.909;10.362;716.0;1.0;53.32;48.15511;11.53281;;NaN;;23.006;;0 / 18;1023922;2018-11-09 17:54:41:971
1.407;1.235;9.826;709.0;1.0;53.32;48.15511;11.53281;;NaN;;23.006;;0 / 18;1024022;2018-11-09 17:54:42:071
1.666;1.197;10.525;564.0;1.0;54.58;48.15511;11.53281;;NaN;;23.006;;0 / 18;1024121;2018-11-09 17:54:42:170
1.426;1.13;9.778;461.0;1.0;54.58;48.15511;11.53281;;NaN;;23.006;;0 / 18;1024221;2018-11-09 17:54:42:270
1.369;1.254;10.151;262.0;1.0;54.58;48.15511;11.53281;;NaN;;23.006;;0 / 18;1024322;2018-11-09 17:54:42:371
1.656;1.359;9.826;132.0;1.0;55.08;48.15511;11.53281;;NaN;;23.006;;0 / 18;1024422;2018-11-09 17:54:42:471
1.685;0.986;10.199;139.0;1.0;55.08;48.15511;11.53281;;NaN;;23.006;;0 / 18;1024521;2018-11-09 17:54:42:570
1.484;0.641;9.797;133.0;1.0;55.08;48.15511;11.53281;;NaN;;23.006;;0 / 18;1024621;2018-11-09 17:54:42:670
1.273;0.909;10.276;146.0;1.0;56.53;48.15511;11.53281;;NaN;;23.006;;0 / 18;1024722;2018-11-09 17:54:42:771
1.532;1.225;9.471;135.0;1.0;56.53;48.15511;11.53281;;NaN;;23.006;;0 / 18;1024822;2018-11-09 17:54:42:871
1.685;1.015;10.285;138.0;1.0;56.53;48.15511;11.53281;;NaN;;23.006;;0 / 18;1024922;2018-11-09 17:54:42:971
1.34;0.919;9.921;174.0;1.0;57.41;48.15511;11.53281;;NaN;;23.006;;0 / 18;1025022;2018-11-09 17:54:43:071
1.302;1.12;9.012;151.0;1.0;57.41;48.15511;11.53281;;NaN;;23.006;;0 / 18;1025122;2018-11-09 17:54:43:171
1.532;0.881;9.692;137.0;1.0;57.41;48.15511;11.53281;;NaN;;23.006;;0 / 18;1025222;2018-11-09 17:54:43:271
1.494;0.804;10.496;145.0;1.0;57.92;48.15511;11.53281;;NaN;;23.006;;0 / 18;1025321;2018-11-09 17:54:43:370
1.034;1.139;9.682;133.0;1.0;57.92;48.15511;11.53281;;NaN;;23.006;;0 / 18;1025421;2018-11-09 17:54:43:470
1.608;1.273;9.835;170.0;1.0;57.92;48.15511;11.53281;;NaN;;23.006;;0 / 18;1025521;2018-11-09 17:54:43:570
1.934;1.024;11.023;174.0;1.0;57.75;48.15511;11.53281;;NaN;;23.006;;0 / 18;1025621;2018-11-09 17:54:43:670
1.541;0.861;10.142;183.0;1.0;57.75;48.15511;11.53281;;NaN;;23.006;;0 / 18;1025721;2018-11-09 17:54:43:770
1.091;1.063;9.27;161.0;1.0;57.75;48.15511;11.53281;;NaN;;23.006;;0 / 18;1025821;2018-11-09 17:54:43:870
1.513;1.494;10.065;213.0;1.0;59.48;48.15511;11.53281;;NaN;;23.006;;0 / 18;1025921;2018-11-09 17:54:43:970
1.771;1.197;10.18;284.0;1.0;59.48;48.15511;11.53281;;NaN;;23.006;;0 / 18;1026022;2018-11-09 17:54:44:071
1.254;1.187;8.868;401.0;1.0;59.48;48.15511;11.53281;;NaN;;23.006;;0 / 18;1026121;2018-11-09 17:54:44:170
1.838;0.919;10.975;221.0;1.0;57.95;48.15511;11.53281;;NaN;;23.006;;0 / 18;1026223;2018-11-09 17:54:44:272
1.283;0.948;9.768;108.0;1.0;57.95;48.15511;11.53281;;NaN;;23.006;;0 / 18;1026322;2018-11-09 17:54:44:371
1.369;1.733;9.146;111.0;0.0;57.95;48.15511;11.53281;;NaN;;23.006;;0 / 18;1026422;2018-11-09 17:54:44:471
2.011;1.608;9.941;131.0;0.0;62.01;48.15511;11.53281;;NaN;;23.006;;0 / 18;1026522;2018-11-09 17:54:44:571
1.637;1.197;10.075;421.0;1.0;62.01;48.15511;11.53281;;NaN;;23.006;;0 / 18;1026622;2018-11-09 17:54:44:671
1.379;1.264;9.107;535.0;1.0;62.01;48.15511;11.53281;;NaN;;23.006;;0 / 18;1026722;2018-11-09 17:54:44:771
1.877;1.522;10.132;510.0;1.0;60.21;48.15511;11.53281;;NaN;;23.006;;0 / 18;1026822;2018-11-09 17:54:44:871
1.685;1.561;9.49;565.0;1.0;60.21;48.15511;11.53281;;NaN;;23.006;;0 / 18;1026922;2018-11-09 17:54:44:971
1.676;1.455;9.778;578.0;1.0;60.21;48.15511;11.53281;;NaN;;23.006;;0 / 18;1027022;2018-11-09 17:54:45:071
1.235;0.622;9.49;607.0;1.0;57.92;48.15511;11.53281;;NaN;;23.006;;0 / 18;1027122;2018-11-09 17:54:45:171
2.068;1.723;9.615;607.0;0.0;57.92;48.15511;11.53281;;NaN;;23.006;;0 / 18;1027222;2018-11-09 17:54:45:271
1.522;0.842;9.529;328.0;0.0;57.92;48.15511;11.53281;;NaN;;23.006;;0 / 18;1027321;2018-11-09 17:54:45:370
-0.603;-1.187;10.544;253.0;0.0;59.11;48.15511;11.53281;;NaN;;23.006;;0 / 18;1027423;2018-11-09 17:54:45:472
11.684;0.249;9.098;189.0;1.0;59.11;48.15511;11.53281;;NaN;;23.006;;0 / 18;1027522;2018-11-09 17:54:45:571
1.503;-1.283;10.841;303.0;1.0;59.11;48.15511;11.53281;;NaN;;23.006;;0 / 18;1027621;2018-11-09 17:54:45:670
0.766;-2.949;10.515;792.0;1.0;57.75;48.15511;11.53281;;NaN;;23.006;;0 / 18;1027722;2018-11-09 17:54:45:771
2.576;-3.84;10.027;762.0;1.0;57.75;48.15511;11.53281;;NaN;;23.006;;0 / 18;1027822;2018-11-09 17:54:45:871
2.595;-0.756;15.706;695.0;1.0;57.75;48.15511;11.53281;;NaN;;23.006;;0 / 18;1027921;2018-11-09 17:54:45:970
0.038;-0.957;10.573;692.0;1.0;57.49;48.15511;11.53281;;NaN;;23.006;;0 / 18;1028021;2018-11-09 17:54:46:070
0.689;-1.446;11.31;705.0;1.0;57.49;48.15511;11.53281;;NaN;;23.006;;0 / 18;1028121;2018-11-09 17:54:46:170
0.986;-2.059;11.31;255.0;0.0;57.49;48.15511;11.53281;;NaN;;23.006;;0 / 18;1028221;2018-11-09 17:54:46:270
4.491;-1.714;9.807;74.0;0.0;58.04;48.15511;11.53281;;NaN;;23.006;;0 / 18;1028322;2018-11-09 17:54:46:371
5.602;-1.446;9.117;50.0;0.0;58.04;48.15511;11.53281;;NaN;;23.006;;0 / 18;1028422;2018-11-09 17:54:46:471
4.472;-1.024;8.724;53.0;0.0;58.04;48.15511;11.53281;;NaN;;23.006;;0 / 18;1028522;2018-11-09 17:54:46:571
5.66;-1.762;9.28;62.0;0.0;57.34;48.15511;11.53281;;NaN;;23.006;;0 / 18;1028622;2018-11-09 17:54:46:671
6.512;-2.068;8.59;44.0;0.0;57.34;48.15511;11.53281;;NaN;;23.006;;0 / 18;1028722;2018-11-09 17:54:46:771
6.043;-2.135;8.533;54.0;0.0;57.34;48.15511;11.53281;;NaN;;23.006;;0 / 18;1028821;2018-11-09 17:54:46:870
5.822;-1.723;8.217;48.0;0.0;56.74;48.15511;11.53281;;NaN;;23.006;;0 / 18;1028921;2018-11-09 17:54:46:970
4.778;-1.225;8.322;42.0;0.0;56.74;48.15511;11.53281;;NaN;;23.006;;0 / 18;1029022;2018-11-09 17:54:47:071
4.415;-1.082;9.462;49.0;0.0;56.74;48.15517;11.53276;;NaN;;21.261;;0 / 18;1029122;2018-11-09 17:54:47:171
3.112;-1.628;10.477;42.0;0.0;55.84;48.15517;11.53276;;NaN;;21.261;;0 / 18;1029221;2018-11-09 17:54:47:270
2.844;-1.513;9.835;64.0;0.0;55.84;48.15517;11.53276;;NaN;;21.261;;0 / 18;1029321;2018-11-09 17:54:47:370
2.949;-1.551;9.596;50.0;0.0;55.84;48.15517;11.53276;;NaN;;21.261;;0 / 18;1029422;2018-11-09 17:54:47:471
2.978;-1.714;10.544;43.0;0.0;55.32;48.15517;11.53276;;NaN;;21.261;;0 / 18;1029522;2018-11-09 17:54:47:571
0.766;-1.455;9.672;55.0;0.0;55.32;48.15517;11.53276;;NaN;;21.261;;0 / 18;1029622;2018-11-09 17:54:47:671
3.294;-2.183;11.875;41.0;0.0;55.32;48.15517;11.53276;;NaN;;21.261;;0 / 18;1029721;2018-11-09 17:54:47:770
-1.024;-0.996;11.186;40.0;0.0;55.97;48.15517;11.53276;;NaN;;21.261;;0 / 18;1029821;2018-11-09 17:54:47:870
-1.245;-1.149;11.042;48.0;0.0;55.97;48.15517;11.53276;;NaN;;21.261;;0 / 18;1029921;2018-11-09 17:54:47:970
-1.043;-0.881;9.682;64.0;0.0;55.97;48.15517;11.53276;;NaN;;21.261;;0 / 18;1030021;2018-11-09 17:54:48:070
-0.986;-0.67;9.921;395.0;1.0;56.62;48.15517;11.53276;;NaN;;21.261;;0 / 18;1030122;2018-11-09 17:54:48:171
-1.187;-0.421;9.615;478.0;1.0;56.62;48.15517;11.53276;;NaN;;21.261;;0 / 18;1030222;2018-11-09 17:54:48:271
-1.197;-0.067;9.347;402.0;1.0;56.62;48.15517;11.53276;;NaN;;21.261;;0 / 18;1030322;2018-11-09 17:54:48:371
-1.177;0.086;9.567;533.0;1.0;55.4;48.15517;11.53276;;NaN;;21.261;;0 / 18;1030421;2018-11-09 17:54:48:470
-1.158;0.172;9.931;344.0;0.0;55.4;48.15517;11.53276;;NaN;;21.261;;0 / 18;1030521;2018-11-09 17:54:48:570
-1.245;0.402;9.663;174.0;1.0;55.4;48.15517;11.53276;;NaN;;21.261;;0 / 18;1030621;2018-11-09 17:54:48:670
-1.177;0.229;9.749;196.0;1.0;53.42;48.15517;11.53276;;NaN;;21.261;;0 / 18;1030721;2018-11-09 17:54:48:770
-1.197;-0.009;10.132;383.0;1.0;53.42;48.15517;11.53276;;NaN;;21.261;;0 / 18;1030822;2018-11-09 17:54:48:871
-1.245;0.124;9.797;668.0;1.0;53.42;48.15517;11.53276;;NaN;;21.261;;0 / 18;1030921;2018-11-09 17:54:48:970
-1.225;-0.047;9.988;683.0;1.0;57.52;48.15517;11.53276;;NaN;;21.261;;0 / 18;1031021;2018-11-09 17:54:49:070
-1.235;0.009;9.682;305.0;1.0;57.52;48.15517;11.53276;;NaN;;21.261;;0 / 18;1031122;2018-11-09 17:54:49:171
-1.197;0.009;9.51;213.0;1.0;57.52;48.15517;11.53276;;NaN;;21.261;;0 / 18;1031222;2018-11-09 17:54:49:271
-1.187;0.019;9.845;201.0;0.0;58.63;48.15517;11.53276;;NaN;;21.261;;0 / 18;1031322;2018-11-09 17:54:49:371
-1.177;-0.038;9.854;74.0;0.0;58.63;48.15517;11.53276;;NaN;;21.261;;0 / 18;1031421;2018-11-09 17:54:49:470
-1.168;-0.105;9.835;87.0;0.0;58.63;48.15517;11.53276;;NaN;;21.261;;0 / 18;1031521;2018-11-09 17:54:49:570
-1.149;-0.009;9.72;142.0;0.0;55.93;48.15517;11.53276;;NaN;;21.261;;0 / 18;1031621;2018-11-09 17:54:49:670
-1.187;-0.047;9.826;171.0;0.0;55.93;48.15517;11.53276;;NaN;;21.261;;0 / 18;1031721;2018-11-09 17:54:49:770
-1.197;-0.105;9.634;150.0;0.0;55.93;48.15517;11.53276;;NaN;;21.261;;0 / 18;1031822;2018-11-09 17:54:49:871
-1.11;0.191;9.797;172.0;0.0;55.91;48.15517;11.53276;;NaN;;21.261;;0 / 18;1031922;2018-11-09 17:54:49:971
-1.168;0.067;9.337;151.0;0.0;55.91;48.15517;11.53276;;NaN;;21.261;;0 / 18;1032022;2018-11-09 17:54:50:071
-1.158;-0.047;10.352;192.0;0.0;55.91;48.15517;11.53276;;NaN;;21.261;;0 / 18;1032121;2018-11-09 17:54:50:170
-1.197;0.134;9.529;247.0;0.0;57.26;48.15517;11.53276;;NaN;;21.261;;0 / 18;1032221;2018-11-09 17:54:50:270
-1.168;0.057;9.749;211.0;0.0;57.26;48.15517;11.53276;;NaN;;21.261;;0 / 18;1032321;2018-11-09 17:54:50:370
-1.34;0.105;9.854;250.0;0.0;57.26;48.15517;11.53276;;NaN;;21.261;;0 / 18;1032422;2018-11-09 17:54:50:471
-1.235;0.0;9.816;224.0;0.0;58.4;48.15517;11.53276;;NaN;;21.261;;0 / 18;1032522;2018-11-09 17:54:50:571
-1.254;0.047;9.807;235.0;0.0;58.4;48.15517;11.53276;;NaN;;21.261;;0 / 18;1032622;2018-11-09 17:54:50:671
-1.283;0.383;9.682;243.0;0.0;58.4;48.15517;11.53276;;NaN;;21.261;;0 / 18;1032721;2018-11-09 17:54:50:770
-1.292;0.488;9.883;236.0;0.0;57.18;48.15517;11.53276;;NaN;;21.261;;0 / 18;1032821;2018-11-09 17:54:50:870
-1.254;0.718;9.941;199.0;0.0;57.18;48.15517;11.53276;;NaN;;21.261;;0 / 18;1032922;2018-11-09 17:54:50:971
-1.388;0.727;9.711;168.0;0.0;57.18;48.15517;11.53276;;NaN;;21.261;;0 / 18;1033022;2018-11-09 17:54:51:071
-1.197;0.775;9.548;104.0;0.0;54.39;48.15517;11.53276;;NaN;;21.261;;0 / 18;1033121;2018-11-09 17:54:51:170
-1.436;0.574;9.586;64.0;0.0;54.39;48.15517;11.53276;;NaN;;21.261;;0 / 18;1033221;2018-11-09 17:54:51:270
-1.321;0.459;9.72;65.0;0.0;54.39;48.15517;11.53276;;NaN;;21.261;;0 / 18;1033322;2018-11-09 17:54:51:371
-1.283;0.536;9.73;76.0;0.0;52.98;48.15517;11.53276;;NaN;;21.261;;0 / 18;1033422;2018-11-09 17:54:51:471
-1.379;0.593;9.653;75.0;0.0;52.98;48.15517;11.53276;;NaN;;21.261;;0 / 18;1033521;2018-11-09 17:54:51:570
-1.379;0.708;9.682;97.0;0.0;52.98;48.15517;11.53276;;NaN;;21.261;;0 / 18;1033622;2018-11-09 17:54:51:671
-1.187;0.699;9.5;82.0;0.0;54.54;48.15517;11.53276;;NaN;;21.261;;0 / 18;1033721;2018-11-09 17:54:51:770
-1.551;0.747;10.927;71.0;0.0;54.54;48.15517;11.53276;;NaN;;21.261;;0 / 18;1033822;2018-11-09 17:54:51:871
-1.197;0.507;9.49;69.0;0.0;54.54;48.15517;11.53276;;NaN;;21.261;;0 / 18;1033921;2018-11-09 17:54:51:970
-1.446;0.498;9.692;57.0;0.0;52.38;48.15517;11.53276;;NaN;;21.261;;0 / 18;1034022;2018-11-09 17:54:52:071
-1.426;0.565;9.883;67.0;0.0;52.38;48.15517;11.53276;;NaN;;21.261;;0 / 18;1034122;2018-11-09 17:54:52:171
-1.436;0.488;9.49;59.0;0.0;52.38;48.15517;11.53276;;NaN;;21.261;;0 / 18;1034222;2018-11-09 17:54:52:271
-1.484;0.526;9.95;56.0;0.0;51.39;48.15517;11.53276;;NaN;;21.261;;0 / 18;1034321;2018-11-09 17:54:52:370
-1.407;0.612;9.797;49.0;0.0;51.39;48.15517;11.53276;;NaN;;21.261;;0 / 18;1034421;2018-11-09 17:54:52:470
-1.455;0.651;9.816;58.0;0.0;51.39;48.15517;11.53276;;NaN;;21.261;;0 / 18;1034522;2018-11-09 17:54:52:571
-1.398;0.593;9.826;69.0;0.0;55.48;48.15517;11.53276;;NaN;;21.261;;0 / 18;1034622;2018-11-09 17:54:52:671
-1.388;0.478;9.615;47.0;0.0;55.48;48.15517;11.53276;;NaN;;21.261;;0 / 18;1034721;2018-11-09 17:54:52:770
-1.407;0.565;9.797;59.0;0.0;55.48;48.15517;11.53276;;NaN;;21.261;;0 / 18;1034821;2018-11-09 17:54:52:870
-1.522;0.536;9.653;63.0;0.0;57.24;48.15517;11.53276;;NaN;;21.261;;0 / 18;1034922;2018-11-09 17:54:52:971
-1.474;0.565;9.864;57.0;0.0;57.24;48.15517;11.53276;;NaN;;21.261;;0 / 18;1035021;2018-11-09 17:54:53:070
-1.35;0.555;9.883;64.0;0.0;57.24;48.15517;11.53276;;NaN;;21.261;;0 / 18;1035121;2018-11-09 17:54:53:170
-1.407;0.45;9.605;57.0;0.0;53.63;48.15517;11.53276;;NaN;;21.261;;0 / 18;1035222;2018-11-09 17:54:53:271
-1.321;0.44;9.625;62.0;0.0;53.63;48.15517;11.53276;;NaN;;21.261;;0 / 18;1035322;2018-11-09 17:54:53:371
-1.532;0.411;9.96;66.0;0.0;53.63;48.15517;11.53276;;NaN;;21.261;;0 / 18;1035422;2018-11-09 17:54:53:471
-1.436;0.44;9.969;47.0;0.0;54.52;48.15517;11.53276;;NaN;;21.261;;0 / 18;1035522;2018-11-09 17:54:53:571
-1.245;0.459;9.644;62.0;0.0;54.52;48.15517;11.53276;;NaN;;21.261;;0 / 18;1035621;2018-11-09 17:54:53:670
-1.235;0.421;9.759;71.0;0.0;54.52;48.15517;11.53276;;NaN;;21.261;;0 / 18;1035721;2018-11-09 17:54:53:770
-1.312;0.43;9.672;67.0;0.0;54.21;48.15517;11.53276;;NaN;;21.261;;0 / 18;1035822;2018-11-09 17:54:53:871
-1.225;0.268;9.902;72.0;0.0;54.21;48.15517;11.53276;;NaN;;21.261;;0 / 18;1035921;2018-11-09 17:54:53:970
-1.273;0.392;9.634;77.0;0.0;54.21;48.15517;11.53276;;NaN;;21.261;;0 / 18;1036021;2018-11-09 17:54:54:070
-1.283;0.392;9.845;61.0;0.0;54.82;48.15517;11.53276;;NaN;;21.261;;0 / 18;1036122;2018-11-09 17:54:54:171
-1.177;0.373;9.615;55.0;0.0;54.82;48.15517;11.53276;;NaN;;21.261;;0 / 18;1036222;2018-11-09 17:54:54:271
-1.245;0.45;9.864;63.0;0.0;54.82;48.15517;11.53276;;NaN;;21.261;;0 / 18;1036322;2018-11-09 17:54:54:371
-1.072;0.498;9.433;78.0;0.0;54.83;48.15517;11.53276;;NaN;;21.261;;0 / 18;1036421;2018-11-09 17:54:54:470
-1.091;0.402;9.797;56.0;0.0;54.83;48.15517;11.53276;;NaN;;21.261;;0 / 18;1036521;2018-11-09 17:54:54:570
-1.254;0.498;9.778;68.0;0.0;54.83;48.15517;11.53276;;NaN;;21.261;;0 / 18;1036621;2018-11-09 17:54:54:670
-1.158;0.44;9.921;66.0;0.0;55.13;48.15517;11.53276;;NaN;;21.261;;0 / 18;1036722;2018-11-09 17:54:54:771
-1.235;0.44;9.874;70.0;0.0;55.13;48.15517;11.53276;;NaN;;21.261;;0 / 18;1036822;2018-11-09 17:54:54:871
-1.053;0.402;9.826;66.0;0.0;55.13;48.15517;11.53276;;NaN;;21.261;;0 / 18;1036922;2018-11-09 17:54:54:971
-1.005;0.43;9.893;63.0;0.0;55.13;48.15517;11.53276;;NaN;;21.261;;0 / 18;1037021;2018-11-09 17:54:55:070
-1.043;0.44;9.644;56.0;0.0;55.45;48.15517;11.53276;;NaN;;21.261;;0 / 18;1037122;2018-11-09 17:54:55:171
-0.948;0.411;9.95;64.0;0.0;55.45;48.15517;11.53276;;NaN;;21.261;;0 / 18;1037222;2018-11-09 17:54:55:271
-1.005;0.43;9.988;62.0;0.0;55.45;48.15517;11.53276;;NaN;;21.261;;0 / 18;1037321;2018-11-09 17:54:55:370
-0.919;0.459;9.778;45.0;0.0;53.44;48.15517;11.53276;;NaN;;21.261;;0 / 18;1037422;2018-11-09 17:54:55:471
-1.005;0.296;9.998;62.0;0.0;53.44;48.15517;11.53276;;NaN;;21.261;;0 / 18;1037522;2018-11-09 17:54:55:571
-0.842;0.316;9.701;53.0;0.0;53.44;48.15517;11.53276;;NaN;;21.261;;0 / 18;1037622;2018-11-09 17:54:55:671
-0.938;0.363;9.586;60.0;0.0;53.02;48.15517;11.53276;;NaN;;21.261;;0 / 18;1037721;2018-11-09 17:54:55:770
-0.909;0.354;9.874;66.0;0.0;53.02;48.15517;11.53276;;NaN;;21.261;;0 / 18;1037822;2018-11-09 17:54:55:871
-0.881;0.411;9.816;44.0;0.0;53.02;48.15517;11.53276;;NaN;;21.261;;0 / 18;1037922;2018-11-09 17:54:55:971
-0.852;0.296;9.692;48.0;0.0;55.73;48.15517;11.53276;;NaN;;21.261;;0 / 18;1038022;2018-11-09 17:54:56:071
-0.842;0.325;9.912;46.0;0.0;55.73;48.15517;11.53276;;NaN;;21.261;;0 / 18;1038122;2018-11-09 17:54:56:171
-0.852;0.325;9.49;62.0;0.0;55.73;48.15517;11.53276;;NaN;;21.261;;0 / 18;1038221;2018-11-09 17:54:56:270
-0.747;0.411;9.72;65.0;0.0;55.13;48.15517;11.53276;;NaN;;21.261;;0 / 18;1038322;2018-11-09 17:54:56:371
-0.871;0.421;9.893;62.0;0.0;55.13;48.15517;11.53276;;NaN;;21.261;;0 / 18;1038422;2018-11-09 17:54:56:471
-0.9;0.344;9.615;59.0;0.0;55.13;48.15517;11.53276;;NaN;;21.261;;0 / 18;1038522;2018-11-09 17:54:56:571
-0.948;0.344;9.768;129.0;0.0;51.27;48.15517;11.53276;;NaN;;21.261;;0 / 18;1038622;2018-11-09 17:54:56:671
-0.823;0.296;9.96;129.0;1.0;51.27;48.15517;11.53276;;NaN;;21.261;;0 / 18;1038722;2018-11-09 17:54:56:771
-0.996;0.229;9.988;267.0;1.0;51.27;48.15517;11.53276;;NaN;;21.261;;0 / 18;1038821;2018-11-09 17:54:56:870
-1.053;0.287;9.452;600.0;1.0;53.8;48.15517;11.53276;;NaN;;21.261;;0 / 18;1038922;2018-11-09 17:54:56:971
-0.938;0.555;9.615;592.0;1.0;53.8;48.15517;11.53276;;NaN;;21.261;;0 / 18;1039022;2018-11-09 17:54:57:071
-0.881;0.794;9.443;518.0;1.0;53.8;48.15517;11.53276;;NaN;;21.261;;0 / 18;1039122;2018-11-09 17:54:57:171
-0.986;0.794;9.883;323.0;0.0;52.84;48.15517;11.53276;;NaN;;21.261;;0 / 18;1039222;2018-11-09 17:54:57:271
-1.101;0.622;10.17;247.0;0.0;52.84;48.15517;11.53276;;NaN;;21.261;;0 / 18;1039324;2018-11-09 17:54:57:373
-1.034;0.593;9.874;308.0;0.0;52.84;48.15517;11.53276;;NaN;;21.261;;0 / 18;1039422;2018-11-09 17:54:57:471
-0.938;0.488;9.711;405.0;1.0;51.96;48.15517;11.53276;;NaN;;21.261;;0 / 18;1039521;2018-11-09 17:54:57:570
-1.024;0.478;9.864;456.0;1.0;51.96;48.15517;11.53276;;NaN;;21.261;;0 / 18;1039622;2018-11-09 17:54:57:671
-1.063;0.574;9.988;443.0;1.0;51.96;48.15517;11.53276;;NaN;;21.261;;0 / 18;1039722;2018-11-09 17:54:57:771
-0.881;0.517;9.826;443.0;1.0;51.2;48.15517;11.53276;;NaN;;21.261;;0 / 18;1039822;2018-11-09 17:54:57:871
-0.928;0.488;9.711;387.0;1.0;51.2;48.15517;11.53276;;NaN;;21.261;;0 / 18;1039921;2018-11-09 17:54:57:970
-1.024;0.545;9.701;334.0;1.0;51.2;48.15517;11.53276;;NaN;;21.261;;0 / 18;1040022;2018-11-09 17:54:58:071
-0.967;0.507;9.807;256.0;1.0;51.66;48.15517;11.53276;;NaN;;21.261;;0 / 18;1040122;2018-11-09 17:54:58:171
-0.996;0.478;9.711;141.0;1.0;51.66;48.15517;11.53276;;NaN;;21.261;;0 / 18;1040222;2018-11-09 17:54:58:271
-0.996;0.421;9.768;102.0;1.0;51.66;48.15517;11.53276;;NaN;;21.261;;0 / 18;1040322;2018-11-09 17:54:58:371
-0.976;0.421;9.759;102.0;0.0;50.25;48.15517;11.53276;;NaN;;21.261;;0 / 18;1040422;2018-11-09 17:54:58:471
-1.024;0.392;9.96;38.0;0.0;50.25;48.15517;11.53276;;NaN;;21.261;;0 / 18;1040521;2018-11-09 17:54:58:570
-1.091;0.296;9.826;134.0;0.0;50.25;48.15517;11.53276;;NaN;;21.261;;0 / 18;1040621;2018-11-09 17:54:58:670
-1.12;0.363;9.95;269.0;0.0;52.63;48.15517;11.53276;;NaN;;21.261;;0 / 18;1040721;2018-11-09 17:54:58:770
-1.005;0.383;9.739;292.0;0.0;52.63;48.15517;11.53276;;NaN;;21.261;;0 / 18;1040821;2018-11-09 17:54:58:870
-1.11;0.306;9.854;420.0;0.0;52.63;48.15517;11.53276;;NaN;;21.261;;0 / 18;1040921;2018-11-09 17:54:58:970
-1.11;0.383;9.73;487.0;1.0;49.34;48.15517;11.53276;;NaN;;21.261;;0 / 18;1041021;2018-11-09 17:54:59:070
-1.015;0.268;9.807;529.0;1.0;49.34;48.15517;11.53276;;NaN;;21.261;;0 / 18;1041121;2018-11-09 17:54:59:170
-1.13;0.249;9.711;572.0;1.0;49.34;48.15517;11.53276;;NaN;;21.261;;0 / 18;1041222;2018-11-09 17:54:59:271
-1.139;0.383;9.921;480.0;1.0;48.16;48.15517;11.53276;;NaN;;21.261;;0 / 18;1041322;2018-11-09 17:54:59:371
-1.206;0.373;9.778;480.0;0.0;48.16;48.15517;11.53276;;NaN;;21.261;;0 / 18;1041422;2018-11-09 17:54:59:471
-1.053;0.354;9.433;369.0;0.0;48.16;48.15517;11.53276;;NaN;;21.261;;0 / 18;1041522;2018-11-09 17:54:59:571
-1.053;0.43;9.692;324.0;0.0;51.58;48.15517;11.53276;;NaN;;21.261;;0 / 18;1041622;2018-11-09 17:54:59:671
-1.235;0.459;9.826;307.0;0.0;51.58;48.15517;11.53276;;NaN;;21.261;;0 / 18;1041722;2018-11-09 17:54:59:771
-1.216;0.335;9.998;311.0;0.0;51.58;48.15517;11.53276;;NaN;;21.261;;0 / 18;1041821;2018-11-09 17:54:59:870
-1.12;0.335;9.672;297.0;0.0;50.55;48.15517;11.53276;;NaN;;21.261;;0 / 18;1041921;2018-11-09 17:54:59:970
-1.177;0.373;9.672;218.0;0.0;50.55;48.15517;11.53276;;NaN;;21.261;;0 / 18;1042021;2018-11-09 17:55:00:070
-1.245;0.402;9.739;105.0;0.0;50.55;48.15517;11.53276;;NaN;;21.261;;0 / 18;1042121;2018-11-09 17:55:00:170
-1.216;0.344;9.931;120.0;0.0;50.22;48.15517;11.53276;;NaN;;21.261;;0 / 18;1042222;2018-11-09 17:55:00:271
-1.187;0.43;9.835;168.0;0.0;50.22;48.15517;11.53276;;NaN;;21.261;;0 / 18;1042322;2018-11-09 17:55:00:371
-1.158;0.402;9.759;154.0;0.0;50.22;48.15517;11.53276;;NaN;;21.261;;0 / 18;1042422;2018-11-09 17:55:00:471
-1.158;0.383;9.73;145.0;0.0;50.23;48.15517;11.53276;;NaN;;21.261;;0 / 18;1042522;2018-11-09 17:55:00:571
-0.948;0.478;9.701;163.0;0.0;50.23;48.15517;11.53276;;NaN;;21.261;;0 / 18;1042621;2018-11-09 17:55:00:670
-1.187;0.43;9.807;137.0;0.0;50.23;48.15517;11.53276;;NaN;;21.261;;0 / 18;1042721;2018-11-09 17:55:00:770
-1.197;0.201;9.854;158.0;0.0;48.71;48.15517;11.53276;;NaN;;21.261;;0 / 18;1042821;2018-11-09 17:55:00:870
-1.283;0.325;9.874;133.0;0.0;48.71;48.15517;11.53276;;NaN;;21.261;;0 / 18;1042921;2018-11-09 17:55:00:970
-1.177;0.45;9.759;146.0;0.0;48.71;48.15517;11.53276;;NaN;;21.261;;0 / 18;1043022;2018-11-09 17:55:01:071
-1.216;0.402;9.854;135.0;0.0;50.44;48.15517;11.53276;;NaN;;21.261;;0 / 18;1043122;2018-11-09 17:55:01:171
-1.235;0.373;9.701;126.0;0.0;50.44;48.15517;11.53276;;NaN;;21.261;;0 / 18;1043222;2018-11-09 17:55:01:271
-1.216;0.536;9.653;141.0;0.0;50.44;48.15517;11.53276;;NaN;;21.261;;0 / 18;1043321;2018-11-09 17:55:01:370
-1.168;0.335;9.845;119.0;0.0;51.48;48.15517;11.53276;;NaN;;21.261;;0 / 18;1043421;2018-11-09 17:55:01:470
-1.187;0.545;9.529;140.0;0.0;51.48;48.15517;11.53276;;NaN;;21.261;;0 / 18;1043522;2018-11-09 17:55:01:571
-1.273;0.363;9.941;140.0;0.0;51.48;48.15517;11.53276;;NaN;;21.261;;0 / 18;1043621;2018-11-09 17:55:01:670
-1.331;0.325;9.51;138.0;0.0;52.86;48.15517;11.53276;;NaN;;21.261;;0 / 18;1043722;2018-11-09 17:55:01:771
-1.359;0.402;10.17;123.0;0.0;52.86;48.15517;11.53276;;NaN;;21.261;;0 / 18;1043822;2018-11-09 17:55:01:871
-1.302;0.411;9.921;131.0;0.0;52.86;48.15517;11.53276;;NaN;;21.261;;0 / 18;1043922;2018-11-09 17:55:01:971
-1.254;0.296;9.845;123.0;0.0;51.4;48.15517;11.53276;;NaN;;21.261;;0 / 18;1044022;2018-11-09 17:55:02:071
-1.273;0.287;9.998;134.0;0.0;51.4;48.15517;11.53276;;NaN;;21.261;;0 / 18;1044121;2018-11-09 17:55:02:170
-1.35;0.268;9.768;139.0;0.0;51.4;48.15517;11.53276;;NaN;;21.261;;0 / 18;1044221;2018-11-09 17:55:02:270
-1.455;0.316;10.103;141.0;0.0;51.22;48.15517;11.53276;;NaN;;21.261;;0 / 18;1044322;2018-11-09 17:55:02:371
-1.379;0.287;9.835;128.0;0.0;51.22;48.15517;11.53276;;NaN;;21.261;;0 / 18;1044422;2018-11-09 17:55:02:471
-1.465;0.306;9.778;106.0;0.0;51.22;48.15517;11.53276;;NaN;;21.261;;0 / 18;1044522;2018-11-09 17:55:02:571
-1.379;0.402;9.893;115.0;0.0;47.42;48.15517;11.53276;;NaN;;21.261;;0 / 18;1044622;2018-11-09 17:55:02:671
-1.513;0.335;9.701;110.0;0.0;47.42;48.15517;11.53276;;NaN;;21.261;;0 / 18;1044721;2018-11-09 17:55:02:770
-1.551;0.316;9.845;107.0;0.0;47.42;48.15517;11.53276;;NaN;;21.261;;0 / 18;1044821;2018-11-09 17:55:02:870
-1.436;0.421;9.816;129.0;0.0;49.33;48.15517;11.53276;;NaN;;21.261;;0 / 18;1044922;2018-11-09 17:55:02:971
-1.388;0.354;9.749;118.0;0.0;49.33;48.15517;11.53276;;NaN;;21.261;;0 / 18;1045021;2018-11-09 17:55:03:070
-1.35;0.306;9.625;119.0;0.0;49.33;48.15517;11.53276;;NaN;;21.261;;0 / 18;1045122;2018-11-09 17:55:03:171
-1.494;0.363;10.113;129.0;0.0;47.97;48.15517;11.53276;;NaN;;21.261;;0 / 18;1045222;2018-11-09 17:55:03:271
-1.465;0.43;10.008;121.0;0.0;47.97;48.15517;11.53276;;NaN;;21.261;;0 / 18;1045322;2018-11-09 17:55:03:371
-1.407;0.383;10.008;127.0;0.0;47.97;48.15517;11.53276;;NaN;;21.261;;0 / 18;1045421;2018-11-09 17:55:03:470
-1.522;0.584;9.711;115.0;0.0;49.94;48.15517;11.53276;;NaN;;21.261;;0 / 18;1045521;2018-11-09 17:55:03:570
-1.436;0.632;10.046;123.0;0.0;49.94;48.15517;11.53276;;NaN;;21.261;;0 / 18;1045621;2018-11-09 17:55:03:670
-1.455;0.699;9.529;132.0;0.0;49.94;48.15517;11.53276;;NaN;;21.261;;0 / 18;1045721;2018-11-09 17:55:03:770
-1.589;0.718;9.826;137.0;0.0;49.3;48.15517;11.53276;;NaN;;21.261;;0 / 18;1045821;2018-11-09 17:55:03:870
-1.522;0.833;10.046;120.0;0.0;49.3;48.15517;11.53276;;NaN;;21.261;;0 / 18;1045921;2018-11-09 17:55:03:970
-1.455;1.11;9.874;114.0;0.0;49.3;48.15517;11.53276;;NaN;;21.261;;0 / 18;1046021;2018-11-09 17:55:04:070
-1.541;1.283;10.295;120.0;0.0;47.04;48.15517;11.53276;;NaN;;21.261;;0 / 18;1046122;2018-11-09 17:55:04:171
-1.513;1.34;10.113;117.0;0.0;47.04;48.15517;11.53276;;NaN;;21.261;;0 / 18;1046222;2018-11-09 17:55:04:271
-1.379;1.379;9.816;116.0;0.0;47.04;48.15517;11.53276;;NaN;;21.261;;0 / 18;1046322;2018-11-09 17:55:04:371
-1.628;1.053;10.314;140.0;0.0;47.78;48.15517;11.53276;;NaN;;21.261;;0 / 18;1046422;2018-11-09 17:55:04:471
-1.494;1.101;9.73;151.0;0.0;47.78;48.15517;11.53276;;NaN;;21.261;;0 / 18;1046522;2018-11-09 17:55:04:571
-1.465;1.216;9.979;193.0;0.0;47.78;48.15517;11.53276;;NaN;;21.261;;0 / 18;1046621;2018-11-09 17:55:04:670
-1.599;1.12;9.701;203.0;0.0;49.81;48.15517;11.53276;;NaN;;21.261;;0 / 18;1046721;2018-11-09 17:55:04:770
-1.781;1.206;10.17;118.0;0.0;49.81;48.15517;11.53276;;NaN;;21.261;;0 / 18;1046822;2018-11-09 17:55:04:871
-1.35;1.522;9.864;93.0;0.0;49.81;48.15517;11.53276;;NaN;;21.261;;0 / 18;1046922;2018-11-09 17:55:04:971
-1.474;1.254;9.577;155.0;0.0;49.2;48.15517;11.53276;;NaN;;21.261;;0 / 18;1047022;2018-11-09 17:55:05:071
-1.848;1.13;10.257;123.0;0.0;49.2;48.15517;11.53276;;NaN;;21.261;;0 / 18;1047121;2018-11-09 17:55:05:170
-1.676;1.484;10.161;118.0;0.0;49.2;48.15517;11.53276;;NaN;;21.261;;0 / 18;1047221;2018-11-09 17:55:05:270
-1.407;1.283;9.462;133.0;0.0;51.61;48.15517;11.53276;;NaN;;21.261;;0 / 18;1047321;2018-11-09 17:55:05:370
-1.647;1.216;10.161;212.0;1.0;51.61;48.15517;11.53276;;NaN;;21.261;;0 / 18;1047421;2018-11-09 17:55:05:470
-1.628;1.407;9.912;233.0;1.0;51.61;48.15517;11.53276;;NaN;;21.261;;0 / 18;1047521;2018-11-09 17:55:05:570
-1.57;1.398;9.663;233.0;1.0;48.86;48.15517;11.53276;;NaN;;21.261;;0 / 18;1047622;2018-11-09 17:55:05:671
-1.551;1.254;9.634;259.0;1.0;48.86;48.15517;11.53276;;NaN;;21.261;;0 / 18;1047722;2018-11-09 17:55:05:771
-1.57;1.359;10.056;227.0;1.0;48.86;48.15517;11.53276;;NaN;;21.261;;0 / 18;1047822;2018-11-09 17:55:05:871
-1.455;1.312;9.586;196.0;1.0;50.27;48.15517;11.53276;;NaN;;21.261;;0 / 18;1047922;2018-11-09 17:55:05:971
-1.321;0.785;9.577;188.0;1.0;50.27;48.15517;11.53276;;NaN;;21.261;;0 / 18;1048022;2018-11-09 17:55:06:071
-1.455;0.316;10.046;184.0;1.0;50.27;48.15517;11.53276;;NaN;;21.261;;0 / 18;1048122;2018-11-09 17:55:06:171
-1.522;0.153;9.854;542.0;1.0;47.0;48.15517;11.53276;;NaN;;21.261;;0 / 18;1048221;2018-11-09 17:55:06:270
-1.388;-0.316;9.969;592.0;1.0;47.0;48.15517;11.53276;;NaN;;21.261;;0 / 18;1048321;2018-11-09 17:55:06:370
-1.503;-0.316;9.73;590.0;1.0;47.0;48.15517;11.53276;;NaN;;21.261;;0 / 18;1048422;2018-11-09 17:55:06:471
-1.321;-0.277;9.759;600.0;1.0;49.48;48.15517;11.53276;;NaN;;21.261;;0 / 18;1048522;2018-11-09 17:55:06:571
-1.455;0.296;9.567;611.0;1.0;49.48;48.15517;11.53276;;NaN;;21.261;;0 / 18;1048622;2018-11-09 17:55:06:671
-1.302;0.43;9.222;573.0;1.0;49.48;48.15517;11.53276;;NaN;;21.261;;0 / 18;1048722;2018-11-09 17:55:06:771
-1.34;-0.306;10.132;584.0;1.0;50.38;48.15517;11.53276;;NaN;;21.261;;0 / 18;1048822;2018-11-09 17:55:06:871
-1.35;-0.718;10.075;583.0;1.0;50.38;48.15517;11.53276;;NaN;;21.261;;0 / 18;1048921;2018-11-09 17:55:06:970
-1.273;-0.66;9.883;587.0;1.0;50.38;48.1557;11.53205;563.1;NaN;;100.0;;0 / 18;1049025;2018-11-09 17:55:07:074
-1.34;-0.498;9.577;570.0;1.0;45.73;48.1557;11.53205;563.1;NaN;;100.0;;0 / 18;1049122;2018-11-09 17:55:07:171
-1.503;-0.306;9.902;543.0;1.0;45.73;48.1557;11.53205;563.1;NaN;;100.0;;0 / 18;1049221;2018-11-09 17:55:07:270
-1.245;-0.277;9.711;568.0;1.0;45.73;48.1557;11.53205;563.1;NaN;;100.0;;0 / 18;1049321;2018-11-09 17:55:07:370
-1.398;-0.258;9.759;556.0;1.0;41.45;48.1557;11.53205;563.1;NaN;;100.0;;0 / 18;1049421;2018-11-09 17:55:07:470
-1.35;-0.086;9.797;570.0;1.0;41.45;48.1557;11.53205;563.1;NaN;;100.0;;0 / 18;1049524;2018-11-09 17:55:07:573
-1.35;-0.191;9.893;589.0;1.0;41.45;48.1557;11.53205;563.1;NaN;;100.0;;0 / 18;1049621;2018-11-09 17:55:07:670
-1.34;-0.306;9.969;589.0;1.0;42.09;48.1557;11.53205;563.1;NaN;;100.0;;0 / 18;1049722;2018-11-09 17:55:07:771
-1.302;-0.306;9.768;414.0;1.0;42.09;48.1557;11.53205;563.1;NaN;;100.0;;0 / 18;1049822;2018-11-09 17:55:07:871
-1.417;-0.335;9.874;235.0;1.0;42.09;48.1557;11.53205;563.1;NaN;;100.0;;0 / 18;1049922;2018-11-09 17:55:07:971
-1.379;-0.306;9.778;224.0;1.0;41.16;48.1557;11.53205;563.1;NaN;;100.0;;0 / 18;1050022;2018-11-09 17:55:08:071
-1.436;-0.296;9.711;199.0;1.0;41.16;48.1557;11.53205;563.1;NaN;;100.0;;0 / 18;1050122;2018-11-09 17:55:08:171
-1.474;-0.172;9.787;185.0;1.0;41.16;48.1557;11.53205;563.1;NaN;;100.0;;0 / 18;1050222;2018-11-09 17:55:08:271
-1.359;-0.22;9.95;183.0;1.0;49.55;48.1557;11.53205;563.1;NaN;;100.0;;0 / 18;1050322;2018-11-09 17:55:08:371
-1.312;-0.22;9.653;196.0;1.0;49.55;48.1557;11.53205;563.1;NaN;;100.0;;0 / 18;1050421;2018-11-09 17:55:08:470
-1.321;-0.249;9.797;199.0;1.0;49.55;48.1557;11.53205;563.1;NaN;;100.0;;0 / 18;1050522;2018-11-09 17:55:08:571
-1.359;-0.287;9.874;206.0;1.0;50.24;48.1557;11.53205;563.1;NaN;;100.0;;0 / 18;1050622;2018-11-09 17:55:08:671
-1.398;-0.402;9.874;206.0;1.0;50.24;48.1557;11.53205;563.1;NaN;;100.0;;0 / 18;1050721;2018-11-09 17:55:08:770
-1.359;-0.335;9.874;208.0;1.0;50.24;48.1557;11.53205;563.1;NaN;;100.0;;0 / 18;1050822;2018-11-09 17:55:08:871
-1.34;-0.316;9.883;205.0;1.0;44.66;48.1557;11.53205;563.1;NaN;;100.0;;0 / 18;1050921;2018-11-09 17:55:08:970
-1.264;-0.354;9.941;206.0;1.0;44.66;48.1557;11.53205;563.1;NaN;;100.0;;0 / 18;1051021;2018-11-09 17:55:09:070
-1.312;-0.373;9.807;207.0;1.0;44.66;48.1557;11.53205;563.1;NaN;;100.0;;0 / 18;1051122;2018-11-09 17:55:09:171
-1.417;-0.306;9.826;214.0;1.0;44.25;48.1557;11.53205;563.1;NaN;;100.0;;0 / 18;1051222;2018-11-09 17:55:09:271
-1.407;-0.325;9.95;214.0;1.0;44.25;48.1557;11.53205;563.1;NaN;;100.0;;0 / 18;1051322;2018-11-09 17:55:09:371
-1.273;-0.335;9.874;211.0;1.0;44.25;48.1557;11.53205;563.1;NaN;;100.0;;0 / 18;1051422;2018-11-09 17:55:09:471
-1.34;-0.373;9.835;204.0;1.0;48.6;48.1557;11.53205;563.1;NaN;;100.0;;0 / 18;1051521;2018-11-09 17:55:09:570
-1.312;-0.268;9.529;191.0;1.0;48.6;48.1557;11.53205;563.1;NaN;;100.0;;0 / 18;1051621;2018-11-09 17:55:09:670
-1.292;-0.344;9.912;212.0;1.0;48.6;48.1557;11.53205;563.1;NaN;;100.0;;0 / 18;1051721;2018-11-09 17:55:09:770
-1.34;-0.411;9.893;214.0;1.0;45.02;48.1557;11.53205;563.1;NaN;;100.0;;0 / 18;1051822;2018-11-09 17:55:09:871
-1.369;-0.363;9.864;205.0;1.0;45.02;48.1557;11.53205;563.1;NaN;;100.0;;0 / 18;1051922;2018-11-09 17:55:09:971
-1.312;-0.335;9.701;194.0;1.0;45.02;48.1557;11.53205;563.1;NaN;;100.0;;0 / 18;1052021;2018-11-09 17:55:10:070
-1.388;-0.354;9.883;176.0;1.0;47.16;48.1557;11.53205;563.1;NaN;;100.0;;0 / 18;1052121;2018-11-09 17:55:10:170
-1.331;-0.306;9.807;187.0;1.0;47.16;48.1557;11.53205;563.1;NaN;;100.0;;0 / 18;1052222;2018-11-09 17:55:10:271
-1.331;-0.296;9.787;188.0;1.0;47.16;48.1557;11.53205;563.1;NaN;;100.0;;0 / 18;1052322;2018-11-09 17:55:10:371
-1.369;-0.316;9.787;170.0;1.0;46.31;48.1557;11.53205;563.1;NaN;;100.0;;0 / 18;1052424;2018-11-09 17:55:10:473
-1.369;-0.249;9.625;170.0;1.0;46.31;48.1557;11.53205;563.1;NaN;;100.0;;0 / 18;1052522;2018-11-09 17:55:10:571
-1.302;-0.392;9.95;177.0;1.0;46.31;48.1557;11.53205;563.1;NaN;;100.0;;0 / 18;1052622;2018-11-09 17:55:10:671
-1.321;-0.296;9.807;151.0;1.0;46.31;48.1557;11.53205;563.1;NaN;;100.0;;0 / 18;1052721;2018-11-09 17:55:10:770
-1.359;-0.402;9.969;175.0;1.0;43.34;48.1557;11.53205;563.1;NaN;;100.0;;0 / 18;1052821;2018-11-09 17:55:10:870
-1.312;-0.306;9.893;228.0;1.0;43.34;48.1557;11.53205;563.1;NaN;;100.0;;0 / 18;1052921;2018-11-09 17:55:10:970
-1.369;-0.373;9.912;455.0;1.0;43.34;48.1557;11.53205;563.1;NaN;;100.0;;0 / 18;1053022;2018-11-09 17:55:11:071
-1.388;-0.316;9.807;550.0;1.0;51.16;48.1557;11.53205;563.1;NaN;;100.0;;0 / 18;1053122;2018-11-09 17:55:11:171
-1.369;-0.344;9.845;575.0;1.0;51.16;48.1557;11.53205;563.1;NaN;;100.0;;0 / 18;1053222;2018-11-09 17:55:11:271
-1.359;-0.287;9.845;578.0;1.0;51.16;48.1557;11.53205;563.1;NaN;;100.0;;0 / 18;1053321;2018-11-09 17:55:11:370
-1.359;-0.268;9.835;573.0;1.0;44.37;48.1557;11.53205;563.1;NaN;;100.0;;0 / 18;1053421;2018-11-09 17:55:11:470
-1.369;-0.277;9.682;559.0;1.0;44.37;48.1557;11.53205;563.1;NaN;;100.0;;0 / 18;1053521;2018-11-09 17:55:11:570
-1.331;-0.296;9.682;540.0;1.0;44.37;48.1557;11.53205;563.1;NaN;;100.0;;0 / 18;1053621;2018-11-09 17:55:11:670
-1.436;-0.344;9.893;546.0;1.0;43.3;48.1557;11.53205;563.1;NaN;;100.0;;0 / 18;1053722;2018-11-09 17:55:11:771
-1.34;-0.363;9.826;539.0;1.0;43.3;48.1557;11.53205;563.1;NaN;;100.0;;0 / 18;1053822;2018-11-09 17:55:11:871
-1.407;-0.363;10.017;537.0;1.0;43.3;48.1557;11.53205;563.1;NaN;;100.0;;0 / 18;1053922;2018-11-09 17:55:11:971
-1.283;-0.325;9.816;529.0;1.0;44.58;48.1557;11.53205;563.1;NaN;;100.0;;0 / 18;1054021;2018-11-09 17:55:12:070
-1.35;-0.287;9.893;524.0;1.0;44.58;48.1557;11.53205;563.1;NaN;;100.0;;0 / 18;1054121;2018-11-09 17:55:12:170
-1.321;-0.316;9.759;525.0;1.0;44.58;48.1557;11.53205;563.1;NaN;;100.0;;0 / 18;1054221;2018-11-09 17:55:12:270
-1.321;-0.421;9.95;540.0;1.0;43.48;48.1557;11.53205;563.1;NaN;;100.0;;0 / 18;1054321;2018-11-09 17:55:12:370
-1.359;-0.316;9.826;528.0;1.0;43.48;48.1557;11.53205;563.1;NaN;;100.0;;0 / 18;1054422;2018-11-09 17:55:12:471
-1.302;-0.277;9.557;533.0;1.0;43.48;48.1557;11.53205;563.1;NaN;;100.0;;0 / 18;1054521;2018-11-09 17:55:12:570
-1.292;-0.383;9.883;441.0;1.0;52.82;48.1557;11.53205;563.1;NaN;;100.0;;0 / 18;1054622;2018-11-09 17:55:12:671
-1.254;-0.258;9.749;282.0;1.0;52.82;48.1557;11.53205;563.1;NaN;;100.0;;0 / 18;1054721;2018-11-09 17:55:12:770
-1.302;-0.287;9.682;258.0;1.0;52.82;48.1557;11.53205;563.1;NaN;;100.0;;0 / 18;1054822;2018-11-09 17:55:12:871
-1.369;-0.373;9.864;256.0;1.0;40.73;48.1557;11.53205;563.1;NaN;;100.0;;0 / 18;1054921;2018-11-09 17:55:12:970
-1.321;-0.373;9.912;243.0;1.0;40.73;48.1557;11.53205;563.1;NaN;;100.0;;0 / 18;1055021;2018-11-09 17:55:13:070
-1.321;-0.277;9.701;228.0;1.0;40.73;48.1557;11.53205;563.1;NaN;;100.0;;0 / 18;1055121;2018-11-09 17:55:13:170
-1.34;-0.277;9.845;243.0;1.0;40.07;48.1557;11.53205;563.1;NaN;;100.0;;0 / 18;1055221;2018-11-09 17:55:13:270
-1.312;-0.316;9.96;246.0;1.0;40.07;48.1557;11.53205;563.1;NaN;;100.0;;0 / 18;1055322;2018-11-09 17:55:13:371
-1.379;-0.344;10.094;243.0;1.0;40.07;48.1557;11.53205;563.1;NaN;;100.0;;0 / 18;1055422;2018-11-09 17:55:13:471
-1.359;-0.172;9.739;231.0;1.0;41.3;48.1557;11.53205;563.1;NaN;;100.0;;0 / 18;1055522;2018-11-09 17:55:13:571
-1.35;-0.344;9.807;232.0;1.0;41.3;48.1557;11.53205;563.1;NaN;;100.0;;0 / 18;1055621;2018-11-09 17:55:13:670
-1.254;-0.383;9.931;233.0;1.0;41.3;48.1557;11.53205;563.1;NaN;;100.0;;0 / 18;1055721;2018-11-09 17:55:13:770
-1.283;-0.306;9.787;230.0;1.0;39.7;48.1557;11.53205;563.1;NaN;;100.0;;0 / 18;1055821;2018-11-09 17:55:13:870
-1.302;-0.344;9.759;229.0;1.0;39.7;48.1557;11.53205;563.1;NaN;;100.0;;0 / 18;1055922;2018-11-09 17:55:13:971
-1.34;-0.383;10.218;243.0;1.0;39.7;48.1557;11.53205;563.1;NaN;;100.0;;0 / 18;1056022;2018-11-09 17:55:14:071
-1.331;-0.296;9.778;223.0;1.0;43.0;48.1557;11.53205;563.1;NaN;;100.0;;0 / 18;1056122;2018-11-09 17:55:14:171
-1.35;-0.306;9.835;235.0;1.0;43.0;48.1557;11.53205;563.1;NaN;;100.0;;0 / 18;1056222;2018-11-09 17:55:14:271
-1.35;-0.268;9.692;222.0;1.0;43.0;48.1557;11.53205;563.1;NaN;;100.0;;0 / 18;1056322;2018-11-09 17:55:14:371
-1.407;-0.316;9.826;252.0;1.0;46.54;48.1557;11.53205;563.1;NaN;;100.0;;0 / 18;1056421;2018-11-09 17:55:14:470
-1.398;-0.335;9.854;241.0;1.0;46.54;48.1557;11.53205;563.1;NaN;;100.0;;0 / 18;1056521;2018-11-09 17:55:14:570
-1.34;-0.344;9.797;245.0;1.0;46.54;48.1557;11.53205;563.1;NaN;;100.0;;0 / 18;1056622;2018-11-09 17:55:14:671
-1.379;-0.277;9.854;224.0;1.0;44.63;48.1557;11.53205;563.1;NaN;;100.0;;0 / 18;1056722;2018-11-09 17:55:14:771
-1.312;-0.354;9.845;226.0;1.0;44.63;48.1557;11.53205;563.1;NaN;;100.0;;0 / 18;1056822;2018-11-09 17:55:14:871
-1.312;-0.268;9.692;230.0;1.0;44.63;48.1557;11.53205;563.1;NaN;;100.0;;0 / 18;1056922;2018-11-09 17:55:14:971
-1.407;-0.306;9.845;204.0;1.0;43.37;48.1557;11.53205;563.1;NaN;;100.0;;0 / 18;1057022;2018-11-09 17:55:15:071
-1.254;-0.296;9.586;203.0;1.0;43.37;48.1557;11.53205;563.1;NaN;;100.0;;0 / 18;1057121;2018-11-09 17:55:15:170
-1.283;-0.249;9.557;193.0;1.0;43.37;48.1557;11.53205;563.1;NaN;;100.0;;0 / 18;1057221;2018-11-09 17:55:15:270
-1.388;-0.325;9.874;216.0;1.0;39.49;48.1557;11.53205;563.1;NaN;;100.0;;0 / 18;1057321;2018-11-09 17:55:15:370
-1.321;-0.344;9.807;225.0;1.0;39.49;48.1557;11.53205;563.1;NaN;;100.0;;0 / 18;1057422;2018-11-09 17:55:15:471
-1.206;-0.277;9.356;226.0;1.0;39.49;48.1557;11.53205;563.1;NaN;;100.0;;0 / 18;1057522;2018-11-09 17:55:15:571
-1.35;-0.325;9.921;220.0;1.0;38.89;48.1557;11.53205;563.1;NaN;;100.0;;0 / 18;1057621;2018-11-09 17:55:15:670
-1.331;-0.316;9.826;221.0;1.0;38.89;48.1557;11.53205;563.1;NaN;;100.0;;0 / 18;1057722;2018-11-09 17:55:15:771
-1.283;-0.373;9.778;216.0;1.0;38.89;48.1557;11.53205;563.1;NaN;;100.0;;0 / 18;1057822;2018-11-09 17:55:15:871
-1.302;-0.383;9.931;233.0;1.0;44.07;48.1557;11.53205;563.1;NaN;;100.0;;0 / 18;1057922;2018-11-09 17:55:15:971
-1.321;-0.268;9.759;224.0;1.0;44.07;48.1557;11.53205;563.1;NaN;;100.0;;0 / 18;1058021;2018-11-09 17:55:16:070
-1.369;-0.344;9.826;211.0;1.0;44.07;48.1557;11.53205;563.1;NaN;;100.0;;0 / 18;1058121;2018-11-09 17:55:16:170
-1.35;-0.325;9.759;237.0;1.0;39.98;48.1557;11.53205;563.1;NaN;;100.0;;0 / 18;1058221;2018-11-09 17:55:16:270
-1.359;-0.335;9.73;241.0;1.0;39.98;48.1557;11.53205;563.1;NaN;;100.0;;0 / 18;1058322;2018-11-09 17:55:16:371
-1.398;-0.325;9.893;230.0;1.0;39.98;48.1557;11.53205;563.1;NaN;;100.0;;0 / 18;1058422;2018-11-09 17:55:16:471
-1.292;-0.296;9.682;227.0;1.0;44.98;48.1557;11.53205;563.1;NaN;;100.0;;0 / 18;1058522;2018-11-09 17:55:16:571
-1.321;-0.373;9.739;225.0;1.0;44.98;48.1557;11.53205;563.1;NaN;;100.0;;0 / 18;1058622;2018-11-09 17:55:16:671
-1.35;-0.383;9.845;240.0;1.0;44.98;48.1557;11.53205;563.1;NaN;;100.0;;0 / 18;1058721;2018-11-09 17:55:16:770
-1.359;-0.306;9.854;239.0;1.0;46.1;48.1557;11.53205;563.1;NaN;;100.0;;0 / 18;1058822;2018-11-09 17:55:16:871
-1.331;-0.316;9.854;245.0;1.0;46.1;48.1557;11.53205;563.1;NaN;;100.0;;0 / 18;1058921;2018-11-09 17:55:16:970
-1.34;-0.277;9.739;248.0;1.0;46.1;48.1557;11.53205;563.1;NaN;;100.0;;0 / 18;1059021;2018-11-09 17:55:17:070
-1.302;-0.335;9.778;238.0;1.0;42.93;48.1557;11.53205;563.1;NaN;;100.0;;0 / 18;1059121;2018-11-09 17:55:17:170
-1.398;-0.354;9.471;250.0;1.0;42.93;48.1557;11.53205;563.1;NaN;;100.0;;0 / 18;1059221;2018-11-09 17:55:17:270
-1.321;-0.268;9.768;251.0;1.0;42.93;48.1557;11.53205;563.1;NaN;;100.0;;0 / 18;1059322;2018-11-09 17:55:17:371
-1.388;-0.296;9.73;246.0;1.0;43.66;48.1557;11.53205;563.1;NaN;;100.0;;0 / 18;1059421;2018-11-09 17:55:17:470
-1.35;-0.363;9.807;238.0;1.0;43.66;48.1557;11.53205;563.1;NaN;;100.0;;0 / 18;1059521;2018-11-09 17:55:17:570
-1.417;-0.287;9.778;247.0;1.0;43.66;48.1557;11.53205;563.1;NaN;;100.0;;0 / 18;1059621;2018-11-09 17:55:17:670
-1.302;-0.306;9.701;254.0;1.0;43.62;48.1557;11.53205;563.1;NaN;;100.0;;0 / 18;1059721;2018-11-09 17:55:17:770
-1.331;-0.335;9.816;235.0;1.0;43.62;48.1557;11.53205;563.1;NaN;;100.0;;0 / 18;1059822;2018-11-09 17:55:17:871
-1.302;-0.316;9.73;227.0;1.0;43.62;48.1557;11.53205;563.1;NaN;;100.0;;0 / 18;1059922;2018-11-09 17:55:17:971
-1.359;-0.383;9.912;240.0;1.0;42.54;48.1557;11.53205;563.1;NaN;;100.0;;0 / 18;1060022;2018-11-09 17:55:18:071
-1.312;-0.344;9.768;240.0;1.0;42.54;48.1557;11.53205;563.1;NaN;;100.0;;0 / 18;1060122;2018-11-09 17:55:18:171
-1.398;-0.287;9.692;240.0;1.0;42.54;48.1557;11.53205;563.1;NaN;;100.0;;0 / 18;1060221;2018-11-09 17:55:18:270
-1.35;-0.296;9.759;252.0;1.0;46.11;48.1557;11.53205;563.1;NaN;;100.0;;0 / 18;1060321;2018-11-09 17:55:18:370
-1.273;-0.392;9.931;243.0;1.0;46.11;48.1557;11.53205;563.1;NaN;;100.0;;0 / 18;1060421;2018-11-09 17:55:18:470
-1.302;-0.306;9.749;246.0;1.0;46.11;48.1557;11.53205;563.1;NaN;;100.0;;0 / 18;1060522;2018-11-09 17:55:18:571
-1.331;-0.287;9.835;247.0;1.0;40.73;48.1557;11.53205;563.1;NaN;;100.0;;0 / 18;1060622;2018-11-09 17:55:18:671
-1.359;-0.296;9.663;255.0;1.0;40.73;48.1557;11.53205;563.1;NaN;;100.0;;0 / 18;1060722;2018-11-09 17:55:18:771
-1.436;-0.335;10.103;235.0;1.0;40.73;48.1557;11.53205;563.1;NaN;;100.0;;0 / 18;1060822;2018-11-09 17:55:18:871
-1.283;-0.287;9.682;246.0;1.0;44.98;48.1557;11.53205;563.1;NaN;;100.0;;0 / 18;1060922;2018-11-09 17:55:18:971
-1.331;-0.344;9.912;239.0;1.0;44.98;48.1557;11.53205;563.1;NaN;;100.0;;0 / 18;1061022;2018-11-09 17:55:19:071
-1.312;-0.325;9.864;240.0;1.0;44.98;48.1557;11.53205;563.1;NaN;;100.0;;0 / 18;1061122;2018-11-09 17:55:19:171
-1.331;-0.373;10.285;227.0;1.0;42.52;48.1557;11.53205;563.1;NaN;;100.0;;0 / 18;1061221;2018-11-09 17:55:19:270
-1.264;-0.268;9.567;251.0;1.0;42.52;48.1557;11.53205;563.1;NaN;;100.0;;0 / 18;1061321;2018-11-09 17:55:19:370
-1.264;-0.344;9.711;249.0;1.0;42.52;48.1557;11.53205;563.1;NaN;;100.0;;0 / 18;1061421;2018-11-09 17:55:19:470
-1.369;-0.306;9.826;242.0;1.0;42.55;48.1557;11.53205;563.1;NaN;;100.0;;0 / 18;1061521;2018-11-09 17:55:19:570
-1.312;-0.287;9.644;239.0;1.0;42.55;48.1557;11.53205;563.1;NaN;;100.0;;0 / 18;1061621;2018-11-09 17:55:19:670
-1.388;-0.335;9.874;248.0;1.0;42.55;48.1557;11.53205;563.1;NaN;;100.0;;0 / 18;1061722;2018-11-09 17:55:19:771
-1.283;-0.411;9.883;260.0;1.0;48.03;48.1557;11.53205;563.1;NaN;;100.0;;0 / 18;1061822;2018-11-09 17:55:19:871
-1.35;-0.344;9.816;257.0;1.0;48.03;48.1557;11.53205;563.1;NaN;;100.0;;0 / 18;1061922;2018-11-09 17:55:19:971
-1.369;-0.277;9.73;277.0;1.0;48.03;48.1557;11.53205;563.1;NaN;;100.0;;0 / 18;1062022;2018-11-09 17:55:20:071
-1.407;-0.383;9.979;283.0;1.0;45.21;48.1557;11.53205;563.1;NaN;;100.0;;0 / 18;1062121;2018-11-09 17:55:20:170
-1.292;-0.316;9.605;474.0;1.0;45.21;48.1557;11.53205;563.1;NaN;;100.0;;0 / 18;1062221;2018-11-09 17:55:20:270
-1.417;-0.316;9.739;530.0;1.0;45.21;48.1557;11.53205;563.1;NaN;;100.0;;0 / 18;1062322;2018-11-09 17:55:20:371
-1.292;-0.354;9.845;548.0;1.0;41.41;48.1557;11.53205;563.1;NaN;;100.0;;0 / 18;1062422;2018-11-09 17:55:20:471
-1.388;-0.306;9.864;513.0;1.0;41.41;48.1557;11.53205;563.1;NaN;;100.0;;0 / 18;1062522;2018-11-09 17:55:20:571
-1.302;-0.268;9.807;525.0;1.0;41.41;48.1557;11.53205;563.1;NaN;;100.0;;0 / 18;1062622;2018-11-09 17:55:20:671
-1.388;-0.335;9.845;542.0;1.0;44.59;48.1557;11.53205;563.1;NaN;;100.0;;0 / 18;1062722;2018-11-09 17:55:20:771
-1.302;-0.363;9.778;547.0;1.0;44.59;48.1557;11.53205;563.1;NaN;;100.0;;0 / 18;1062822;2018-11-09 17:55:20:871
-1.398;-0.363;9.807;539.0;1.0;44.59;48.1557;11.53205;563.1;NaN;;100.0;;0 / 18;1062921;2018-11-09 17:55:20:970
-1.35;-0.373;9.72;546.0;1.0;42.18;48.1557;11.53205;563.1;NaN;;100.0;;0 / 18;1063021;2018-11-09 17:55:21:070
-1.34;-0.344;9.768;556.0;1.0;42.18;48.1557;11.53205;563.1;NaN;;100.0;;0 / 18;1063121;2018-11-09 17:55:21:170
-1.302;-0.172;9.577;567.0;1.0;42.18;48.1557;11.53205;563.1;NaN;;100.0;;0 / 18;1063222;2018-11-09 17:55:21:271
-1.359;-0.287;9.73;569.0;1.0;47.08;48.1557;11.53205;563.1;NaN;;100.0;;0 / 18;1063322;2018-11-09 17:55:21:371
-1.321;-0.335;9.807;570.0;1.0;47.08;48.1557;11.53205;563.1;NaN;;100.0;;0 / 18;1063422;2018-11-09 17:55:21:471
-1.407;-0.316;9.72;560.0;1.0;47.08;48.1557;11.53205;563.1;NaN;;100.0;;0 / 18;1063521;2018-11-09 17:55:21:570
-1.388;-0.277;9.854;541.0;1.0;46.17;48.1557;11.53205;563.1;NaN;;100.0;;0 / 18;1063621;2018-11-09 17:55:21:670
-1.302;-0.354;9.835;458.0;1.0;46.17;48.1557;11.53205;563.1;NaN;;100.0;;0 / 18;1063721;2018-11-09 17:55:21:770
-1.407;-0.258;9.807;458.0;0.0;46.17;48.1557;11.53205;563.1;NaN;;100.0;;0 / 18;1063821;2018-11-09 17:55:21:870
-1.426;-0.325;10.247;329.0;0.0;45.27;48.1557;11.53205;563.1;NaN;;100.0;;0 / 18;1063922;2018-11-09 17:55:21:971
-1.379;-0.306;9.835;374.0;0.0;45.27;48.1557;11.53205;563.1;NaN;;100.0;;0 / 18;1064021;2018-11-09 17:55:22:070
-1.331;-0.306;9.845;486.0;0.0;45.27;48.1557;11.53205;563.1;NaN;;100.0;;0 / 18;1064121;2018-11-09 17:55:22:170
-1.321;-0.306;9.921;498.0;1.0;47.14;48.1557;11.53205;563.1;NaN;;100.0;;0 / 18;1064222;2018-11-09 17:55:22:271
-1.302;-0.258;9.816;550.0;1.0;47.14;48.1557;11.53205;563.1;NaN;;100.0;;0 / 18;1064322;2018-11-09 17:55:22:371
-1.359;-0.296;9.759;511.0;1.0;47.14;48.1557;11.53205;563.1;NaN;;100.0;;0 / 18;1064422;2018-11-09 17:55:22:471
-1.369;-0.373;9.941;343.0;1.0;51.49;48.1557;11.53205;563.1;NaN;;100.0;;0 / 18;1064521;2018-11-09 17:55:22:570
-1.398;-0.325;9.864;249.0;1.0;51.49;48.1557;11.53205;563.1;NaN;;100.0;;0 / 18;1064621;2018-11-09 17:55:22:670
-1.359;-0.316;9.749;209.0;1.0;51.49;48.1557;11.53205;563.1;NaN;;100.0;;0 / 18;1064721;2018-11-09 17:55:22:770
-1.359;-0.316;9.768;198.0;1.0;45.48;48.1557;11.53205;563.1;NaN;;100.0;;0 / 18;1064822;2018-11-09 17:55:22:871
-1.388;-0.268;9.826;206.0;1.0;45.48;48.1557;11.53205;563.1;NaN;;100.0;;0 / 18;1064922;2018-11-09 17:55:22:971
-1.398;-0.268;9.816;197.0;1.0;45.48;48.1557;11.53205;563.1;NaN;;100.0;;0 / 18;1065021;2018-11-09 17:55:23:070
-1.398;-0.258;9.663;199.0;1.0;42.68;48.1557;11.53205;563.1;NaN;;100.0;;0 / 18;1065121;2018-11-09 17:55:23:170
-1.369;-0.296;9.768;183.0;1.0;42.68;48.1557;11.53205;563.1;NaN;;100.0;;0 / 18;1065221;2018-11-09 17:55:23:270
-1.35;-0.258;9.72;198.0;1.0;42.68;48.1557;11.53205;563.1;NaN;;100.0;;0 / 18;1065322;2018-11-09 17:55:23:371
-1.34;-0.363;9.835;186.0;1.0;58.51;48.1557;11.53205;563.1;NaN;;100.0;;0 / 18;1065423;2018-11-09 17:55:23:472
-1.379;-0.373;9.864;179.0;1.0;58.51;48.1557;11.53205;563.1;NaN;;100.0;;0 / 18;1065522;2018-11-09 17:55:23:571
-1.359;-0.316;9.826;185.0;1.0;58.51;48.1557;11.53205;563.1;NaN;;100.0;;0 / 18;1065621;2018-11-09 17:55:23:670
-1.292;-0.373;9.835;183.0;1.0;46.16;48.1557;11.53205;563.1;NaN;;100.0;;0 / 18;1065721;2018-11-09 17:55:23:770
-1.302;-0.287;9.739;193.0;1.0;46.16;48.1557;11.53205;563.1;NaN;;100.0;;0 / 18;1065821;2018-11-09 17:55:23:870
-1.407;-0.325;9.95;183.0;1.0;46.16;48.1557;11.53205;563.1;NaN;;100.0;;0 / 18;1065922;2018-11-09 17:55:23:971
-1.436;-0.296;9.864;207.0;1.0;43.85;48.1557;11.53205;563.1;NaN;;100.0;;0 / 18;1066022;2018-11-09 17:55:24:071
-1.379;-0.43;9.826;188.0;1.0;43.85;48.1557;11.53205;563.1;NaN;;100.0;;0 / 18;1066122;2018-11-09 17:55:24:171
-1.359;-0.287;9.787;194.0;1.0;43.85;48.1557;11.53205;563.1;NaN;;100.0;;0 / 18;1066222;2018-11-09 17:55:24:271
-1.283;-0.344;9.931;186.0;1.0;39.84;48.1557;11.53205;563.1;NaN;;100.0;;0 / 18;1066321;2018-11-09 17:55:24:370
-1.35;-0.392;9.854;186.0;1.0;39.84;48.1557;11.53205;563.1;NaN;;100.0;;0 / 18;1066421;2018-11-09 17:55:24:470
-1.12;-0.153;9.443;193.0;1.0;39.84;48.1557;11.53205;563.1;NaN;;100.0;;0 / 18;1066522;2018-11-09 17:55:24:571
-1.321;-0.363;9.845;174.0;1.0;42.06;48.1557;11.53205;563.1;NaN;;100.0;;0 / 18;1066622;2018-11-09 17:55:24:671
-1.35;-0.383;9.787;175.0;1.0;42.06;48.1557;11.53205;563.1;NaN;;100.0;;0 / 18;1066722;2018-11-09 17:55:24:771
-1.379;-0.258;9.72;174.0;1.0;42.06;48.1557;11.53205;563.1;NaN;;100.0;;0 / 18;1066821;2018-11-09 17:55:24:870
-1.321;-0.239;9.759;171.0;1.0;42.34;48.1557;11.53205;563.1;NaN;;100.0;;0 / 18;1066921;2018-11-09 17:55:24:970
-1.254;-0.363;9.749;177.0;1.0;42.34;48.1557;11.53205;563.1;NaN;;100.0;;0 / 18;1067021;2018-11-09 17:55:25:070
-1.35;-0.287;9.835;168.0;1.0;42.34;48.1557;11.53205;563.1;NaN;;100.0;;0 / 18;1067121;2018-11-09 17:55:25:170
-1.359;-0.268;9.749;162.0;1.0;41.49;48.1557;11.53205;563.1;NaN;;100.0;;0 / 18;1067221;2018-11-09 17:55:25:270
-1.359;-0.335;9.96;127.0;1.0;41.49;48.1557;11.53205;563.1;NaN;;100.0;;0 / 18;1067322;2018-11-09 17:55:25:371
-1.302;-0.335;9.692;86.0;0.0;41.49;48.1557;11.53205;563.1;NaN;;100.0;;0 / 18;1067422;2018-11-09 17:55:25:471
-1.455;-0.239;9.912;91.0;0.0;39.79;48.1557;11.53205;563.1;NaN;;100.0;;0 / 18;1067522;2018-11-09 17:55:25:571
-1.321;-0.325;9.826;74.0;0.0;39.79;48.1557;11.53205;563.1;NaN;;100.0;;0 / 18;1067622;2018-11-09 17:55:25:671
-1.436;-0.354;9.912;74.0;0.0;39.79;48.1557;11.53205;563.1;NaN;;100.0;;0 / 18;1067722;2018-11-09 17:55:25:771
-1.35;-0.181;9.711;79.0;0.0;44.29;48.1557;11.53205;563.1;NaN;;100.0;;0 / 18;1067822;2018-11-09 17:55:25:871
-1.417;-0.344;9.845;66.0;0.0;44.29;48.1557;11.53205;563.1;NaN;;100.0;;0 / 18;1067922;2018-11-09 17:55:25:971
-1.359;-0.181;9.797;70.0;0.0;44.29;48.1557;11.53205;563.1;NaN;;100.0;;0 / 18;1068022;2018-11-09 17:55:26:071
-1.158;-0.689;9.557;76.0;0.0;41.89;48.1557;11.53205;563.1;NaN;;100.0;;0 / 18;1068122;2018-11-09 17:55:26:171
-1.513;-0.986;9.404;93.0;0.0;41.89;48.1557;11.53205;563.1;NaN;;100.0;;0 / 18;1068222;2018-11-09 17:55:26:271
-1.532;-0.919;10.381;70.0;0.0;41.89;48.1557;11.53205;563.1;NaN;;100.0;;0 / 18;1068321;2018-11-09 17:55:26:370
-1.532;-1.446;10.19;111.0;0.0;44.24;48.1557;11.53205;563.1;NaN;;100.0;;0 / 18;1068421;2018-11-09 17:55:26:470
-1.321;-1.723;9.807;200.0;0.0;44.24;48.1557;11.53205;563.1;NaN;;100.0;;0 / 18;1068521;2018-11-09 17:55:26:570
-1.388;-1.877;9.672;346.0;1.0;44.24;48.1557;11.53205;563.1;NaN;;100.0;;0 / 18;1068621;2018-11-09 17:55:26:670
-1.321;-1.867;9.682;423.0;1.0;49.14;48.1557;11.53205;563.1;NaN;;100.0;;0 / 18;1068721;2018-11-09 17:55:26:770
-1.292;-1.733;9.778;344.0;1.0;49.14;48.1557;11.53205;563.1;NaN;;100.0;;0 / 18;1068822;2018-11-09 17:55:26:871
-1.321;-1.628;9.912;214.0;1.0;49.14;48.1557;11.53205;563.1;NaN;;100.0;;0 / 18;1068922;2018-11-09 17:55:26:971
-1.35;-1.599;9.72;183.0;1.0;44.22;48.15632;11.53126;;NaN;;39.6;;0 / 18;1069021;2018-11-09 17:55:27:070
-1.225;-1.551;9.874;174.0;1.0;44.22;48.15632;11.53126;;NaN;;39.6;;0 / 18;1069121;2018-11-09 17:55:27:170
-1.312;-1.637;9.663;160.0;1.0;44.22;48.15632;11.53126;;NaN;;39.6;;0 / 18;1069222;2018-11-09 17:55:27:271
-1.273;-1.762;10.343;143.0;1.0;48.82;48.15632;11.53126;;NaN;;39.6;;0 / 18;1069321;2018-11-09 17:55:27:370
-1.321;-1.608;9.711;153.0;1.0;48.82;48.15632;11.53126;;NaN;;39.6;;0 / 18;1069422;2018-11-09 17:55:27:471
-1.273;-1.589;9.701;162.0;1.0;48.82;48.15632;11.53126;;NaN;;39.6;;0 / 18;1069521;2018-11-09 17:55:27:570
-1.302;-1.656;9.835;155.0;1.0;45.39;48.15632;11.53126;;NaN;;39.6;;0 / 18;1069621;2018-11-09 17:55:27:670
-1.321;-1.503;9.692;164.0;1.0;45.39;48.15632;11.53126;;NaN;;39.6;;0 / 18;1069721;2018-11-09 17:55:27:770
-1.388;-1.666;9.835;146.0;1.0;45.39;48.15632;11.53126;;NaN;;39.6;;0 / 18;1069821;2018-11-09 17:55:27:870
-3.754;-1.762;10.151;142.0;1.0;45.57;48.15632;11.53126;;NaN;;39.6;;0 / 18;1069922;2018-11-09 17:55:27:971
-2.336;-2.231;9.941;130.0;1.0;45.57;48.15632;11.53126;;NaN;;39.6;;0 / 18;1070021;2018-11-09 17:55:28:070
-2.882;-2.547;9.107;879.0;1.0;45.57;48.15632;11.53126;;NaN;;39.6;;0 / 18;1070121;2018-11-09 17:55:28:170
1.599;-2.001;6.579;1046.0;1.0;47.46;48.15632;11.53126;;NaN;;39.6;;0 / 18;1070221;2018-11-09 17:55:28:270
-4.597;1.101;8.293;938.0;1.0;47.46;48.15632;11.53126;;NaN;;39.6;;0 / 18;1070321;2018-11-09 17:55:28:370
-0.766;0.201;9.701;987.0;1.0;47.46;48.15632;11.53126;;NaN;;39.6;;0 / 18;1070421;2018-11-09 17:55:28:470
-0.421;0.794;9.04;1037.0;1.0;49.28;48.15632;11.53126;;NaN;;39.6;;0 / 18;1070521;2018-11-09 17:55:28:570
-1.158;1.101;8.906;1001.0;1.0;49.28;48.15632;11.53126;;NaN;;39.6;;0 / 18;1070622;2018-11-09 17:55:28:671
-0.708;2.078;9.241;986.0;1.0;49.28;48.15632;11.53126;;NaN;;39.6;;0 / 18;1070722;2018-11-09 17:55:28:771
-0.545;2.068;9.672;868.0;1.0;46.41;48.15632;11.53126;;NaN;;39.6;;0 / 18;1070822;2018-11-09 17:55:28:871
-0.89;1.618;10.17;947.0;1.0;46.41;48.15632;11.53126;;NaN;;39.6;;0 / 18;1070922;2018-11-09 17:55:28:971
-0.747;0.124;7.565;832.0;1.0;46.41;48.15632;11.53126;;NaN;;39.6;;0 / 18;1071021;2018-11-09 17:55:29:070
0.593;-0.565;11.195;1201.0;1.0;46.93;48.15632;11.53126;;NaN;;39.6;;0 / 18;1071122;2018-11-09 17:55:29:171
0.651;0.871;9.04;1628.0;1.0;46.93;48.15632;11.53126;;NaN;;39.6;;0 / 18;1071222;2018-11-09 17:55:29:271
-0.009;1.474;10.017;1123.0;1.0;46.93;48.15632;11.53126;;NaN;;39.6;;0 / 18;1071321;2018-11-09 17:55:29:370
-4.185;1.053;7.786;395.0;1.0;48.7;48.15632;11.53126;;NaN;;39.6;;0 / 18;1071421;2018-11-09 17:55:29:470
-4.482;1.245;7.747;303.0;1.0;48.7;48.15632;11.53126;;NaN;;39.6;;0 / 18;1071522;2018-11-09 17:55:29:571
-4.079;1.158;8.102;307.0;1.0;48.7;48.15632;11.53126;;NaN;;39.6;;0 / 18;1071622;2018-11-09 17:55:29:671
-4.022;1.091;8.092;324.0;1.0;48.15;48.15632;11.53126;;NaN;;39.6;;0 / 18;1071722;2018-11-09 17:55:29:771
-3.744;1.235;8.303;372.0;1.0;48.15;48.15632;11.53126;;NaN;;39.6;;0 / 18;1071822;2018-11-09 17:55:29:871
-3.62;1.177;8.322;452.0;1.0;48.15;48.15632;11.53126;;NaN;;39.6;;0 / 18;1071922;2018-11-09 17:55:29:971
-3.486;1.407;8.494;498.0;1.0;48.15;48.15632;11.53126;;NaN;;39.6;;0 / 18;1072022;2018-11-09 17:55:30:071
-3.294;1.34;8.36;575.0;1.0;51.24;48.15632;11.53126;;NaN;;39.6;;0 / 18;1072121;2018-11-09 17:55:30:170
-2.93;1.484;8.581;604.0;1.0;51.24;48.15632;11.53126;;NaN;;39.6;;0 / 18;1072222;2018-11-09 17:55:30:271
-2.959;1.465;8.696;681.0;1.0;51.24;48.15632;11.53126;;NaN;;39.6;;0 / 18;1072323;2018-11-09 17:55:30:372
-2.595;1.752;8.983;715.0;1.0;48.3;48.15632;11.53126;;NaN;;39.6;;0 / 18;1072422;2018-11-09 17:55:30:471
-1.12;1.407;8.657;786.0;1.0;48.3;48.15632;11.53126;;NaN;;39.6;;0 / 18;1072521;2018-11-09 17:55:30:570
-2.298;1.723;8.447;1169.0;1.0;48.3;48.15632;11.53126;;NaN;;39.6;;0 / 18;1072621;2018-11-09 17:55:30:670
-0.967;1.771;9.04;1558.0;1.0;52.39;48.15632;11.53126;;NaN;;39.6;;0 / 18;1072721;2018-11-09 17:55:30:770
1.015;1.206;9.711;738.0;1.0;52.39;48.15632;11.53126;;NaN;;39.6;;0 / 18;1072821;2018-11-09 17:55:30:870
1.417;1.388;8.954;584.0;1.0;52.39;48.15632;11.53126;;NaN;;39.6;;0 / 18;1072921;2018-11-09 17:55:30:970
1.513;1.513;9.672;573.0;1.0;49.34;48.15632;11.53126;;NaN;;39.6;;0 / 18;1073022;2018-11-09 17:55:31:071
1.647;1.618;9.883;574.0;1.0;49.34;48.15632;11.53126;;NaN;;39.6;;0 / 18;1073122;2018-11-09 17:55:31:171
1.781;1.426;9.596;518.0;1.0;49.34;48.15632;11.53126;;NaN;;39.6;;0 / 18;1073222;2018-11-09 17:55:31:271
1.857;1.197;9.72;473.0;1.0;50.78;48.15632;11.53126;;NaN;;39.6;;0 / 18;1073322;2018-11-09 17:55:31:371
1.819;0.967;9.711;489.0;0.0;50.78;48.15632;11.53126;;NaN;;39.6;;0 / 18;1073422;2018-11-09 17:55:31:471
1.829;0.948;9.625;489.0;0.0;50.78;48.15632;11.53126;;NaN;;39.6;;0 / 18;1073522;2018-11-09 17:55:31:571
1.608;0.632;9.988;483.0;0.0;52.33;48.15632;11.53126;;NaN;;39.6;;0 / 18;1073622;2018-11-09 17:55:31:671
1.752;0.593;9.826;487.0;0.0;52.33;48.15632;11.53126;;NaN;;39.6;;0 / 18;1073721;2018-11-09 17:55:31:770
1.503;0.306;9.605;506.0;0.0;52.33;48.15632;11.53126;;NaN;;39.6;;0 / 18;1073821;2018-11-09 17:55:31:870
1.58;0.124;10.276;521.0;0.0;51.44;48.15632;11.53126;;NaN;;39.6;;0 / 18;1073921;2018-11-09 17:55:31:970
1.446;-0.134;9.941;511.0;0.0;51.44;48.15632;11.53126;;NaN;;39.6;;0 / 18;1074022;2018-11-09 17:55:32:071
1.465;-0.181;9.692;522.0;0.0;51.44;48.15632;11.53126;;NaN;;39.6;;0 / 18;1074121;2018-11-09 17:55:32:170
1.752;0.076;9.615;532.0;0.0;50.65;48.15632;11.53126;;NaN;;39.6;;0 / 18;1074222;2018-11-09 17:55:32:271
1.58;0.067;9.548;494.0;0.0;50.65;48.15632;11.53126;;NaN;;39.6;;0 / 18;1074322;2018-11-09 17:55:32:371
1.656;0.258;9.95;487.0;0.0;50.65;48.15632;11.53126;;NaN;;39.6;;0 / 18;1074421;2018-11-09 17:55:32:470
1.848;0.249;9.462;484.0;0.0;52.32;48.15632;11.53126;;NaN;;39.6;;0 / 18;1074522;2018-11-09 17:55:32:571
2.011;0.009;10.486;477.0;0.0;52.32;48.15632;11.53126;;NaN;;39.6;;0 / 18;1074621;2018-11-09 17:55:32:670
1.426;0.181;9.452;488.0;0.0;52.32;48.15632;11.53126;;NaN;;39.6;;0 / 18;1074722;2018-11-09 17:55:32:771
1.953;0.335;9.768;500.0;0.0;54.56;48.15632;11.53126;;NaN;;39.6;;0 / 18;1074822;2018-11-09 17:55:32:871
1.656;0.009;10.036;490.0;0.0;54.56;48.15632;11.53126;;NaN;;39.6;;0 / 18;1074922;2018-11-09 17:55:32:971
1.925;0.296;9.768;491.0;0.0;54.56;48.15632;11.53126;;NaN;;39.6;;0 / 18;1075022;2018-11-09 17:55:33:071
1.877;0.277;9.787;489.0;0.0;52.81;48.15632;11.53126;;NaN;;39.6;;0 / 18;1075121;2018-11-09 17:55:33:170
1.819;0.057;10.065;473.0;0.0;52.81;48.15632;11.53126;;NaN;;39.6;;0 / 18;1075221;2018-11-09 17:55:33:270
1.905;0.306;9.749;383.0;0.0;52.81;48.15632;11.53126;;NaN;;39.6;;0 / 18;1075321;2018-11-09 17:55:33:370
1.723;0.469;9.739;374.0;0.0;49.32;48.15632;11.53126;;NaN;;39.6;;0 / 18;1075422;2018-11-09 17:55:33:471
1.685;-0.718;10.707;345.0;0.0;49.32;48.15632;11.53126;;NaN;;39.6;;0 / 18;1075522;2018-11-09 17:55:33:571
1.743;-0.45;10.582;348.0;0.0;49.32;48.15632;11.53126;;NaN;;39.6;;0 / 18;1075622;2018-11-09 17:55:33:671
1.953;0.325;9.443;339.0;0.0;53.32;48.15632;11.53126;;NaN;;39.6;;0 / 18;1075721;2018-11-09 17:55:33:770
1.771;0.153;9.653;311.0;0.0;53.32;48.15632;11.53126;;NaN;;39.6;;0 / 18;1075821;2018-11-09 17:55:33:870
1.953;0.114;10.008;354.0;0.0;53.32;48.15632;11.53126;;NaN;;39.6;;0 / 18;1075922;2018-11-09 17:55:33:971
1.81;-0.172;10.017;413.0;0.0;56.11;48.15632;11.53126;;NaN;;39.6;;0 / 18;1076022;2018-11-09 17:55:34:071
1.743;0.019;10.094;430.0;0.0;56.11;48.15632;11.53126;;NaN;;39.6;;0 / 18;1076122;2018-11-09 17:55:34:171
1.944;0.086;9.921;427.0;0.0;56.11;48.15632;11.53126;;NaN;;39.6;;0 / 18;1076222;2018-11-09 17:55:34:271
1.714;0.009;9.768;474.0;0.0;56.3;48.15632;11.53126;;NaN;;39.6;;0 / 18;1076322;2018-11-09 17:55:34:371
1.829;0.057;10.036;476.0;0.0;56.3;48.15632;11.53126;;NaN;;39.6;;0 / 18;1076422;2018-11-09 17:55:34:471
1.81;0.143;9.759;511.0;1.0;56.3;48.15632;11.53126;;NaN;;39.6;;0 / 18;1076522;2018-11-09 17:55:34:571
1.532;0.038;9.931;513.0;1.0;49.58;48.15632;11.53126;;NaN;;39.6;;0 / 18;1076622;2018-11-09 17:55:34:671
1.819;0.402;8.992;551.0;1.0;49.58;48.15632;11.53126;;NaN;;39.6;;0 / 18;1076721;2018-11-09 17:55:34:770
2.154;0.153;10.247;542.0;1.0;49.58;48.15632;11.53126;;NaN;;39.6;;0 / 18;1076821;2018-11-09 17:55:34:870
1.58;0.067;9.519;559.0;1.0;53.98;48.15632;11.53126;;NaN;;39.6;;0 / 18;1076922;2018-11-09 17:55:34:971
1.618;0.383;9.328;574.0;1.0;53.98;48.15632;11.53126;;NaN;;39.6;;0 / 18;1077022;2018-11-09 17:55:35:071
2.164;0.009;10.582;579.0;1.0;53.98;48.15632;11.53126;;NaN;;39.6;;0 / 18;1077122;2018-11-09 17:55:35:171
1.628;0.134;9.548;595.0;1.0;57.16;48.15632;11.53126;;NaN;;39.6;;0 / 18;1077221;2018-11-09 17:55:35:270
1.886;0.191;10.17;581.0;1.0;57.16;48.15632;11.53126;;NaN;;39.6;;0 / 18;1077321;2018-11-09 17:55:35:370
1.743;0.22;9.423;591.0;1.0;57.16;48.15632;11.53126;;NaN;;39.6;;0 / 18;1077421;2018-11-09 17:55:35:470
1.743;0.325;9.261;578.0;1.0;56.44;48.15632;11.53126;;NaN;;39.6;;0 / 18;1077522;2018-11-09 17:55:35:571
1.743;0.22;10.132;601.0;1.0;56.44;48.15632;11.53126;;NaN;;39.6;;0 / 18;1077622;2018-11-09 17:55:35:671
1.676;0.239;9.72;610.0;1.0;56.44;48.15632;11.53126;;NaN;;39.6;;0 / 18;1077722;2018-11-09 17:55:35:771
1.752;0.325;9.854;618.0;1.0;54.26;48.15632;11.53126;;NaN;;39.6;;0 / 18;1077821;2018-11-09 17:55:35:870
1.905;0.287;9.988;586.0;1.0;54.26;48.15632;11.53126;;NaN;;39.6;;0 / 18;1077921;2018-11-09 17:55:35:970
1.8;0.373;9.864;540.0;1.0;54.26;48.15632;11.53126;;NaN;;39.6;;0 / 18;1078021;2018-11-09 17:55:36:070
1.695;0.383;9.462;521.0;1.0;49.52;48.15632;11.53126;;NaN;;39.6;;0 / 18;1078122;2018-11-09 17:55:36:171
1.723;0.21;9.941;555.0;1.0;49.52;48.15632;11.53126;;NaN;;39.6;;0 / 18;1078222;2018-11-09 17:55:36:271
1.723;0.421;9.749;519.0;1.0;49.52;48.15632;11.53126;;NaN;;39.6;;0 / 18;1078322;2018-11-09 17:55:36:371
1.743;0.316;10.237;526.0;1.0;49.45;48.15632;11.53126;;NaN;;39.6;;0 / 18;1078422;2018-11-09 17:55:36:471
1.781;0.239;10.008;521.0;1.0;49.45;48.15632;11.53126;;NaN;;39.6;;0 / 18;1078522;2018-11-09 17:55:36:571
1.743;0.316;9.941;596.0;1.0;49.45;48.15632;11.53126;;NaN;;39.6;;0 / 18;1078621;2018-11-09 17:55:36:670
1.8;0.201;10.008;619.0;1.0;46.86;48.15632;11.53126;;NaN;;39.6;;0 / 18;1078721;2018-11-09 17:55:36:770
1.857;0.306;9.615;633.0;1.0;46.86;48.15632;11.53126;;NaN;;39.6;;0 / 18;1078821;2018-11-09 17:55:36:870
1.915;-0.028;10.324;626.0;1.0;46.86;48.15632;11.53126;;NaN;;39.6;;0 / 18;1078922;2018-11-09 17:55:36:971
1.925;0.038;9.902;613.0;1.0;52.53;48.15632;11.53126;;NaN;;39.6;;0 / 18;1079022;2018-11-09 17:55:37:071
1.79;0.143;9.749;626.0;1.0;52.53;48.15632;11.53126;;NaN;;39.6;;0 / 18;1079122;2018-11-09 17:55:37:171
1.79;0.143;9.653;619.0;1.0;52.53;48.15632;11.53126;;NaN;;39.6;;0 / 18;1079222;2018-11-09 17:55:37:271
1.762;0.134;9.883;606.0;1.0;51.81;48.15632;11.53126;;NaN;;39.6;;0 / 18;1079321;2018-11-09 17:55:37:370
1.819;0.181;9.826;614.0;1.0;51.81;48.15632;11.53126;;NaN;;39.6;;0 / 18;1079423;2018-11-09 17:55:37:472
1.733;0.239;9.778;614.0;1.0;51.81;48.15632;11.53126;;NaN;;39.6;;0 / 18;1079522;2018-11-09 17:55:37:571
1.79;0.181;9.816;623.0;1.0;47.69;48.15632;11.53126;;NaN;;39.6;;0 / 18;1079622;2018-11-09 17:55:37:671
1.8;0.191;9.778;627.0;1.0;47.69;48.15632;11.53126;;NaN;;39.6;;0 / 18;1079722;2018-11-09 17:55:37:771
1.771;0.086;9.835;627.0;1.0;47.69;48.15632;11.53126;;NaN;;39.6;;0 / 18;1079823;2018-11-09 17:55:37:872
1.81;0.162;9.826;626.0;1.0;47.76;48.15632;11.53126;;NaN;;39.6;;0 / 18;1079922;2018-11-09 17:55:37:971
1.771;0.21;9.807;632.0;1.0;47.76;48.15632;11.53126;;NaN;;39.6;;0 / 18;1080022;2018-11-09 17:55:38:071
1.81;0.201;9.807;609.0;1.0;47.76;48.15632;11.53126;;NaN;;39.6;;0 / 18;1080121;2018-11-09 17:55:38:170
1.886;0.22;9.902;622.0;1.0;47.8;48.15632;11.53126;;NaN;;39.6;;0 / 18;1080221;2018-11-09 17:55:38:270
1.867;0.249;9.682;616.0;1.0;47.8;48.15632;11.53126;;NaN;;39.6;;0 / 18;1080322;2018-11-09 17:55:38:371
1.781;0.172;9.95;609.0;1.0;47.8;48.15632;11.53126;;NaN;;39.6;;0 / 18;1080422;2018-11-09 17:55:38:471
1.752;0.153;9.931;617.0;1.0;51.51;48.15632;11.53126;;NaN;;39.6;;0 / 18;1080522;2018-11-09 17:55:38:571
1.79;0.201;9.826;616.0;1.0;51.51;48.15632;11.53126;;NaN;;39.6;;0 / 18;1080621;2018-11-09 17:55:38:670
1.819;0.22;9.854;608.0;1.0;51.51;48.15632;11.53126;;NaN;;39.6;;0 / 18;1080721;2018-11-09 17:55:38:770
1.723;0.172;9.835;634.0;1.0;50.07;48.15632;11.53126;;NaN;;39.6;;0 / 18;1080821;2018-11-09 17:55:38:870
1.733;0.153;9.797;621.0;1.0;50.07;48.15632;11.53126;;NaN;;39.6;;0 / 18;1080921;2018-11-09 17:55:38:970
1.771;0.153;9.778;608.0;1.0;50.07;48.15632;11.53126;;NaN;;39.6;;0 / 18;1081021;2018-11-09 17:55:39:070
1.781;0.229;9.759;621.0;1.0;48.9;48.15632;11.53126;;NaN;;39.6;;0 / 18;1081121;2018-11-09 17:55:39:170
1.838;0.162;9.921;623.0;1.0;48.9;48.15632;11.53126;;NaN;;39.6;;0 / 18;1081222;2018-11-09 17:55:39:271
1.781;0.172;9.768;619.0;1.0;48.9;48.15632;11.53126;;NaN;;39.6;;0 / 18;1081322;2018-11-09 17:55:39:371
1.8;0.239;9.701;634.0;1.0;47.68;48.15632;11.53126;;NaN;;39.6;;0 / 18;1081422;2018-11-09 17:55:39:471
1.829;0.134;9.921;606.0;1.0;47.68;48.15632;11.53126;;NaN;;39.6;;0 / 18;1081522;2018-11-09 17:55:39:571
1.867;0.229;9.835;620.0;1.0;47.68;48.15632;11.53126;;NaN;;39.6;;0 / 18;1081621;2018-11-09 17:55:39:670
1.79;0.229;9.778;627.0;1.0;46.37;48.15632;11.53126;;NaN;;39.6;;0 / 18;1081721;2018-11-09 17:55:39:770
1.886;0.21;9.854;607.0;1.0;46.37;48.15632;11.53126;;NaN;;39.6;;0 / 18;1081821;2018-11-09 17:55:39:870
1.81;0.191;9.845;612.0;1.0;46.37;48.15632;11.53126;;NaN;;39.6;;0 / 18;1081922;2018-11-09 17:55:39:971
1.896;0.124;9.845;605.0;1.0;47.14;48.15632;11.53126;;NaN;;39.6;;0 / 18;1082022;2018-11-09 17:55:40:071
1.762;0.143;9.596;610.0;1.0;47.14;48.15632;11.53126;;NaN;;39.6;;0 / 18;1082122;2018-11-09 17:55:40:171
1.829;0.162;9.615;601.0;1.0;47.14;48.15632;11.53126;;NaN;;39.6;;0 / 18;1082221;2018-11-09 17:55:40:270
1.915;0.114;9.845;613.0;1.0;50.99;48.15632;11.53126;;NaN;;39.6;;0 / 18;1082321;2018-11-09 17:55:40:370
1.771;0.191;9.51;603.0;1.0;50.99;48.15632;11.53126;;NaN;;39.6;;0 / 18;1082421;2018-11-09 17:55:40:470
1.848;0.067;9.835;620.0;1.0;50.99;48.15632;11.53126;;NaN;;39.6;;0 / 18;1082521;2018-11-09 17:55:40:570
1.81;0.249;9.644;618.0;1.0;51.47;48.15632;11.53126;;NaN;;39.6;;0 / 18;1082622;2018-11-09 17:55:40:671
1.886;0.153;9.912;612.0;1.0;51.47;48.15632;11.53126;;NaN;;39.6;;0 / 18;1082722;2018-11-09 17:55:40:771
1.848;0.21;9.864;623.0;1.0;51.47;48.15632;11.53126;;NaN;;39.6;;0 / 18;1082822;2018-11-09 17:55:40:871
1.8;0.143;9.893;621.0;1.0;47.41;48.15632;11.53126;;NaN;;39.6;;0 / 18;1082922;2018-11-09 17:55:40:971
1.829;0.191;9.72;615.0;1.0;47.41;48.15632;11.53126;;NaN;;39.6;;0 / 18;1083021;2018-11-09 17:55:41:070
1.819;0.153;9.874;614.0;1.0;47.41;48.15632;11.53126;;NaN;;39.6;;0 / 18;1083121;2018-11-09 17:55:41:170
1.714;0.21;9.653;625.0;1.0;48.88;48.15632;11.53126;;NaN;;39.6;;0 / 18;1083222;2018-11-09 17:55:41:271
1.972;0.181;9.988;621.0;1.0;48.88;48.15632;11.53126;;NaN;;39.6;;0 / 18;1083322;2018-11-09 17:55:41:371
1.819;0.105;9.969;633.0;1.0;48.88;48.15632;11.53126;;NaN;;39.6;;0 / 18;1083422;2018-11-09 17:55:41:471
1.723;0.258;9.682;616.0;1.0;48.31;48.15632;11.53126;;NaN;;39.6;;0 / 18;1083522;2018-11-09 17:55:41:571
1.905;0.363;9.854;625.0;1.0;48.31;48.15632;11.53126;;NaN;;39.6;;0 / 18;1083621;2018-11-09 17:55:41:670
1.81;-0.105;10.017;603.0;1.0;48.31;48.15632;11.53126;;NaN;;39.6;;0 / 18;1083721;2018-11-09 17:55:41:770
1.666;0.134;9.672;619.0;1.0;52.53;48.15632;11.53126;;NaN;;39.6;;0 / 18;1083822;2018-11-09 17:55:41:871
1.905;0.249;9.816;619.0;1.0;52.53;48.15632;11.53126;;NaN;;39.6;;0 / 18;1083921;2018-11-09 17:55:41:970
1.867;-0.009;9.988;636.0;1.0;52.53;48.15632;11.53126;;NaN;;39.6;;0 / 18;1084021;2018-11-09 17:55:42:070
1.752;0.095;9.51;622.0;1.0;51.94;48.15632;11.53126;;NaN;;39.6;;0 / 18;1084121;2018-11-09 17:55:42:170
1.781;0.181;9.797;625.0;1.0;51.94;48.15632;11.53126;;NaN;;39.6;;0 / 18;1084222;2018-11-09 17:55:42:271
1.877;0.134;9.692;628.0;1.0;51.94;48.15632;11.53126;;NaN;;39.6;;0 / 18;1084322;2018-11-09 17:55:42:371
1.819;0.057;9.883;617.0;1.0;51.35;48.15632;11.53126;;NaN;;39.6;;0 / 18;1084422;2018-11-09 17:55:42:471
1.695;0.114;9.471;611.0;1.0;51.35;48.15632;11.53126;;NaN;;39.6;;0 / 18;1084521;2018-11-09 17:55:42:570
1.752;0.124;10.103;630.0;1.0;51.35;48.15632;11.53126;;NaN;;39.6;;0 / 18;1084621;2018-11-09 17:55:42:670
1.79;-0.009;9.797;622.0;1.0;53.2;48.15632;11.53126;;NaN;;39.6;;0 / 18;1084723;2018-11-09 17:55:42:772
1.752;0.076;9.893;619.0;1.0;53.2;48.15632;11.53126;;NaN;;39.6;;0 / 18;1084821;2018-11-09 17:55:42:870
1.953;0.354;10.065;628.0;1.0;53.2;48.15632;11.53126;;NaN;;39.6;;0 / 18;1084922;2018-11-09 17:55:42:971
1.695;0.277;9.414;617.0;1.0;54.27;48.15632;11.53126;;NaN;;39.6;;0 / 18;1085022;2018-11-09 17:55:43:071
2.135;-0.411;10.084;596.0;1.0;54.27;48.15632;11.53126;;NaN;;39.6;;0 / 18;1085122;2018-11-09 17:55:43:171
1.608;0.287;9.194;609.0;1.0;54.27;48.15632;11.53126;;NaN;;39.6;;0 / 18;1085222;2018-11-09 17:55:43:271
1.857;0.545;8.887;611.0;1.0;57.02;48.15632;11.53126;;NaN;;39.6;;0 / 18;1085321;2018-11-09 17:55:43:370
1.867;0.019;9.749;609.0;1.0;57.02;48.15632;11.53126;;NaN;;39.6;;0 / 18;1085421;2018-11-09 17:55:43:470
2.011;-0.076;10.343;608.0;1.0;57.02;48.15632;11.53126;;NaN;;39.6;;0 / 18;1085522;2018-11-09 17:55:43:571
1.896;0.306;9.5;606.0;1.0;55.82;48.15632;11.53126;;NaN;;39.6;;0 / 18;1085622;2018-11-09 17:55:43:671
1.944;0.153;9.72;602.0;1.0;55.82;48.15632;11.53126;;NaN;;39.6;;0 / 18;1085722;2018-11-09 17:55:43:771
2.126;-0.009;10.036;591.0;1.0;55.82;48.15632;11.53126;;NaN;;39.6;;0 / 18;1085822;2018-11-09 17:55:43:871
1.848;0.067;10.228;611.0;1.0;55.71;48.15632;11.53126;;NaN;;39.6;;0 / 18;1085922;2018-11-09 17:55:43:971
1.561;0.009;9.912;631.0;1.0;55.71;48.15632;11.53126;;NaN;;39.6;;0 / 18;1086022;2018-11-09 17:55:44:071
1.704;0.421;9.299;617.0;1.0;55.71;48.15632;11.53126;;NaN;;39.6;;0 / 18;1086121;2018-11-09 17:55:44:170
2.241;0.287;10.266;621.0;1.0;59.31;48.15632;11.53126;;NaN;;39.6;;0 / 18;1086222;2018-11-09 17:55:44:271
1.541;0.268;9.107;616.0;1.0;59.31;48.15632;11.53126;;NaN;;39.6;;0 / 18;1086322;2018-11-09 17:55:44:371
1.733;0.469;9.51;615.0;1.0;59.31;48.15632;11.53126;;NaN;;39.6;;0 / 18;1086422;2018-11-09 17:55:44:471
1.829;0.354;10.218;628.0;1.0;62.23;48.15632;11.53126;;NaN;;39.6;;0 / 18;1086522;2018-11-09 17:55:44:571
1.666;0.545;9.04;620.0;1.0;62.23;48.15632;11.53126;;NaN;;39.6;;0 / 18;1086622;2018-11-09 17:55:44:671
1.944;0.325;9.797;606.0;1.0;62.23;48.15632;11.53126;;NaN;;39.6;;0 / 18;1086722;2018-11-09 17:55:44:771
1.647;0.191;9.912;609.0;1.0;62.23;48.15632;11.53126;;NaN;;39.6;;0 / 18;1086821;2018-11-09 17:55:44:870
1.656;0.316;9.356;617.0;1.0;60.5;48.15632;11.53126;;NaN;;39.6;;0 / 18;1086921;2018-11-09 17:55:44:970
1.676;0.478;9.261;612.0;1.0;60.5;48.15632;11.53126;;NaN;;39.6;;0 / 18;1087021;2018-11-09 17:55:45:070
1.771;0.354;9.117;592.0;1.0;60.5;48.15632;11.53126;;NaN;;39.6;;0 / 18;1087122;2018-11-09 17:55:45:171
2.068;0.469;9.27;612.0;1.0;59.51;48.15632;11.53126;;NaN;;39.6;;0 / 18;1087222;2018-11-09 17:55:45:271
2.049;0.469;9.136;605.0;1.0;59.51;48.15632;11.53126;;NaN;;39.6;;0 / 18;1087322;2018-11-09 17:55:45:371
1.743;0.306;9.51;607.0;1.0;59.51;48.15632;11.53126;;NaN;;39.6;;0 / 18;1087422;2018-11-09 17:55:45:471
1.877;0.268;9.481;620.0;1.0;59.33;48.15632;11.53126;;NaN;;39.6;;0 / 18;1087522;2018-11-09 17:55:45:571
1.953;0.249;10.285;610.0;1.0;59.33;48.15632;11.53126;;NaN;;39.6;;0 / 18;1087622;2018-11-09 17:55:45:671
1.407;-0.009;9.222;617.0;1.0;59.33;48.15632;11.53126;;NaN;;39.6;;0 / 18;1087722;2018-11-09 17:55:45:771
1.398;0.44;9.692;609.0;1.0;62.01;48.15632;11.53126;;NaN;;39.6;;0 / 18;1087821;2018-11-09 17:55:45:870
2.087;0.095;10.036;631.0;1.0;62.01;48.15632;11.53126;;NaN;;39.6;;0 / 18;1087921;2018-11-09 17:55:45:970
1.292;0.009;9.692;632.0;1.0;62.01;48.15632;11.53126;;NaN;;39.6;;0 / 18;1088022;2018-11-09 17:55:46:071
1.714;0.038;9.423;607.0;1.0;59.58;48.15632;11.53126;;NaN;;39.6;;0 / 18;1088122;2018-11-09 17:55:46:171
1.925;0.335;9.672;604.0;1.0;59.58;48.15632;11.53126;;NaN;;39.6;;0 / 18;1088222;2018-11-09 17:55:46:271
1.752;0.181;9.701;595.0;1.0;59.58;48.15632;11.53126;;NaN;;39.6;;0 / 18;1088321;2018-11-09 17:55:46:370
1.714;0.095;10.094;583.0;1.0;54.46;48.15632;11.53126;;NaN;;39.6;;0 / 18;1088421;2018-11-09 17:55:46:470
1.915;0.134;9.682;578.0;1.0;54.46;48.15632;11.53126;;NaN;;39.6;;0 / 18;1088521;2018-11-09 17:55:46:570
1.857;0.306;9.874;585.0;1.0;54.46;48.15632;11.53126;;NaN;;39.6;;0 / 18;1088622;2018-11-09 17:55:46:671
1.743;0.076;9.902;581.0;1.0;50.29;48.15632;11.53126;;NaN;;39.6;;0 / 18;1088722;2018-11-09 17:55:46:771
1.867;0.172;9.73;576.0;1.0;50.29;48.15632;11.53126;;NaN;;39.6;;0 / 18;1088822;2018-11-09 17:55:46:871
1.905;0.153;9.931;556.0;1.0;50.29;48.15632;11.53126;;NaN;;39.6;;0 / 18;1088921;2018-11-09 17:55:46:970
1.819;0.229;9.73;569.0;1.0;46.13;48.15632;11.53126;;NaN;;39.6;;0 / 18;1089021;2018-11-09 17:55:47:070
1.848;0.134;9.883;537.0;1.0;46.13;48.15632;11.53126;;NaN;;39.6;;0 / 18;1089122;2018-11-09 17:55:47:171
1.886;0.162;9.807;546.0;1.0;46.13;48.15632;11.53126;;NaN;;39.6;;0 / 18;1089222;2018-11-09 17:55:47:271
1.905;0.21;9.711;553.0;1.0;48.1;48.15632;11.53126;;NaN;;39.6;;0 / 18;1089321;2018-11-09 17:55:47:370
1.896;0.229;9.711;545.0;1.0;48.1;48.15632;11.53126;;NaN;;39.6;;0 / 18;1089421;2018-11-09 17:55:47:470
1.896;0.201;9.845;553.0;1.0;48.1;48.15632;11.53126;;NaN;;39.6;;0 / 18;1089521;2018-11-09 17:55:47:570
1.848;0.258;9.701;554.0;1.0;49.67;48.15632;11.53126;;NaN;;39.6;;0 / 18;1089624;2018-11-09 17:55:47:673
1.819;0.316;9.701;571.0;1.0;49.67;48.15645;11.53103;;NaN;;51.274;;0 / 18;1089722;2018-11-09 17:55:47:771
1.838;-0.172;10.324;566.0;1.0;49.67;48.15645;11.53103;;NaN;;51.274;;0 / 18;1089822;2018-11-09 17:55:47:871
1.656;0.0;9.845;581.0;1.0;48.48;48.15645;11.53103;;NaN;;51.274;;0 / 18;1089922;2018-11-09 17:55:47:971
1.838;0.344;9.759;593.0;1.0;48.48;48.15645;11.53103;;NaN;;51.274;;0 / 18;1090022;2018-11-09 17:55:48:071
2.049;-0.201;10.18;585.0;1.0;48.48;48.15645;11.53103;;NaN;;51.274;;0 / 18;1090122;2018-11-09 17:55:48:171
1.628;-0.028;9.845;582.0;1.0;48.15;48.15645;11.53103;;NaN;;51.274;;0 / 18;1090221;2018-11-09 17:55:48:270
2.011;-0.249;10.046;576.0;1.0;48.15;48.15645;11.53103;;NaN;;51.274;;0 / 18;1090321;2018-11-09 17:55:48:370
1.714;-0.335;9.864;594.0;1.0;48.15;48.15645;11.53103;;NaN;;51.274;;0 / 18;1090422;2018-11-09 17:55:48:471
1.714;-0.22;9.51;583.0;1.0;49.0;48.15645;11.53103;;NaN;;51.274;;0 / 18;1090522;2018-11-09 17:55:48:571
2.02;-0.354;10.065;587.0;1.0;49.0;48.15645;11.53103;;NaN;;51.274;;0 / 18;1090621;2018-11-09 17:55:48:670
1.771;-0.268;9.759;589.0;1.0;49.0;48.15645;11.53103;;NaN;;51.274;;0 / 18;1090722;2018-11-09 17:55:48:771
1.896;-0.105;9.711;589.0;1.0;49.4;48.15645;11.53103;;NaN;;51.274;;0 / 18;1090822;2018-11-09 17:55:48:871
1.896;-0.162;10.046;606.0;1.0;49.4;48.15645;11.53103;;NaN;;51.274;;0 / 18;1090922;2018-11-09 17:55:48:971
1.896;-0.21;9.835;595.0;1.0;49.4;48.15645;11.53103;;NaN;;51.274;;0 / 18;1091021;2018-11-09 17:55:49:070
1.819;-0.488;10.056;620.0;1.0;49.57;48.15645;11.53103;;NaN;;51.274;;0 / 18;1091121;2018-11-09 17:55:49:170
1.972;-0.402;9.969;607.0;1.0;49.57;48.15645;11.53103;;NaN;;51.274;;0 / 18;1091221;2018-11-09 17:55:49:270
1.934;-0.536;9.72;614.0;1.0;49.57;48.15645;11.53103;;NaN;;51.274;;0 / 18;1091322;2018-11-09 17:55:49:371
1.886;-0.689;9.931;590.0;1.0;48.67;48.15645;11.53103;;NaN;;51.274;;0 / 18;1091422;2018-11-09 17:55:49:471
1.944;-0.814;9.883;568.0;1.0;48.67;48.15645;11.53103;;NaN;;51.274;;0 / 18;1091522;2018-11-09 17:55:49:571
2.059;-0.833;10.161;575.0;1.0;48.67;48.15645;11.53103;;NaN;;51.274;;0 / 18;1091621;2018-11-09 17:55:49:670
1.896;-0.488;9.615;552.0;1.0;49.81;48.15645;11.53103;;NaN;;51.274;;0 / 18;1091723;2018-11-09 17:55:49:772
2.154;-0.584;10.161;525.0;1.0;49.81;48.15645;11.53103;;NaN;;51.274;;0 / 18;1091821;2018-11-09 17:55:49:870
2.068;-0.459;9.969;530.0;1.0;49.81;48.15645;11.53103;;NaN;;51.274;;0 / 18;1091922;2018-11-09 17:55:49:971
1.877;-0.43;9.739;514.0;1.0;52.3;48.15645;11.53103;;NaN;;51.274;;0 / 18;1092021;2018-11-09 17:55:50:070
2.087;-0.421;9.988;507.0;1.0;52.3;48.15645;11.53103;;NaN;;51.274;;0 / 18;1092122;2018-11-09 17:55:50:171
2.097;-0.22;9.682;514.0;1.0;52.3;48.15645;11.53103;;NaN;;51.274;;0 / 18;1092222;2018-11-09 17:55:50:271
2.135;-0.143;9.615;521.0;1.0;51.76;48.15645;11.53103;;NaN;;51.274;;0 / 18;1092322;2018-11-09 17:55:50:371
1.963;-0.45;9.95;549.0;1.0;51.76;48.15645;11.53103;;NaN;;51.274;;0 / 18;1092421;2018-11-09 17:55:50:470
1.915;-0.421;9.759;598.0;1.0;51.76;48.15645;11.53103;;NaN;;51.274;;0 / 18;1092521;2018-11-09 17:55:50:570
2.097;-0.344;9.931;577.0;1.0;50.05;48.15645;11.53103;;NaN;;51.274;;0 / 18;1092621;2018-11-09 17:55:50:670
1.972;-0.268;9.701;597.0;1.0;50.05;48.15645;11.53103;;NaN;;51.274;;0 / 18;1092721;2018-11-09 17:55:50:770
2.02;-0.402;9.739;569.0;1.0;50.05;48.15645;11.53103;;NaN;;51.274;;0 / 18;1092822;2018-11-09 17:55:50:871
2.116;-0.191;9.807;559.0;1.0;49.39;48.15645;11.53103;;NaN;;51.274;;0 / 18;1092922;2018-11-09 17:55:50:971
1.992;-0.325;9.749;384.0;1.0;49.39;48.15645;11.53103;;NaN;;51.274;;0 / 18;1093021;2018-11-09 17:55:51:070
2.011;-0.22;9.941;154.0;1.0;49.39;48.15645;11.53103;;NaN;;51.274;;0 / 18;1093121;2018-11-09 17:55:51:170
2.03;-0.067;9.5;146.0;1.0;47.9;48.15645;11.53103;;NaN;;51.274;;0 / 18;1093222;2018-11-09 17:55:51:271
1.896;-0.047;9.749;178.0;1.0;47.9;48.15645;11.53103;;NaN;;51.274;;0 / 18;1093322;2018-11-09 17:55:51:371
1.953;0.0;9.653;210.0;1.0;47.9;48.15645;11.53103;;NaN;;51.274;;0 / 18;1093422;2018-11-09 17:55:51:471
1.915;-0.057;10.132;146.0;1.0;48.49;48.15645;11.53103;;NaN;;51.274;;0 / 18;1093521;2018-11-09 17:55:51:570
1.963;0.038;9.672;138.0;1.0;48.49;48.15645;11.53103;;NaN;;51.274;;0 / 18;1093621;2018-11-09 17:55:51:670
1.953;0.21;9.289;280.0;1.0;48.49;48.15645;11.53103;;NaN;;51.274;;0 / 18;1093722;2018-11-09 17:55:51:771
2.011;0.383;9.308;429.0;1.0;48.08;48.15645;11.53103;;NaN;;51.274;;0 / 18;1093822;2018-11-09 17:55:51:871
2.001;0.258;9.5;495.0;1.0;48.08;48.15645;11.53103;;NaN;;51.274;;0 / 18;1093921;2018-11-09 17:55:51:970
1.925;0.45;9.529;497.0;1.0;48.08;48.15645;11.53103;;NaN;;51.274;;0 / 18;1094021;2018-11-09 17:55:52:070
2.126;0.134;10.113;506.0;1.0;46.57;48.15645;11.53103;;NaN;;51.274;;0 / 18;1094121;2018-11-09 17:55:52:170
1.81;0.009;10.113;532.0;1.0;46.57;48.15645;11.53103;;NaN;;51.274;;0 / 18;1094221;2018-11-09 17:55:52:270
1.79;-0.095;9.893;535.0;1.0;46.57;48.15645;11.53103;;NaN;;51.274;;0 / 18;1094322;2018-11-09 17:55:52:371
1.877;0.028;9.625;541.0;1.0;47.96;48.15645;11.53103;;NaN;;51.274;;0 / 18;1094422;2018-11-09 17:55:52:471
1.953;-0.057;9.931;566.0;1.0;47.96;48.15645;11.53103;;NaN;;51.274;;0 / 18;1094522;2018-11-09 17:55:52:571
1.819;-0.038;9.701;557.0;1.0;47.96;48.15645;11.53103;;NaN;;51.274;;0 / 18;1094622;2018-11-09 17:55:52:671
1.771;0.114;9.759;510.0;1.0;46.72;48.15645;11.53103;;NaN;;51.274;;0 / 18;1094721;2018-11-09 17:55:52:770
1.819;0.009;9.807;387.0;1.0;46.72;48.15645;11.53103;;NaN;;51.274;;0 / 18;1094821;2018-11-09 17:55:52:870
1.934;0.153;9.95;368.0;1.0;46.72;48.15645;11.53103;;NaN;;51.274;;0 / 18;1094922;2018-11-09 17:55:52:971
1.79;0.076;9.816;515.0;1.0;50.07;48.15645;11.53103;;NaN;;51.274;;0 / 18;1095022;2018-11-09 17:55:53:071
1.819;0.105;9.797;628.0;1.0;50.07;48.15645;11.53103;;NaN;;51.274;;0 / 18;1095121;2018-11-09 17:55:53:170
1.8;0.105;9.797;624.0;1.0;50.07;48.15645;11.53103;;NaN;;51.274;;0 / 18;1095221;2018-11-09 17:55:53:270
1.762;0.153;9.653;623.0;1.0;46.75;48.15645;11.53103;;NaN;;51.274;;0 / 18;1095322;2018-11-09 17:55:53:371
1.81;0.105;9.816;574.0;1.0;46.75;48.15645;11.53103;;NaN;;51.274;;0 / 18;1095422;2018-11-09 17:55:53:471
1.829;0.172;9.634;523.0;1.0;46.75;48.15645;11.53103;;NaN;;51.274;;0 / 18;1095522;2018-11-09 17:55:53:571
1.723;-0.028;9.864;486.0;1.0;47.77;48.15645;11.53103;;NaN;;51.274;;0 / 18;1095622;2018-11-09 17:55:53:671
1.944;0.421;9.462;479.0;1.0;47.77;48.15645;11.53103;;NaN;;51.274;;0 / 18;1095721;2018-11-09 17:55:53:770
1.972;0.411;9.452;502.0;1.0;47.77;48.15645;11.53103;;NaN;;51.274;;0 / 18;1095821;2018-11-09 17:55:53:870
1.953;0.363;9.682;515.0;1.0;48.25;48.15645;11.53103;;NaN;;51.274;;0 / 18;1095922;2018-11-09 17:55:53:971
1.733;0.191;9.816;498.0;1.0;48.25;48.15645;11.53103;;NaN;;51.274;;0 / 18;1096022;2018-11-09 17:55:54:071
1.79;0.162;9.864;495.0;1.0;48.25;48.15645;11.53103;;NaN;;51.274;;0 / 18;1096122;2018-11-09 17:55:54:171
1.838;0.373;9.653;500.0;1.0;50.64;48.15645;11.53103;;NaN;;51.274;;0 / 18;1096221;2018-11-09 17:55:54:270
1.695;0.488;9.519;512.0;1.0;50.64;48.15645;11.53103;;NaN;;51.274;;0 / 18;1096321;2018-11-09 17:55:54:370
2.001;0.402;10.084;506.0;1.0;50.64;48.15645;11.53103;;NaN;;51.274;;0 / 18;1096421;2018-11-09 17:55:54:470
1.647;0.306;9.759;506.0;1.0;51.93;48.15645;11.53103;;NaN;;51.274;;0 / 18;1096522;2018-11-09 17:55:54:571
1.829;0.287;10.017;511.0;1.0;51.93;48.15645;11.53103;;NaN;;51.274;;0 / 18;1096622;2018-11-09 17:55:54:671
1.618;0.22;9.835;523.0;1.0;51.93;48.15645;11.53103;;NaN;;51.274;;0 / 18;1096721;2018-11-09 17:55:54:770
1.743;0.21;10.036;520.0;1.0;52.58;48.15645;11.53103;;NaN;;51.274;;0 / 18;1096822;2018-11-09 17:55:54:871
1.455;0.134;9.807;511.0;1.0;52.58;48.15645;11.53103;;NaN;;51.274;;0 / 18;1096922;2018-11-09 17:55:54:971
1.34;0.047;9.749;529.0;1.0;52.58;48.15645;11.53103;;NaN;;51.274;;0 / 18;1097022;2018-11-09 17:55:55:071
1.647;0.258;9.481;521.0;1.0;52.23;48.15645;11.53103;;NaN;;51.274;;0 / 18;1097122;2018-11-09 17:55:55:171
1.379;0.325;9.625;534.0;1.0;52.23;48.15645;11.53103;;NaN;;51.274;;0 / 18;1097222;2018-11-09 17:55:55:271
1.407;0.325;9.739;542.0;1.0;52.23;48.15645;11.53103;;NaN;;51.274;;0 / 18;1097322;2018-11-09 17:55:55:371
1.379;0.229;9.902;532.0;1.0;51.53;48.15645;11.53103;;NaN;;51.274;;0 / 18;1097422;2018-11-09 17:55:55:471
1.312;0.143;9.969;559.0;1.0;51.53;48.15645;11.53103;;NaN;;51.274;;0 / 18;1097522;2018-11-09 17:55:55:571
1.312;0.191;9.95;557.0;1.0;51.53;48.15645;11.53103;;NaN;;51.274;;0 / 18;1097621;2018-11-09 17:55:55:670
1.206;0.143;9.663;569.0;1.0;51.78;48.15645;11.53103;;NaN;;51.274;;0 / 18;1097721;2018-11-09 17:55:55:770
1.216;0.057;9.921;566.0;1.0;51.78;48.15645;11.53103;;NaN;;51.274;;0 / 18;1097821;2018-11-09 17:55:55:870
1.11;-0.038;9.874;533.0;1.0;51.78;48.15645;11.53103;;NaN;;51.274;;0 / 18;1097921;2018-11-09 17:55:55:970
1.149;-0.028;9.692;500.0;1.0;51.42;48.15645;11.53103;;NaN;;51.274;;0 / 18;1098021;2018-11-09 17:55:56:070
1.11;0.009;9.845;472.0;1.0;51.42;48.15645;11.53103;;NaN;;51.274;;0 / 18;1098121;2018-11-09 17:55:56:170
1.034;-0.038;9.787;483.0;1.0;51.42;48.15645;11.53103;;NaN;;51.274;;0 / 18;1098222;2018-11-09 17:55:56:271
1.005;-0.047;9.787;487.0;1.0;50.97;48.15645;11.53103;;NaN;;51.274;;0 / 18;1098322;2018-11-09 17:55:56:371
0.957;-0.105;9.72;486.0;1.0;50.97;48.15645;11.53103;;NaN;;51.274;;0 / 18;1098422;2018-11-09 17:55:56:471
0.996;-0.086;9.807;497.0;1.0;50.97;48.15645;11.53103;;NaN;;51.274;;0 / 18;1098522;2018-11-09 17:55:56:571
0.861;-0.028;9.749;499.0;1.0;49.7;48.15645;11.53103;;NaN;;51.274;;0 / 18;1098621;2018-11-09 17:55:56:670
0.842;-0.21;9.931;501.0;1.0;49.7;48.15645;11.53103;;NaN;;51.274;;0 / 18;1098721;2018-11-09 17:55:56:770
0.909;-0.296;9.845;522.0;1.0;49.7;48.15645;11.53103;;NaN;;51.274;;0 / 18;1098822;2018-11-09 17:55:56:871
0.919;-0.229;9.854;522.0;1.0;49.92;48.15645;11.53103;;NaN;;51.274;;0 / 18;1098922;2018-11-09 17:55:56:971
1.063;-0.105;9.653;531.0;1.0;49.92;48.15645;11.53103;;NaN;;51.274;;0 / 18;1099022;2018-11-09 17:55:57:071
1.015;-0.325;10.017;534.0;1.0;49.92;48.15645;11.53103;;NaN;;51.274;;0 / 18;1099121;2018-11-09 17:55:57:170
1.082;-0.21;9.807;541.0;1.0;48.02;48.15645;11.53103;;NaN;;51.274;;0 / 18;1099221;2018-11-09 17:55:57:270
1.034;-0.038;9.73;536.0;1.0;48.02;48.15645;11.53103;;NaN;;51.274;;0 / 18;1099322;2018-11-09 17:55:57:371
1.024;0.105;9.711;523.0;1.0;48.02;48.15645;11.53103;;NaN;;51.274;;0 / 18;1099422;2018-11-09 17:55:57:471
1.091;0.009;9.941;512.0;1.0;51.98;48.15645;11.53103;;NaN;;51.274;;0 / 18;1099522;2018-11-09 17:55:57:571
0.986;0.143;9.567;514.0;1.0;51.98;48.15645;11.53103;;NaN;;51.274;;0 / 18;1099621;2018-11-09 17:55:57:670
1.321;0.114;9.902;523.0;1.0;51.98;48.15645;11.53103;;NaN;;51.274;;0 / 18;1099721;2018-11-09 17:55:57:770
1.11;0.019;10.056;515.0;1.0;51.31;48.15645;11.53103;;NaN;;51.274;;0 / 18;1099821;2018-11-09 17:55:57:870
1.034;-0.019;9.893;527.0;1.0;51.31;48.15645;11.53103;;NaN;;51.274;;0 / 18;1099922;2018-11-09 17:55:57:971
1.082;0.067;9.73;548.0;1.0;51.31;48.15645;11.53103;;NaN;;51.274;;0 / 18;1100022;2018-11-09 17:55:58:071
1.13;0.0;9.912;553.0;1.0;47.89;48.15645;11.53103;;NaN;;51.274;;0 / 18;1100122;2018-11-09 17:55:58:171
1.091;0.095;9.864;557.0;1.0;47.89;48.15645;11.53103;;NaN;;51.274;;0 / 18;1100221;2018-11-09 17:55:58:270
1.005;0.105;9.979;545.0;1.0;47.89;48.15645;11.53103;;NaN;;51.274;;0 / 18;1100321;2018-11-09 17:55:58:370
1.11;0.028;9.759;558.0;1.0;49.88;48.15645;11.53103;;NaN;;51.274;;0 / 18;1100422;2018-11-09 17:55:58:471
0.919;0.172;9.759;562.0;1.0;49.88;48.15645;11.53103;;NaN;;51.274;;0 / 18;1100522;2018-11-09 17:55:58:571
1.063;0.047;9.912;546.0;1.0;49.88;48.15645;11.53103;;NaN;;51.274;;0 / 18;1100621;2018-11-09 17:55:58:670
0.976;0.153;9.902;533.0;1.0;49.66;48.15645;11.53103;;NaN;;51.274;;0 / 18;1100721;2018-11-09 17:55:58:770
0.967;0.153;9.663;534.0;1.0;49.66;48.15645;11.53103;;NaN;;51.274;;0 / 18;1100821;2018-11-09 17:55:58:870
0.957;0.047;10.046;538.0;1.0;49.66;48.15645;11.53103;;NaN;;51.274;;0 / 18;1100922;2018-11-09 17:55:58:971
0.957;0.067;9.778;546.0;1.0;48.52;48.15645;11.53103;;NaN;;51.274;;0 / 18;1101022;2018-11-09 17:55:59:071
0.957;0.201;9.615;531.0;1.0;48.52;48.15645;11.53103;;NaN;;51.274;;0 / 18;1101122;2018-11-09 17:55:59:171
0.861;0.181;9.692;539.0;1.0;48.52;48.15645;11.53103;;NaN;;51.274;;0 / 18;1101222;2018-11-09 17:55:59:271
0.996;0.21;9.787;528.0;1.0;49.37;48.15645;11.53103;;NaN;;51.274;;0 / 18;1101321;2018-11-09 17:55:59:370
0.861;0.181;9.653;561.0;1.0;49.37;48.15645;11.53103;;NaN;;51.274;;0 / 18;1101421;2018-11-09 17:55:59:470
0.919;0.239;9.768;549.0;1.0;49.37;48.15645;11.53103;;NaN;;51.274;;0 / 18;1101521;2018-11-09 17:55:59:570
0.909;0.201;9.998;550.0;1.0;47.89;48.15645;11.53103;;NaN;;51.274;;0 / 18;1101621;2018-11-09 17:55:59:670
1.11;0.287;9.902;532.0;1.0;47.89;48.15645;11.53103;;NaN;;51.274;;0 / 18;1101721;2018-11-09 17:55:59:770
0.727;0.316;9.826;548.0;1.0;47.89;48.15645;11.53103;;NaN;;51.274;;0 / 18;1101822;2018-11-09 17:55:59:871
0.727;0.229;9.692;516.0;1.0;46.72;48.15645;11.53103;;NaN;;51.274;;0 / 18;1101922;2018-11-09 17:55:59:971
0.9;0.354;9.787;499.0;1.0;46.72;48.15645;11.53103;;NaN;;51.274;;0 / 18;1102022;2018-11-09 17:56:00:071
0.651;0.354;9.672;510.0;1.0;46.72;48.15645;11.53103;;NaN;;51.274;;0 / 18;1102122;2018-11-09 17:56:00:171
1.091;0.344;9.807;505.0;1.0;50.67;48.15645;11.53103;;NaN;;51.274;;0 / 18;1102221;2018-11-09 17:56:00:270
0.9;0.316;9.826;508.0;1.0;50.67;48.15645;11.53103;;NaN;;51.274;;0 / 18;1102321;2018-11-09 17:56:00:370
0.804;0.22;9.931;509.0;1.0;50.67;48.15645;11.53103;;NaN;;51.274;;0 / 18;1102421;2018-11-09 17:56:00:470
0.612;0.354;9.557;532.0;1.0;51.05;48.15645;11.53103;;NaN;;51.274;;0 / 18;1102521;2018-11-09 17:56:00:570
0.814;0.363;9.567;532.0;1.0;51.05;48.15645;11.53103;;NaN;;51.274;;0 / 18;1102622;2018-11-09 17:56:00:671
1.053;0.45;9.682;534.0;1.0;51.05;48.15645;11.53103;;NaN;;51.274;;0 / 18;1102722;2018-11-09 17:56:00:771
1.216;0.45;9.663;536.0;1.0;51.44;48.15645;11.53103;;NaN;;51.274;;0 / 18;1102822;2018-11-09 17:56:00:871
1.082;0.67;9.73;528.0;1.0;51.44;48.15645;11.53103;;NaN;;51.274;;0 / 18;1102921;2018-11-09 17:56:00:970
1.034;0.603;9.998;523.0;1.0;51.44;48.15645;11.53103;;NaN;;51.274;;0 / 18;1103021;2018-11-09 17:56:01:070
1.168;0.737;9.519;519.0;1.0;51.02;48.15645;11.53103;;NaN;;51.274;;0 / 18;1103121;2018-11-09 17:56:01:170
1.35;0.814;9.711;507.0;1.0;51.02;48.15645;11.53103;;NaN;;51.274;;0 / 18;1103222;2018-11-09 17:56:01:271
1.35;0.928;9.634;500.0;1.0;51.02;48.15645;11.53103;;NaN;;51.274;;0 / 18;1103322;2018-11-09 17:56:01:371
1.388;1.158;9.749;494.0;1.0;49.66;48.15645;11.53103;;NaN;;51.274;;0 / 18;1103422;2018-11-09 17:56:01:471
1.561;1.331;9.835;482.0;1.0;49.66;48.15645;11.53103;;NaN;;51.274;;0 / 18;1103521;2018-11-09 17:56:01:570
1.58;1.465;9.653;474.0;1.0;49.66;48.15645;11.53103;;NaN;;51.274;;0 / 18;1103621;2018-11-09 17:56:01:670
1.522;1.551;9.921;488.0;1.0;50.49;48.15645;11.53103;;NaN;;51.274;;0 / 18;1103721;2018-11-09 17:56:01:770
1.628;1.695;9.682;473.0;1.0;50.49;48.15645;11.53103;;NaN;;51.274;;0 / 18;1103822;2018-11-09 17:56:01:871
1.455;1.743;10.19;490.0;1.0;50.49;48.15645;11.53103;;NaN;;51.274;;0 / 18;1103922;2018-11-09 17:56:01:971
1.819;1.57;9.768;461.0;1.0;51.82;48.15645;11.53103;;NaN;;51.274;;0 / 18;1104022;2018-11-09 17:56:02:071
1.647;1.819;9.644;449.0;1.0;51.82;48.15645;11.53103;;NaN;;51.274;;0 / 18;1104121;2018-11-09 17:56:02:170
1.896;1.81;9.941;458.0;1.0;51.82;48.15645;11.53103;;NaN;;51.274;;0 / 18;1104221;2018-11-09 17:56:02:270
1.762;1.704;9.893;450.0;1.0;51.82;48.15645;11.53103;;NaN;;51.274;;0 / 18;1104321;2018-11-09 17:56:02:370
1.867;1.81;9.577;452.0;1.0;52.97;48.15645;11.53103;;NaN;;51.274;;0 / 18;1104421;2018-11-09 17:56:02:470
1.877;1.771;9.807;456.0;1.0;52.97;48.15645;11.53103;;NaN;;51.274;;0 / 18;1104522;2018-11-09 17:56:02:571
1.752;1.666;9.567;465.0;1.0;52.97;48.15645;11.53103;;NaN;;51.274;;0 / 18;1104621;2018-11-09 17:56:02:670
2.106;1.743;10.429;490.0;1.0;52.36;48.15645;11.53103;;NaN;;51.274;;0 / 18;1104722;2018-11-09 17:56:02:771
2.001;1.752;10.352;463.0;1.0;52.36;48.15645;11.53103;;NaN;;51.274;;0 / 18;1104822;2018-11-09 17:56:02:871
1.877;1.752;9.596;486.0;1.0;52.36;48.15645;11.53103;;NaN;;51.274;;0 / 18;1104921;2018-11-09 17:56:02:970
2.154;1.743;10.17;473.0;1.0;51.08;48.15645;11.53103;;NaN;;51.274;;0 / 18;1105021;2018-11-09 17:56:03:070
2.087;1.589;10.506;489.0;1.0;51.08;48.15645;11.53103;;NaN;;51.274;;0 / 18;1105121;2018-11-09 17:56:03:170
1.963;1.388;10.812;483.0;1.0;51.08;48.15645;11.53103;;NaN;;51.274;;0 / 18;1105222;2018-11-09 17:56:03:271
2.02;1.685;10.084;485.0;1.0;51.02;48.15645;11.53103;;NaN;;51.274;;0 / 18;1105322;2018-11-09 17:56:03:371
2.011;1.637;10.008;479.0;1.0;51.02;48.15645;11.53103;;NaN;;51.274;;0 / 18;1105421;2018-11-09 17:56:03:470
1.915;1.474;10.103;516.0;1.0;51.02;48.15645;11.53103;;NaN;;51.274;;0 / 18;1105522;2018-11-09 17:56:03:571
1.925;1.561;9.759;541.0;1.0;56.48;48.15645;11.53103;;NaN;;51.274;;0 / 18;1105622;2018-11-09 17:56:03:671
1.867;1.426;10.333;561.0;1.0;56.48;48.15645;11.53103;;NaN;;51.274;;0 / 18;1105721;2018-11-09 17:56:03:770
1.647;1.359;9.807;629.0;1.0;56.48;48.15645;11.53103;;NaN;;51.274;;0 / 18;1105821;2018-11-09 17:56:03:870
1.733;1.484;9.577;668.0;1.0;53.98;48.15645;11.53103;;NaN;;51.274;;0 / 18;1105922;2018-11-09 17:56:03:971
1.781;1.484;9.807;667.0;1.0;53.98;48.15645;11.53103;;NaN;;51.274;;0 / 18;1106021;2018-11-09 17:56:04:070
1.934;1.503;9.682;641.0;1.0;53.98;48.15645;11.53103;;NaN;;51.274;;0 / 18;1106121;2018-11-09 17:56:04:170
1.723;1.388;9.998;662.0;1.0;53.54;48.15645;11.53103;;NaN;;51.274;;0 / 18;1106222;2018-11-09 17:56:04:271
1.733;1.503;9.711;660.0;1.0;53.54;48.15645;11.53103;;NaN;;51.274;;0 / 18;1106322;2018-11-09 17:56:04:371
1.781;1.407;9.682;658.0;1.0;53.54;48.15645;11.53103;;NaN;;51.274;;0 / 18;1106422;2018-11-09 17:56:04:471
1.752;1.398;9.653;507.0;1.0;54.4;48.15645;11.53103;;NaN;;51.274;;0 / 18;1106521;2018-11-09 17:56:04:570
1.905;1.513;9.95;511.0;1.0;54.4;48.15645;11.53103;;NaN;;51.274;;0 / 18;1106621;2018-11-09 17:56:04:670
1.829;1.484;9.816;505.0;1.0;54.4;48.15645;11.53103;;NaN;;51.274;;0 / 18;1106721;2018-11-09 17:56:04:770
1.896;1.522;9.807;491.0;1.0;50.15;48.15645;11.53103;;NaN;;51.274;;0 / 18;1106822;2018-11-09 17:56:04:871
1.819;1.465;9.72;540.0;1.0;50.15;48.15645;11.53103;;NaN;;51.274;;0 / 18;1106922;2018-11-09 17:56:04:971
1.867;1.532;9.452;682.0;1.0;50.15;48.15645;11.53103;;NaN;;51.274;;0 / 18;1107022;2018-11-09 17:56:05:071
1.963;1.35;9.519;681.0;1.0;51.72;48.15645;11.53103;;NaN;;51.274;;0 / 18;1107121;2018-11-09 17:56:05:170
1.819;1.254;10.017;685.0;1.0;51.72;48.15645;11.53103;;NaN;;51.274;;0 / 18;1107221;2018-11-09 17:56:05:270
1.848;1.331;9.615;687.0;1.0;51.72;48.15645;11.53103;;NaN;;51.274;;0 / 18;1107321;2018-11-09 17:56:05:370
1.886;1.541;9.921;673.0;1.0;57.12;48.15645;11.53103;;NaN;;51.274;;0 / 18;1107421;2018-11-09 17:56:05:470
1.877;1.292;9.96;675.0;1.0;57.12;48.15645;11.53103;;NaN;;51.274;;0 / 18;1107521;2018-11-09 17:56:05:570
1.857;1.58;9.816;680.0;1.0;57.12;48.15645;11.53103;;NaN;;51.274;;0 / 18;1107622;2018-11-09 17:56:05:671
1.848;1.455;10.008;668.0;1.0;54.38;48.15645;11.53103;;NaN;;51.274;;0 / 18;1107722;2018-11-09 17:56:05:771
1.992;1.379;9.682;648.0;1.0;54.38;48.15645;11.53103;;NaN;;51.274;;0 / 18;1107821;2018-11-09 17:56:05:870
2.02;1.359;11.607;686.0;1.0;54.38;48.15645;11.53103;;NaN;;51.274;;0 / 18;1107921;2018-11-09 17:56:05:970
1.829;1.216;9.73;668.0;1.0;51.5;48.15645;11.53103;;NaN;;51.274;;0 / 18;1108022;2018-11-09 17:56:06:071
2.078;1.206;13.8;681.0;1.0;51.5;48.15645;11.53103;;NaN;;51.274;;0 / 18;1108122;2018-11-09 17:56:06:171
1.838;1.359;9.787;676.0;1.0;51.5;48.15645;11.53103;;NaN;;51.274;;0 / 18;1108222;2018-11-09 17:56:06:271
1.752;1.225;9.567;661.0;1.0;51.48;48.15645;11.53103;;NaN;;51.274;;0 / 18;1108322;2018-11-09 17:56:06:371
1.771;1.245;9.768;681.0;1.0;51.48;48.15645;11.53103;;NaN;;51.274;;0 / 18;1108421;2018-11-09 17:56:06:470
1.829;1.283;9.768;667.0;1.0;51.48;48.15645;11.53103;;NaN;;51.274;;0 / 18;1108521;2018-11-09 17:56:06:570
1.81;1.264;9.988;681.0;1.0;50.56;48.15645;11.53103;;NaN;;51.274;;0 / 18;1108621;2018-11-09 17:56:06:670
1.877;1.331;9.864;675.0;1.0;50.56;48.15645;11.53103;;NaN;;51.274;;0 / 18;1108721;2018-11-09 17:56:06:770
1.886;1.245;9.874;666.0;1.0;50.56;48.15645;11.53103;;NaN;;51.274;;0 / 18;1108822;2018-11-09 17:56:06:871
1.743;1.292;9.739;660.0;1.0;53.49;48.15645;11.53103;;NaN;;51.274;;0 / 18;1108922;2018-11-09 17:56:06:971
1.886;1.235;10.065;602.0;1.0;53.49;48.15645;11.53103;;NaN;;51.274;;0 / 18;1109022;2018-11-09 17:56:07:071
1.733;1.235;9.912;644.0;1.0;53.49;48.15645;11.53103;;NaN;;51.274;;0 / 18;1109122;2018-11-09 17:56:07:171
1.819;1.283;9.912;685.0;1.0;54.91;48.15645;11.53103;;NaN;;51.274;;0 / 18;1109222;2018-11-09 17:56:07:271
1.819;1.292;9.778;673.0;1.0;54.91;48.15645;11.53103;;NaN;;51.274;;0 / 18;1109322;2018-11-09 17:56:07:371
1.781;1.225;9.778;666.0;1.0;54.91;48.15645;11.53103;;NaN;;51.274;;0 / 18;1109422;2018-11-09 17:56:07:471
1.704;1.245;9.826;248.0;1.0;51.82;48.15645;11.53103;;NaN;;51.274;;0 / 18;1109521;2018-11-09 17:56:07:570
1.685;1.235;9.96;253.0;1.0;51.82;48.15645;11.53103;;NaN;;51.274;;0 / 18;1109621;2018-11-09 17:56:07:670
1.685;1.225;9.625;397.0;1.0;51.82;48.15645;11.53103;;NaN;;51.274;;0 / 18;1109721;2018-11-09 17:56:07:770
1.676;1.197;9.72;603.0;1.0;53.24;48.15645;11.53103;;NaN;;51.274;;0 / 18;1109821;2018-11-09 17:56:07:870
1.752;1.139;9.452;602.0;1.0;53.24;48.15645;11.53103;;NaN;;51.274;;0 / 18;1109922;2018-11-09 17:56:07:971
1.771;1.35;9.864;608.0;1.0;53.24;48.15645;11.53103;;NaN;;51.274;;0 / 18;1110021;2018-11-09 17:56:08:070
1.877;1.273;9.807;606.0;1.0;53.83;48.15645;11.53103;;NaN;;51.274;;0 / 18;1110121;2018-11-09 17:56:08:170
1.704;1.225;9.73;595.0;1.0;53.83;48.15645;11.53103;;NaN;;51.274;;0 / 18;1110221;2018-11-09 17:56:08:270
1.762;1.187;9.682;587.0;1.0;53.83;48.15645;11.53103;;NaN;;51.274;;0 / 18;1110322;2018-11-09 17:56:08:371
1.819;1.168;9.854;588.0;1.0;51.59;48.15645;11.53103;;NaN;;51.274;;0 / 18;1110422;2018-11-09 17:56:08:471
1.771;1.034;9.807;600.0;1.0;51.59;48.15645;11.53103;;NaN;;51.274;;0 / 18;1110522;2018-11-09 17:56:08:571
1.781;0.766;9.72;599.0;1.0;51.59;48.15709;11.52938;;NaN;;53.068;;0 / 18;1110622;2018-11-09 17:56:08:671
1.81;0.459;9.893;595.0;1.0;53.16;48.15709;11.52938;;NaN;;53.068;;0 / 18;1110721;2018-11-09 17:56:08:770
1.676;0.229;9.883;594.0;1.0;53.16;48.15709;11.52938;;NaN;;53.068;;0 / 18;1110822;2018-11-09 17:56:08:871
1.676;-0.105;10.324;601.0;1.0;53.16;48.15709;11.52938;;NaN;;53.068;;0 / 18;1110921;2018-11-09 17:56:08:970
1.695;-0.162;10.228;593.0;1.0;51.63;48.15709;11.52938;;NaN;;53.068;;0 / 18;1111021;2018-11-09 17:56:09:070
1.733;0.181;9.749;603.0;1.0;51.63;48.15709;11.52938;;NaN;;53.068;;0 / 18;1111122;2018-11-09 17:56:09:171
1.513;0.306;10.898;600.0;1.0;51.63;48.15709;11.52938;;NaN;;53.068;;0 / 18;1111222;2018-11-09 17:56:09:271
1.762;0.306;9.376;593.0;1.0;51.28;48.15709;11.52938;;NaN;;53.068;;0 / 18;1111322;2018-11-09 17:56:09:371
1.723;0.335;9.778;586.0;1.0;51.28;48.15709;11.52938;;NaN;;53.068;;0 / 18;1111421;2018-11-09 17:56:09:470
1.743;0.181;9.988;577.0;1.0;51.28;48.15709;11.52938;;NaN;;53.068;;0 / 18;1111521;2018-11-09 17:56:09:570
1.676;0.296;9.625;585.0;1.0;54.08;48.15709;11.52938;;NaN;;53.068;;0 / 18;1111621;2018-11-09 17:56:09:670
1.857;0.325;9.835;585.0;1.0;54.08;48.15709;11.52938;;NaN;;53.068;;0 / 18;1111722;2018-11-09 17:56:09:771
1.752;0.162;9.883;476.0;1.0;54.08;48.15709;11.52938;;NaN;;53.068;;0 / 18;1111822;2018-11-09 17:56:09:871
1.656;0.239;9.807;313.0;1.0;53.27;48.15709;11.52938;;NaN;;53.068;;0 / 18;1111922;2018-11-09 17:56:09:971
1.896;0.22;9.941;190.0;1.0;53.27;48.15709;11.52938;;NaN;;53.068;;0 / 18;1112022;2018-11-09 17:56:10:071
1.848;0.258;9.912;177.0;1.0;53.27;48.15709;11.52938;;NaN;;53.068;;0 / 18;1112121;2018-11-09 17:56:10:170
1.79;0.124;9.979;241.0;1.0;53.7;48.15709;11.52938;;NaN;;53.068;;0 / 18;1112221;2018-11-09 17:56:10:270
1.838;0.249;9.644;182.0;1.0;53.7;48.15709;11.52938;;NaN;;53.068;;0 / 18;1112322;2018-11-09 17:56:10:371
1.733;0.191;9.816;273.0;1.0;53.7;48.15709;11.52938;;NaN;;53.068;;0 / 18;1112422;2018-11-09 17:56:10:471
1.656;0.22;9.672;217.0;1.0;53.07;48.15709;11.52938;;NaN;;53.068;;0 / 18;1112522;2018-11-09 17:56:10:571
1.561;0.268;9.739;175.0;1.0;53.07;48.15709;11.52938;;NaN;;53.068;;0 / 18;1112622;2018-11-09 17:56:10:671
1.925;0.287;9.816;116.0;0.0;53.07;48.15709;11.52938;;NaN;;53.068;;0 / 18;1112722;2018-11-09 17:56:10:771
1.781;0.277;9.95;181.0;0.0;52.56;48.15709;11.52938;;NaN;;53.068;;0 / 18;1112821;2018-11-09 17:56:10:870
1.637;0.306;9.452;551.0;1.0;52.56;48.15709;11.52938;;NaN;;53.068;;0 / 18;1112921;2018-11-09 17:56:10:970
1.819;0.296;9.768;499.0;1.0;52.56;48.15709;11.52938;;NaN;;53.068;;0 / 18;1113021;2018-11-09 17:56:11:070
1.819;0.316;9.893;511.0;1.0;53.4;48.15709;11.52938;;NaN;;53.068;;0 / 18;1113121;2018-11-09 17:56:11:170
1.838;0.344;9.893;482.0;1.0;53.4;48.15709;11.52938;;NaN;;53.068;;0 / 18;1113221;2018-11-09 17:56:11:270
1.752;0.21;9.366;421.0;1.0;53.4;48.15709;11.52938;;NaN;;53.068;;0 / 18;1113322;2018-11-09 17:56:11:371
1.647;0.268;9.73;442.0;1.0;53.92;48.15709;11.52938;;NaN;;53.068;;0 / 18;1113422;2018-11-09 17:56:11:471
1.762;0.181;9.701;470.0;1.0;53.92;48.15709;11.52938;;NaN;;53.068;;0 / 18;1113522;2018-11-09 17:56:11:571
1.857;0.249;9.653;480.0;1.0;53.92;48.15709;11.52938;;NaN;;53.068;;0 / 18;1113621;2018-11-09 17:56:11:670
1.934;0.258;9.835;467.0;1.0;54.01;48.15709;11.52938;;NaN;;53.068;;0 / 18;1113721;2018-11-09 17:56:11:770
1.925;0.316;9.835;443.0;1.0;54.01;48.15709;11.52938;;NaN;;53.068;;0 / 18;1113821;2018-11-09 17:56:11:870
1.8;0.392;9.874;235.0;1.0;54.01;48.15709;11.52938;;NaN;;53.068;;0 / 18;1113922;2018-11-09 17:56:11:971
1.886;0.373;9.816;320.0;1.0;54.4;48.15709;11.52938;;NaN;;53.068;;0 / 18;1114022;2018-11-09 17:56:12:071
1.79;0.239;9.864;501.0;1.0;54.4;48.15709;11.52938;;NaN;;53.068;;0 / 18;1114122;2018-11-09 17:56:12:171
1.81;-0.22;9.864;566.0;1.0;54.4;48.15709;11.52938;;NaN;;53.068;;0 / 18;1114221;2018-11-09 17:56:12:270
1.752;0.057;9.548;604.0;1.0;53.29;48.15709;11.52938;;NaN;;53.068;;0 / 18;1114322;2018-11-09 17:56:12:371
1.829;0.411;9.308;624.0;1.0;53.29;48.15709;11.52938;;NaN;;53.068;;0 / 18;1114422;2018-11-09 17:56:12:471
1.743;-0.057;10.056;616.0;1.0;53.29;48.15709;11.52938;;NaN;;53.068;;0 / 18;1114522;2018-11-09 17:56:12:571
1.781;-0.153;10.199;609.0;1.0;51.06;48.15709;11.52938;;NaN;;53.068;;0 / 18;1114621;2018-11-09 17:56:12:670
1.81;0.019;9.27;626.0;1.0;51.06;48.15709;11.52938;;NaN;;53.068;;0 / 18;1114721;2018-11-09 17:56:12:770
1.79;-0.363;10.17;602.0;1.0;51.06;48.15709;11.52938;;NaN;;53.068;;0 / 18;1114821;2018-11-09 17:56:12:870
1.714;-0.469;9.73;622.0;1.0;53.14;48.15709;11.52938;;NaN;;53.068;;0 / 18;1114922;2018-11-09 17:56:12:971
1.857;-0.373;9.826;603.0;1.0;53.14;48.15709;11.52938;;NaN;;53.068;;0 / 18;1115022;2018-11-09 17:56:13:071
1.676;-0.392;9.567;628.0;1.0;53.14;48.15709;11.52938;;NaN;;53.068;;0 / 18;1115121;2018-11-09 17:56:13:170
1.781;-0.373;9.807;588.0;1.0;51.58;48.15709;11.52938;;NaN;;53.068;;0 / 18;1115222;2018-11-09 17:56:13:271
1.819;-0.153;9.625;296.0;1.0;51.58;48.15709;11.52938;;NaN;;53.068;;0 / 18;1115321;2018-11-09 17:56:13:370
1.877;-0.134;10.142;247.0;1.0;51.58;48.15709;11.52938;;NaN;;53.068;;0 / 18;1115422;2018-11-09 17:56:13:471
1.762;-0.277;9.883;247.0;0.0;50.66;48.15709;11.52938;;NaN;;53.068;;0 / 18;1115522;2018-11-09 17:56:13:571
1.762;-0.344;10.17;332.0;0.0;50.66;48.15709;11.52938;;NaN;;53.068;;0 / 18;1115622;2018-11-09 17:56:13:671
1.771;-0.344;9.931;147.0;0.0;50.66;48.15709;11.52938;;NaN;;53.068;;0 / 18;1115722;2018-11-09 17:56:13:771
1.896;-0.172;9.73;75.0;0.0;51.54;48.15709;11.52938;;NaN;;53.068;;0 / 18;1115821;2018-11-09 17:56:13:870
1.781;-0.239;9.653;76.0;0.0;51.54;48.15709;11.52938;;NaN;;53.068;;0 / 18;1115921;2018-11-09 17:56:13:970
1.925;-0.22;10.036;87.0;0.0;51.54;48.15709;11.52938;;NaN;;53.068;;0 / 18;1116021;2018-11-09 17:56:14:070
1.762;-0.258;9.72;84.0;0.0;50.58;48.15709;11.52938;;NaN;;53.068;;0 / 18;1116121;2018-11-09 17:56:14:170
1.848;-0.076;9.835;77.0;0.0;50.58;48.15709;11.52938;;NaN;;53.068;;0 / 18;1116221;2018-11-09 17:56:14:270
1.647;-0.172;10.257;61.0;0.0;50.58;48.15709;11.52938;;NaN;;53.068;;0 / 18;1116322;2018-11-09 17:56:14:371
1.886;-0.105;9.739;78.0;0.0;53.54;48.15709;11.52938;;NaN;;53.068;;0 / 18;1116422;2018-11-09 17:56:14:471
1.857;-0.162;10.075;162.0;0.0;53.54;48.15709;11.52938;;NaN;;53.068;;0 / 18;1116522;2018-11-09 17:56:14:571
1.8;-0.114;9.797;430.0;1.0;53.54;48.15709;11.52938;;NaN;;53.068;;0 / 18;1116622;2018-11-09 17:56:14:671
1.829;-0.124;9.797;231.0;1.0;52.31;48.15709;11.52938;;NaN;;53.068;;0 / 18;1116721;2018-11-09 17:56:14:770
1.781;-0.172;9.816;258.0;1.0;52.31;48.15709;11.52938;;NaN;;53.068;;0 / 18;1116821;2018-11-09 17:56:14:870
1.934;0.172;9.653;286.0;1.0;52.31;48.15709;11.52938;;NaN;;53.068;;0 / 18;1116921;2018-11-09 17:56:14:970
2.001;0.354;9.471;291.0;1.0;52.32;48.15709;11.52938;;NaN;;53.068;;0 / 18;1117021;2018-11-09 17:56:15:070
2.03;0.325;9.653;292.0;1.0;52.32;48.15709;11.52938;;NaN;;53.068;;0 / 18;1117121;2018-11-09 17:56:15:170
1.934;0.325;9.586;305.0;1.0;52.32;48.15709;11.52938;;NaN;;53.068;;0 / 18;1117222;2018-11-09 17:56:15:271
1.934;0.296;9.615;283.0;1.0;54.53;48.15709;11.52938;;NaN;;53.068;;0 / 18;1117322;2018-11-09 17:56:15:371
1.762;0.344;9.864;306.0;1.0;54.53;48.15709;11.52938;;NaN;;53.068;;0 / 18;1117422;2018-11-09 17:56:15:471
1.905;0.162;10.113;328.0;1.0;54.53;48.15709;11.52938;;NaN;;53.068;;0 / 18;1117521;2018-11-09 17:56:15:570
1.503;0.038;8.849;322.0;1.0;54.17;48.15709;11.52938;;NaN;;53.068;;0 / 18;1117621;2018-11-09 17:56:15:670
1.733;0.172;10.439;342.0;1.0;54.17;48.15709;11.52938;;NaN;;53.068;;0 / 18;1117721;2018-11-09 17:56:15:770
-2.652;-0.172;9.921;864.0;1.0;54.17;48.15709;11.52938;;NaN;;53.068;;0 / 18;1117822;2018-11-09 17:56:15:871
-1.331;0.478;9.95;539.0;1.0;54.88;48.15709;11.52938;;NaN;;53.068;;0 / 18;1117922;2018-11-09 17:56:15:971
-2.03;0.258;9.979;184.0;1.0;54.88;48.15709;11.52938;;NaN;;53.068;;0 / 18;1118022;2018-11-09 17:56:16:071
-2.863;0.086;9.644;155.0;1.0;54.88;48.15709;11.52938;;NaN;;53.068;;0 / 18;1118122;2018-11-09 17:56:16:171
-3.352;-0.325;10.142;175.0;1.0;54.66;48.15709;11.52938;;NaN;;53.068;;0 / 18;1118221;2018-11-09 17:56:16:270
2.949;0.038;11.636;316.0;1.0;54.66;48.15709;11.52938;;NaN;;53.068;;0 / 18;1118321;2018-11-09 17:56:16:370
-3.495;-0.028;9.854;458.0;1.0;54.66;48.15709;11.52938;;NaN;;53.068;;0 / 18;1118421;2018-11-09 17:56:16:470
-3.677;-0.21;10.065;504.0;1.0;53.51;48.15709;11.52938;;NaN;;53.068;;0 / 18;1118522;2018-11-09 17:56:16:571
-3.601;-0.268;9.902;508.0;0.0;53.51;48.15709;11.52938;;NaN;;53.068;;0 / 18;1118622;2018-11-09 17:56:16:671
-3.601;0.086;9.356;393.0;0.0;53.51;48.15709;11.52938;;NaN;;53.068;;0 / 18;1118722;2018-11-09 17:56:16:771
-4.893;-0.574;9.538;350.0;0.0;54.89;48.15709;11.52938;;NaN;;53.068;;0 / 18;1118821;2018-11-09 17:56:16:870
-4.52;-0.478;9.059;131.0;0.0;54.89;48.15709;11.52938;;NaN;;53.068;;0 / 18;1118922;2018-11-09 17:56:16:971
-5.401;0.699;8.696;99.0;0.0;54.89;48.15709;11.52938;;NaN;;53.068;;0 / 18;1119021;2018-11-09 17:56:17:070
-3.706;-0.114;9.826;99.0;0.0;55.64;48.15709;11.52938;;NaN;;53.068;;0 / 18;1119121;2018-11-09 17:56:17:170
-4.96;-0.201;9.184;74.0;0.0;55.64;48.15709;11.52938;;NaN;;53.068;;0 / 18;1119222;2018-11-09 17:56:17:271
-4.233;-0.584;10.266;65.0;0.0;55.64;48.15709;11.52938;;NaN;;53.068;;0 / 18;1119321;2018-11-09 17:56:17:370
-6.847;-0.651;8.954;82.0;1.0;54.81;48.15709;11.52938;;NaN;;53.068;;0 / 18;1119421;2018-11-09 17:56:17:470
-3.782;-0.89;9.778;110.0;1.0;54.81;48.15709;11.52938;;NaN;;53.068;;0 / 18;1119521;2018-11-09 17:56:17:570
-6.129;-0.545;8.763;155.0;1.0;54.81;48.15709;11.52938;;NaN;;53.068;;0 / 18;1119621;2018-11-09 17:56:17:670
-5.324;0.0;9.241;85.0;1.0;51.39;48.15709;11.52938;;NaN;;53.068;;0 / 18;1119721;2018-11-09 17:56:17:770
-5.219;-0.277;9.04;85.0;0.0;51.39;48.15709;11.52938;;NaN;;53.068;;0 / 18;1119822;2018-11-09 17:56:17:871
-4.28;-0.488;9.452;198.0;0.0;51.39;48.15709;11.52938;;NaN;;53.068;;0 / 18;1119926;2018-11-09 17:56:17:975
-4.367;-0.076;9.232;264.0;0.0;50.98;48.15709;11.52938;;NaN;;53.068;;0 / 18;1120022;2018-11-09 17:56:18:071
-4.233;-0.344;9.577;198.0;0.0;50.98;48.15709;11.52938;;NaN;;53.068;;0 / 18;1120121;2018-11-09 17:56:18:170
-3.763;-0.009;9.174;135.0;1.0;50.98;48.15709;11.52938;;NaN;;53.068;;0 / 18;1120221;2018-11-09 17:56:18:270
-3.984;-0.143;9.423;305.0;1.0;50.47;48.15709;11.52938;;NaN;;53.068;;0 / 18;1120321;2018-11-09 17:56:18:370
-3.735;-0.067;9.615;268.0;1.0;50.47;48.15709;11.52938;;NaN;;53.068;;0 / 18;1120421;2018-11-09 17:56:18:470
-3.821;-0.21;10.075;87.0;0.0;50.47;48.15709;11.52938;;NaN;;53.068;;0 / 18;1120521;2018-11-09 17:56:18:570
-3.399;-0.172;9.883;293.0;0.0;50.65;48.15709;11.52938;;NaN;;53.068;;0 / 18;1120622;2018-11-09 17:56:18:671
-3.945;-0.469;9.251;313.0;0.0;50.65;48.15709;11.52938;;NaN;;53.068;;0 / 18;1120723;2018-11-09 17:56:18:772
-3.591;-0.383;9.96;298.0;0.0;50.65;48.15709;11.52938;;NaN;;53.068;;0 / 18;1120821;2018-11-09 17:56:18:870
-3.878;-0.287;9.73;291.0;0.0;52.25;48.15709;11.52938;;NaN;;53.068;;0 / 18;1120922;2018-11-09 17:56:18:971
-3.84;-0.478;9.835;295.0;0.0;52.25;48.15709;11.52938;;NaN;;53.068;;0 / 18;1121022;2018-11-09 17:56:19:071
-3.945;-0.727;9.711;270.0;0.0;52.25;48.15709;11.52938;;NaN;;53.068;;0 / 18;1121121;2018-11-09 17:56:19:170
-4.051;-0.842;9.96;108.0;0.0;52.6;48.15709;11.52938;;NaN;;53.068;;0 / 18;1121222;2018-11-09 17:56:19:271
-3.677;-0.612;9.826;120.0;1.0;52.6;48.15709;11.52938;;NaN;;53.068;;0 / 18;1121322;2018-11-09 17:56:19:371
-3.754;-0.593;10.151;269.0;1.0;52.6;48.15709;11.52938;;NaN;;53.068;;0 / 18;1121421;2018-11-09 17:56:19:470
-3.658;-0.545;9.816;237.0;1.0;55.29;48.15709;11.52938;;NaN;;53.068;;0 / 18;1121522;2018-11-09 17:56:19:571
-3.304;-0.373;10.151;67.0;0.0;55.29;48.15709;11.52938;;NaN;;53.068;;0 / 18;1121622;2018-11-09 17:56:19:671
-3.591;-0.526;10.142;323.0;0.0;55.29;48.15709;11.52938;;NaN;;53.068;;0 / 18;1121722;2018-11-09 17:56:19:771
-3.543;-0.565;10.439;312.0;0.0;52.78;48.15709;11.52938;;NaN;;53.068;;0 / 18;1121822;2018-11-09 17:56:19:871
-3.524;-0.66;9.988;303.0;0.0;52.78;48.15709;11.52938;;NaN;;53.068;;0 / 18;1121922;2018-11-09 17:56:19:971
-3.179;-0.498;10.63;260.0;0.0;52.78;48.15709;11.52938;;NaN;;53.068;;0 / 18;1122021;2018-11-09 17:56:20:070
-3.217;-0.574;9.998;266.0;0.0;52.78;48.15709;11.52938;;NaN;;53.068;;0 / 18;1122121;2018-11-09 17:56:20:170
-3.409;-0.747;10.467;255.0;0.0;52.46;48.15709;11.52938;;NaN;;53.068;;0 / 18;1122221;2018-11-09 17:56:20:270
-3.495;-0.574;10.458;260.0;0.0;52.46;48.15709;11.52938;;NaN;;53.068;;0 / 18;1122322;2018-11-09 17:56:20:371
-3.352;-0.478;10.123;67.0;0.0;52.46;48.15709;11.52938;;NaN;;53.068;;0 / 18;1122422;2018-11-09 17:56:20:471
-3.945;-0.766;10.448;133.0;0.0;53.04;48.15709;11.52938;;NaN;;53.068;;0 / 18;1122522;2018-11-09 17:56:20:571
-3.438;-0.507;10.228;300.0;1.0;53.04;48.15709;11.52938;;NaN;;53.068;;0 / 18;1122621;2018-11-09 17:56:20:670
-3.792;-0.727;9.969;150.0;1.0;53.04;48.15709;11.52938;;NaN;;53.068;;0 / 18;1122721;2018-11-09 17:56:20:770
-3.179;-0.354;9.941;356.0;0.0;52.01;48.15709;11.52938;;NaN;;53.068;;0 / 18;1122822;2018-11-09 17:56:20:871
-3.409;-0.526;10.084;345.0;0.0;52.01;48.15709;11.52938;;NaN;;53.068;;0 / 18;1122922;2018-11-09 17:56:20:971
-3.466;-0.612;10.314;323.0;0.0;52.01;48.15709;11.52938;;NaN;;53.068;;0 / 18;1123022;2018-11-09 17:56:21:071
-3.533;-0.727;9.807;46.0;0.0;50.92;48.15709;11.52938;;NaN;;53.068;;0 / 18;1123121;2018-11-09 17:56:21:170
-3.792;-0.708;10.352;89.0;1.0;50.92;48.15709;11.52938;;NaN;;53.068;;0 / 18;1123221;2018-11-09 17:56:21:270
-3.591;-0.833;10.18;76.0;1.0;50.92;48.15709;11.52938;;NaN;;53.068;;0 / 18;1123322;2018-11-09 17:56:21:371
-3.888;-0.842;9.921;71.0;0.0;52.43;48.15709;11.52938;;NaN;;53.068;;0 / 18;1123422;2018-11-09 17:56:21:471
-3.533;-0.89;10.285;277.0;0.0;52.43;48.15709;11.52938;;NaN;;53.068;;0 / 18;1123522;2018-11-09 17:56:21:571
-3.495;-0.775;10.477;278.0;0.0;52.43;48.15709;11.52938;;NaN;;53.068;;0 / 18;1123622;2018-11-09 17:56:21:671
-3.457;-0.66;9.874;255.0;0.0;54.23;48.15709;11.52938;;NaN;;53.068;;0 / 18;1123721;2018-11-09 17:56:21:770
-3.821;-0.928;10.352;264.0;0.0;54.23;48.15709;11.52938;;NaN;;53.068;;0 / 18;1123821;2018-11-09 17:56:21:870
-3.313;-0.794;10.41;276.0;0.0;54.23;48.15709;11.52938;;NaN;;53.068;;0 / 18;1123921;2018-11-09 17:56:21:970
-3.601;-0.909;9.854;284.0;0.0;52.33;48.15709;11.52938;;NaN;;53.068;;0 / 18;1124022;2018-11-09 17:56:22:071
-3.457;-1.12;10.458;310.0;1.0;52.33;48.15709;11.52938;;NaN;;53.068;;0 / 18;1124122;2018-11-09 17:56:22:171
-3.466;-0.727;10.17;329.0;1.0;52.33;48.15709;11.52938;;NaN;;53.068;;0 / 18;1124222;2018-11-09 17:56:22:271
-3.284;-0.89;10.19;352.0;1.0;52.51;48.15709;11.52938;;NaN;;53.068;;0 / 18;1124321;2018-11-09 17:56:22:370
-3.658;-0.909;10.285;347.0;1.0;52.51;48.15709;11.52938;;NaN;;53.068;;0 / 18;1124421;2018-11-09 17:56:22:470
-3.591;-0.861;9.988;309.0;1.0;52.51;48.15709;11.52938;;NaN;;53.068;;0 / 18;1124521;2018-11-09 17:56:22:570
-3.639;-0.861;10.151;144.0;1.0;52.11;48.15709;11.52938;;NaN;;53.068;;0 / 18;1124622;2018-11-09 17:56:22:671
-3.668;-1.015;10.103;120.0;1.0;52.11;48.15709;11.52938;;NaN;;53.068;;0 / 18;1124722;2018-11-09 17:56:22:771
-3.706;-0.967;10.19;178.0;1.0;52.11;48.15709;11.52938;;NaN;;53.068;;0 / 18;1124822;2018-11-09 17:56:22:871
-3.639;-1.12;10.027;83.0;1.0;51.4;48.15709;11.52938;;NaN;;53.068;;0 / 18;1124922;2018-11-09 17:56:22:971
-3.725;-0.967;10.18;83.0;0.0;51.4;48.15709;11.52938;;NaN;;53.068;;0 / 18;1125022;2018-11-09 17:56:23:071
-3.601;-1.005;9.988;308.0;0.0;51.4;48.15709;11.52938;;NaN;;53.068;;0 / 18;1125122;2018-11-09 17:56:23:171
-3.601;-1.063;10.352;329.0;0.0;52.3;48.15709;11.52938;;NaN;;53.068;;0 / 18;1125221;2018-11-09 17:56:23:270
-3.677;-1.082;10.123;335.0;0.0;52.3;48.15709;11.52938;;NaN;;53.068;;0 / 18;1125321;2018-11-09 17:56:23:370
-3.648;-1.024;10.123;352.0;0.0;52.3;48.15709;11.52938;;NaN;;53.068;;0 / 18;1125422;2018-11-09 17:56:23:471
-3.629;-1.043;10.094;363.0;1.0;50.69;48.15709;11.52938;;NaN;;53.068;;0 / 18;1125522;2018-11-09 17:56:23:571
-3.677;-1.043;10.19;365.0;1.0;50.69;48.15709;11.52938;;NaN;;53.068;;0 / 18;1125622;2018-11-09 17:56:23:671
-3.668;-1.043;10.352;375.0;1.0;50.69;48.15709;11.52938;;NaN;;53.068;;0 / 18;1125721;2018-11-09 17:56:23:770
-3.715;-1.063;10.113;209.0;1.0;51.08;48.15709;11.52938;;NaN;;53.068;;0 / 18;1125821;2018-11-09 17:56:23:870
-3.601;-1.072;10.017;154.0;1.0;51.08;48.15709;11.52938;;NaN;;53.068;;0 / 18;1125922;2018-11-09 17:56:23:971
-3.648;-0.976;10.132;274.0;1.0;51.08;48.15709;11.52938;;NaN;;53.068;;0 / 18;1126022;2018-11-09 17:56:24:071
-3.553;-1.149;10.151;295.0;1.0;50.78;48.15709;11.52938;;NaN;;53.068;;0 / 18;1126122;2018-11-09 17:56:24:171
-3.735;-1.225;10.132;232.0;1.0;50.78;48.15709;11.52938;;NaN;;53.068;;0 / 18;1126221;2018-11-09 17:56:24:270
-3.457;-1.206;10.343;106.0;0.0;50.78;48.15709;11.52938;;NaN;;53.068;;0 / 18;1126321;2018-11-09 17:56:24:370
-3.581;-1.254;10.534;263.0;0.0;48.29;48.15709;11.52938;;NaN;;53.068;;0 / 18;1126421;2018-11-09 17:56:24:470
-3.581;-1.312;9.749;140.0;1.0;48.29;48.15709;11.52938;;NaN;;53.068;;0 / 18;1126522;2018-11-09 17:56:24:571
-3.84;-1.522;10.18;294.0;1.0;48.29;48.15709;11.52938;;NaN;;53.068;;0 / 18;1126622;2018-11-09 17:56:24:671
-3.428;-1.177;9.998;326.0;1.0;51.59;48.15709;11.52938;;NaN;;53.068;;0 / 18;1126722;2018-11-09 17:56:24:771
-3.725;-1.292;10.237;102.0;0.0;51.59;48.15709;11.52938;;NaN;;53.068;;0 / 18;1126821;2018-11-09 17:56:24:870
-3.572;-1.321;9.931;271.0;0.0;51.59;48.15709;11.52938;;NaN;;53.068;;0 / 18;1126921;2018-11-09 17:56:24:970
-3.725;-1.283;10.218;295.0;0.0;48.75;48.15709;11.52938;;NaN;;53.068;;0 / 18;1127021;2018-11-09 17:56:25:070
-3.601;-1.273;9.902;313.0;0.0;48.75;48.15709;11.52938;;NaN;;53.068;;0 / 18;1127122;2018-11-09 17:56:25:171
-3.725;-1.331;10.314;317.0;0.0;48.75;48.15709;11.52938;;NaN;;53.068;;0 / 18;1127223;2018-11-09 17:56:25:272
-3.639;-1.292;10.113;335.0;0.0;46.31;48.15709;11.52938;;NaN;;53.068;;0 / 18;1127322;2018-11-09 17:56:25:371
-3.486;-1.168;9.95;351.0;0.0;46.31;48.15709;11.52938;;NaN;;53.068;;0 / 18;1127421;2018-11-09 17:56:25:470
-3.61;-1.197;10.017;368.0;0.0;46.31;48.15709;11.52938;;NaN;;53.068;;0 / 18;1127521;2018-11-09 17:56:25:570
-3.629;-1.359;9.845;367.0;0.0;46.11;48.15709;11.52938;;NaN;;53.068;;0 / 18;1127621;2018-11-09 17:56:25:670
-3.514;-1.273;10.056;364.0;0.0;46.11;48.15709;11.52938;;NaN;;53.068;;0 / 18;1127721;2018-11-09 17:56:25:770
-3.725;-1.388;10.18;324.0;0.0;46.11;48.15709;11.52938;;NaN;;53.068;;0 / 18;1127821;2018-11-09 17:56:25:870
-3.352;-1.168;10.333;308.0;0.0;46.18;48.15709;11.52938;;NaN;;53.068;;0 / 18;1127922;2018-11-09 17:56:25:971
-3.514;-1.225;10.151;364.0;0.0;46.18;48.15709;11.52938;;NaN;;53.068;;0 / 18;1128022;2018-11-09 17:56:26:071
-3.524;-1.331;10.103;379.0;0.0;46.18;48.15709;11.52938;;NaN;;53.068;;0 / 18;1128122;2018-11-09 17:56:26:171
-3.428;-1.254;10.094;395.0;0.0;44.79;48.15709;11.52938;;NaN;;53.068;;0 / 18;1128222;2018-11-09 17:56:26:271
-3.572;-1.216;9.826;391.0;0.0;44.79;48.15709;11.52938;;NaN;;53.068;;0 / 18;1128322;2018-11-09 17:56:26:371
-3.639;-0.536;9.816;383.0;0.0;44.79;48.15709;11.52938;;NaN;;53.068;;0 / 18;1128421;2018-11-09 17:56:26:470
-3.878;0.181;9.356;240.0;0.0;47.37;48.15709;11.52938;;NaN;;53.068;;0 / 18;1128521;2018-11-09 17:56:26:570
-3.543;0.316;9.031;184.0;0.0;47.37;48.15709;11.52938;;NaN;;53.068;;0 / 18;1128621;2018-11-09 17:56:26:670
-3.486;0.363;9.49;329.0;0.0;47.37;48.15709;11.52938;;NaN;;53.068;;0 / 18;1128722;2018-11-09 17:56:26:771
-3.658;0.478;8.973;391.0;0.0;47.26;48.15709;11.52938;;NaN;;53.068;;0 / 18;1128822;2018-11-09 17:56:26:871
-3.533;0.545;8.945;438.0;1.0;47.26;48.15709;11.52938;;NaN;;53.068;;0 / 18;1128921;2018-11-09 17:56:26:970
-3.782;0.392;9.318;441.0;1.0;47.26;48.15709;11.52938;;NaN;;53.068;;0 / 18;1129021;2018-11-09 17:56:27:070
-3.725;0.076;9.462;472.0;1.0;43.19;48.15709;11.52938;;NaN;;53.068;;0 / 18;1129122;2018-11-09 17:56:27:171
-3.83;0.651;8.514;373.0;1.0;43.19;48.15709;11.52938;;NaN;;53.068;;0 / 18;1129222;2018-11-09 17:56:27:271
-3.802;0.555;9.021;373.0;1.0;43.19;48.15709;11.52938;;NaN;;53.068;;0 / 18;1129322;2018-11-09 17:56:27:371
-3.735;0.785;8.983;198.0;1.0;47.26;48.15709;11.52938;;NaN;;53.068;;0 / 18;1129422;2018-11-09 17:56:27:471
-3.668;0.842;8.925;333.0;1.0;47.26;48.15709;11.52938;;NaN;;53.068;;0 / 18;1129522;2018-11-09 17:56:27:571
-3.61;0.478;8.954;282.0;1.0;47.26;48.15709;11.52938;;NaN;;53.068;;0 / 18;1129621;2018-11-09 17:56:27:670
-3.696;0.478;9.059;108.0;1.0;52.41;48.15709;11.52938;;NaN;;53.068;;0 / 18;1129722;2018-11-09 17:56:27:771
-3.668;0.459;9.337;120.0;0.0;52.41;48.15709;11.52938;;NaN;;53.068;;0 / 18;1129822;2018-11-09 17:56:27:871
-3.706;0.373;9.289;267.0;0.0;52.41;48.15709;11.52938;;NaN;;53.068;;0 / 18;1129921;2018-11-09 17:56:27:970
-3.792;0.383;9.059;369.0;0.0;55.11;48.15709;11.52938;;NaN;;53.068;;0 / 18;1130021;2018-11-09 17:56:28:070
-3.677;0.526;9.136;401.0;0.0;55.11;48.15709;11.52938;;NaN;;53.068;;0 / 18;1130121;2018-11-09 17:56:28:170
-3.744;0.488;9.098;407.0;0.0;55.11;48.15709;11.52938;;NaN;;53.068;;0 / 18;1130222;2018-11-09 17:56:28:271
-3.792;0.641;7.891;410.0;1.0;44.36;48.15709;11.52938;;NaN;;53.068;;0 / 18;1130321;2018-11-09 17:56:28:370
-3.706;0.66;9.05;422.0;1.0;44.36;48.15709;11.52938;;NaN;;53.068;;0 / 18;1130421;2018-11-09 17:56:28:470
-3.706;0.507;8.954;447.0;1.0;44.36;48.15709;11.52938;;NaN;;53.068;;0 / 18;1130521;2018-11-09 17:56:28:570
-3.715;0.478;9.194;449.0;1.0;46.29;48.15709;11.52938;;NaN;;53.068;;0 / 18;1130622;2018-11-09 17:56:28:671
-3.744;0.383;9.194;451.0;1.0;46.29;48.15709;11.52938;;NaN;;53.068;;0 / 18;1130722;2018-11-09 17:56:28:771
-3.763;0.421;9.059;436.0;1.0;46.29;48.15709;11.52938;;NaN;;53.068;;0 / 18;1130821;2018-11-09 17:56:28:870
-3.782;0.478;9.222;448.0;1.0;45.1;48.15709;11.52938;;NaN;;53.068;;0 / 18;1130921;2018-11-09 17:56:28:970
-3.782;0.574;9.27;455.0;1.0;45.1;48.15709;11.52938;;NaN;;53.068;;0 / 18;1131021;2018-11-09 17:56:29:070
-3.725;0.507;9.088;397.0;1.0;45.1;48.15709;11.52938;;NaN;;53.068;;0 / 18;1131122;2018-11-09 17:56:29:171
-3.715;0.507;8.983;369.0;1.0;44.6;48.15709;11.52938;;NaN;;53.068;;0 / 18;1131222;2018-11-09 17:56:29:271
-3.696;0.565;8.925;163.0;0.0;44.6;48.15709;11.52938;;NaN;;53.068;;0 / 18;1131322;2018-11-09 17:56:29:371
-3.84;0.536;9.088;59.0;0.0;44.6;48.15709;11.52938;;NaN;;53.068;;0 / 18;1131422;2018-11-09 17:56:29:471
-3.744;0.402;9.203;80.0;0.0;43.85;48.15709;11.52938;;NaN;;53.068;;0 / 18;1131521;2018-11-09 17:56:29:570
-3.725;0.517;9.079;396.0;0.0;43.85;48.15709;11.52938;;NaN;;53.068;;0 / 18;1131621;2018-11-09 17:56:29:670
-3.706;0.574;8.945;421.0;1.0;43.85;48.15685;11.52763;;NaN;;62.783;;0 / 18;1131721;2018-11-09 17:56:29:770
-3.811;0.536;9.155;447.0;1.0;44.32;48.15685;11.52763;;NaN;;62.783;;0 / 18;1131821;2018-11-09 17:56:29:870
-3.581;0.641;8.609;454.0;1.0;44.32;48.15685;11.52763;;NaN;;62.783;;0 / 18;1131921;2018-11-09 17:56:29:970
-3.735;0.488;9.088;463.0;1.0;44.32;48.15685;11.52763;;NaN;;62.783;;0 / 18;1132022;2018-11-09 17:56:30:071
-3.715;0.488;9.136;454.0;1.0;44.23;48.15685;11.52763;;NaN;;62.783;;0 / 18;1132122;2018-11-09 17:56:30:171
-3.802;0.507;8.925;444.0;1.0;44.23;48.15685;11.52763;;NaN;;62.783;;0 / 18;1132222;2018-11-09 17:56:30:271
-3.782;0.498;9.031;390.0;0.0;44.23;48.15685;11.52763;;NaN;;62.783;;0 / 18;1132322;2018-11-09 17:56:30:371
-3.802;0.43;9.079;84.0;0.0;53.98;48.15685;11.52763;;NaN;;62.783;;0 / 18;1132422;2018-11-09 17:56:30:471
-3.821;0.363;9.117;245.0;1.0;53.98;48.15685;11.52763;;NaN;;62.783;;0 / 18;1132522;2018-11-09 17:56:30:571
-3.897;0.373;9.194;341.0;1.0;53.98;48.15685;11.52763;;NaN;;62.783;;0 / 18;1132622;2018-11-09 17:56:30:671
-3.754;0.584;8.925;349.0;1.0;40.39;48.15685;11.52763;;NaN;;62.783;;0 / 18;1132722;2018-11-09 17:56:30:771
-3.754;0.421;9.136;353.0;1.0;40.39;48.15685;11.52763;;NaN;;62.783;;0 / 18;1132822;2018-11-09 17:56:30:871
-3.658;0.536;9.203;368.0;1.0;40.39;48.15685;11.52763;;NaN;;62.783;;0 / 18;1132922;2018-11-09 17:56:30:971
-3.629;0.526;9.184;393.0;1.0;39.96;48.15685;11.52763;;NaN;;62.783;;0 / 18;1133022;2018-11-09 17:56:31:071
-3.715;0.498;9.079;398.0;1.0;39.96;48.15685;11.52763;;NaN;;62.783;;0 / 18;1133121;2018-11-09 17:56:31:170
-3.553;0.507;8.6;336.0;1.0;39.96;48.15685;11.52763;;NaN;;62.783;;0 / 18;1133221;2018-11-09 17:56:31:270
-3.725;0.44;9.213;197.0;1.0;43.36;48.15685;11.52763;;NaN;;62.783;;0 / 18;1133321;2018-11-09 17:56:31:370
-3.744;0.469;9.27;467.0;1.0;43.36;48.15685;11.52763;;NaN;;62.783;;0 / 18;1133421;2018-11-09 17:56:31:470
-3.735;0.507;9.127;453.0;1.0;43.36;48.15685;11.52763;;NaN;;62.783;;0 / 18;1133521;2018-11-09 17:56:31:570
-3.696;0.478;9.031;456.0;1.0;39.61;48.15685;11.52763;;NaN;;62.783;;0 / 18;1133622;2018-11-09 17:56:31:671
-3.639;0.45;9.146;365.0;1.0;39.61;48.15685;11.52763;;NaN;;62.783;;0 / 18;1133722;2018-11-09 17:56:31:771
-3.706;0.507;9.012;140.0;1.0;39.61;48.15685;11.52763;;NaN;;62.783;;0 / 18;1133822;2018-11-09 17:56:31:871
-3.782;0.402;9.079;60.0;0.0;39.04;48.15685;11.52763;;NaN;;62.783;;0 / 18;1133922;2018-11-09 17:56:31:971
-3.658;0.43;9.318;88.0;0.0;39.04;48.15685;11.52763;;NaN;;62.783;;0 / 18;1134022;2018-11-09 17:56:32:071
-3.639;0.545;9.423;464.0;0.0;39.04;48.15685;11.52763;;NaN;;62.783;;0 / 18;1134122;2018-11-09 17:56:32:171
-3.744;0.593;8.858;464.0;1.0;39.54;48.15685;11.52763;;NaN;;62.783;;0 / 18;1134221;2018-11-09 17:56:32:270
-3.668;0.498;9.222;492.0;1.0;39.54;48.15685;11.52763;;NaN;;62.783;;0 / 18;1134321;2018-11-09 17:56:32:370
-3.61;0.498;8.916;478.0;1.0;39.54;48.15685;11.52763;;NaN;;62.783;;0 / 18;1134421;2018-11-09 17:56:32:470
-3.821;0.756;9.05;497.0;1.0;40.09;48.15685;11.52763;;NaN;;62.783;;0 / 18;1134521;2018-11-09 17:56:32:570
-3.715;0.383;9.519;468.0;1.0;40.09;48.15685;11.52763;;NaN;;62.783;;0 / 18;1134622;2018-11-09 17:56:32:671
-3.668;0.536;9.184;451.0;1.0;40.09;48.15685;11.52763;;NaN;;62.783;;0 / 18;1134722;2018-11-09 17:56:32:771
-3.495;0.545;9.213;108.0;1.0;39.89;48.15685;11.52763;;NaN;;62.783;;0 / 18;1134822;2018-11-09 17:56:32:871
-3.715;0.593;8.935;128.0;1.0;39.89;48.15685;11.52763;;NaN;;62.783;;0 / 18;1134921;2018-11-09 17:56:32:970
-3.572;0.555;9.04;267.0;1.0;39.89;48.15685;11.52763;;NaN;;62.783;;0 / 18;1135021;2018-11-09 17:56:33:070
-3.562;0.526;9.05;372.0;1.0;41.46;48.15685;11.52763;;NaN;;62.783;;0 / 18;1135121;2018-11-09 17:56:33:170
-3.62;0.584;9.069;408.0;1.0;41.46;48.15685;11.52763;;NaN;;62.783;;0 / 18;1135222;2018-11-09 17:56:33:271
-3.562;0.584;9.012;107.0;1.0;41.46;48.15685;11.52763;;NaN;;62.783;;0 / 18;1135322;2018-11-09 17:56:33:371
-3.543;0.555;9.059;85.0;1.0;39.63;48.15685;11.52763;;NaN;;62.783;;0 / 18;1135422;2018-11-09 17:56:33:471
-3.572;0.555;9.107;66.0;1.0;39.63;48.15685;11.52763;;NaN;;62.783;;0 / 18;1135521;2018-11-09 17:56:33:570
-3.524;0.545;9.251;67.0;1.0;39.63;48.15685;11.52763;;NaN;;62.783;;0 / 18;1135621;2018-11-09 17:56:33:670
-3.601;0.536;9.127;46.0;1.0;39.7;48.15685;11.52763;;NaN;;62.783;;0 / 18;1135721;2018-11-09 17:56:33:770
-3.581;0.545;8.992;47.0;0.0;39.7;48.15685;11.52763;;NaN;;62.783;;0 / 18;1135822;2018-11-09 17:56:33:871
-3.581;0.555;8.983;59.0;0.0;39.7;48.15685;11.52763;;NaN;;62.783;;0 / 18;1135922;2018-11-09 17:56:33:971
-3.553;0.555;9.404;64.0;0.0;39.37;48.15685;11.52763;;NaN;;62.783;;0 / 18;1136022;2018-11-09 17:56:34:071
-3.648;0.545;9.136;52.0;0.0;39.37;48.15685;11.52763;;NaN;;62.783;;0 / 18;1136121;2018-11-09 17:56:34:170
-3.572;0.526;9.117;51.0;0.0;39.37;48.15685;11.52763;;NaN;;62.783;;0 / 18;1136221;2018-11-09 17:56:34:270
-3.648;0.555;9.059;49.0;0.0;40.4;48.15685;11.52763;;NaN;;62.783;;0 / 18;1136322;2018-11-09 17:56:34:371
-3.648;0.574;9.098;48.0;0.0;40.4;48.15685;11.52763;;NaN;;62.783;;0 / 18;1136422;2018-11-09 17:56:34:471
-3.524;0.574;9.059;36.0;0.0;40.4;48.15685;11.52763;;NaN;;62.783;;0 / 18;1136522;2018-11-09 17:56:34:571
-3.591;0.536;9.107;38.0;0.0;40.3;48.15685;11.52763;;NaN;;62.783;;0 / 18;1136622;2018-11-09 17:56:34:671
-3.562;0.574;9.117;45.0;0.0;40.3;48.15685;11.52763;;NaN;;62.783;;0 / 18;1136721;2018-11-09 17:56:34:770
-3.581;0.555;9.174;50.0;0.0;40.3;48.15685;11.52763;;NaN;;62.783;;0 / 18;1136821;2018-11-09 17:56:34:870
-3.581;0.565;9.107;29.0;0.0;38.69;48.15685;11.52763;;NaN;;62.783;;0 / 18;1136922;2018-11-09 17:56:34:971
-3.629;0.574;9.059;46.0;0.0;38.69;48.15685;11.52763;;NaN;;62.783;;0 / 18;1137022;2018-11-09 17:56:35:071
-3.62;0.498;9.184;37.0;0.0;38.69;48.15685;11.52763;;NaN;;62.783;;0 / 18;1137122;2018-11-09 17:56:35:171
-3.562;0.526;9.184;48.0;0.0;37.82;48.15685;11.52763;;NaN;;62.783;;0 / 18;1137222;2018-11-09 17:56:35:271
-3.572;0.603;9.155;37.0;0.0;37.82;48.15685;11.52763;;NaN;;62.783;;0 / 18;1137321;2018-11-09 17:56:35:370
-3.284;0.565;9.127;53.0;0.0;37.82;48.15685;11.52763;;NaN;;62.783;;0 / 18;1137422;2018-11-09 17:56:35:471
-3.466;0.44;9.519;48.0;0.0;38.28;48.15685;11.52763;;NaN;;62.783;;0 / 18;1137522;2018-11-09 17:56:35:571
-3.495;0.555;9.146;92.0;0.0;38.28;48.15685;11.52763;;NaN;;62.783;;0 / 18;1137622;2018-11-09 17:56:35:671
-3.629;0.249;9.28;71.0;0.0;38.28;48.15685;11.52763;;NaN;;62.783;;0 / 18;1137722;2018-11-09 17:56:35:771
-3.198;0.517;9.232;77.0;0.0;38.28;48.15685;11.52763;;NaN;;62.783;;0 / 18;1137822;2018-11-09 17:56:35:871
-3.179;0.498;9.194;49.0;0.0;39.77;48.15685;11.52763;;NaN;;62.783;;0 / 18;1137922;2018-11-09 17:56:35:971
-3.246;0.565;9.222;65.0;0.0;39.77;48.15685;11.52763;;NaN;;62.783;;0 / 18;1138022;2018-11-09 17:56:36:071
-2.901;0.488;9.739;43.0;0.0;39.77;48.15685;11.52763;;NaN;;62.783;;0 / 18;1138122;2018-11-09 17:56:36:171
-3.246;0.43;8.916;39.0;0.0;42.88;48.15685;11.52763;;NaN;;62.783;;0 / 18;1138222;2018-11-09 17:56:36:271
-3.074;0.526;9.356;71.0;0.0;42.88;48.15685;11.52763;;NaN;;62.783;;0 / 18;1138322;2018-11-09 17:56:36:371
-3.064;0.498;9.443;103.0;0.0;42.88;48.15685;11.52763;;NaN;;62.783;;0 / 18;1138422;2018-11-09 17:56:36:471
-2.94;0.699;9.538;81.0;0.0;41.69;48.15685;11.52763;;NaN;;62.783;;0 / 18;1138522;2018-11-09 17:56:36:571
-2.748;0.383;9.433;410.0;0.0;41.69;48.15685;11.52763;;NaN;;62.783;;0 / 18;1138622;2018-11-09 17:56:36:671
-2.997;0.881;9.213;614.0;0.0;41.69;48.15685;11.52763;;NaN;;62.783;;0 / 18;1138721;2018-11-09 17:56:36:770
-2.978;0.66;9.347;754.0;1.0;43.67;48.15685;11.52763;;NaN;;62.783;;0 / 18;1138821;2018-11-09 17:56:36:870
-2.844;0.641;9.328;777.0;1.0;43.67;48.15685;11.52763;;NaN;;62.783;;0 / 18;1138921;2018-11-09 17:56:36:970
-2.892;0.641;9.395;802.0;1.0;43.67;48.15685;11.52763;;NaN;;62.783;;0 / 18;1139022;2018-11-09 17:56:37:071
-2.039;-0.794;11.071;803.0;1.0;43.97;48.15685;11.52763;;NaN;;62.783;;0 / 18;1139122;2018-11-09 17:56:37:171
-3.735;1.551;8.801;794.0;1.0;43.97;48.15685;11.52763;;NaN;;62.783;;0 / 18;1139222;2018-11-09 17:56:37:271
-2.327;1.216;9.931;794.0;0.0;43.97;48.15685;11.52763;;NaN;;62.783;;0 / 18;1139322;2018-11-09 17:56:37:371
-2.413;0.938;9.931;431.0;0.0;44.38;48.15685;11.52763;;NaN;;62.783;;0 / 18;1139422;2018-11-09 17:56:37:471
-2.202;0.498;9.72;120.0;0.0;44.38;48.15685;11.52763;;NaN;;62.783;;0 / 18;1139521;2018-11-09 17:56:37:570
-2.174;0.66;9.768;368.0;0.0;44.38;48.15685;11.52763;;NaN;;62.783;;0 / 18;1139621;2018-11-09 17:56:37:670
-2.078;0.593;9.816;567.0;0.0;45.88;48.15685;11.52763;;NaN;;62.783;;0 / 18;1139721;2018-11-09 17:56:37:770
-1.762;0.689;9.883;749.0;0.0;45.88;48.15685;11.52763;;NaN;;62.783;;0 / 18;1139821;2018-11-09 17:56:37:870
-1.867;0.842;9.644;905.0;0.0;45.88;48.15685;11.52763;;NaN;;62.783;;0 / 18;1139921;2018-11-09 17:56:37:970
-1.695;0.555;9.232;986.0;0.0;49.46;48.15685;11.52763;;NaN;;62.783;;0 / 18;1140022;2018-11-09 17:56:38:071
-1.034;0.938;9.816;986.0;1.0;49.46;48.15685;11.52763;;NaN;;62.783;;0 / 18;1140121;2018-11-09 17:56:38:170
-0.478;1.034;9.807;1348.0;1.0;49.46;48.15685;11.52763;;NaN;;62.783;;0 / 18;1140221;2018-11-09 17:56:38:270
0.0;0.679;9.72;1413.0;1.0;46.39;48.15685;11.52763;;NaN;;62.783;;0 / 18;1140322;2018-11-09 17:56:38:371
0.603;0.229;10.084;1227.0;1.0;46.39;48.15685;11.52763;;NaN;;62.783;;0 / 18;1140422;2018-11-09 17:56:38:471
0.632;0.201;9.845;1143.0;1.0;46.39;48.15685;11.52763;;NaN;;62.783;;0 / 18;1140522;2018-11-09 17:56:38:571
1.838;0.996;3.026;1105.0;1.0;47.63;48.15685;11.52763;;NaN;;62.783;;0 / 18;1140622;2018-11-09 17:56:38:671
1.944;0.517;9.682;551.0;1.0;47.63;48.15685;11.52763;;NaN;;62.783;;0 / 18;1140721;2018-11-09 17:56:38:770
2.059;0.632;9.251;543.0;1.0;47.63;48.15685;11.52763;;NaN;;62.783;;0 / 18;1140821;2018-11-09 17:56:38:870
1.905;0.507;9.529;535.0;1.0;57.24;48.15685;11.52763;;NaN;;62.783;;0 / 18;1140921;2018-11-09 17:56:38:970
1.972;0.555;9.529;475.0;1.0;57.24;48.15685;11.52763;;NaN;;62.783;;0 / 18;1141021;2018-11-09 17:56:39:070
1.944;0.555;9.433;418.0;0.0;57.24;48.15685;11.52763;;NaN;;62.783;;0 / 18;1141121;2018-11-09 17:56:39:170
1.896;0.689;9.816;211.0;0.0;44.2;48.15685;11.52763;;NaN;;62.783;;0 / 18;1141221;2018-11-09 17:56:39:270
1.944;0.526;9.95;201.0;0.0;44.2;48.15685;11.52763;;NaN;;62.783;;0 / 18;1141322;2018-11-09 17:56:39:371
1.972;0.612;9.893;226.0;0.0;44.2;48.15685;11.52763;;NaN;;62.783;;0 / 18;1141423;2018-11-09 17:56:39:472
2.384;0.679;5.842;216.0;0.0;51.66;48.15685;11.52763;;NaN;;62.783;;0 / 18;1141521;2018-11-09 17:56:39:570
2.011;0.622;9.663;219.0;0.0;51.66;48.15685;11.52763;;NaN;;62.783;;0 / 18;1141622;2018-11-09 17:56:39:671
1.982;0.498;9.739;229.0;0.0;51.66;48.15685;11.52763;;NaN;;62.783;;0 / 18;1141721;2018-11-09 17:56:39:770
1.79;0.804;9.452;224.0;0.0;38.62;48.15685;11.52763;;NaN;;62.783;;0 / 18;1141821;2018-11-09 17:56:39:870
1.905;0.996;9.941;219.0;0.0;38.62;48.15685;11.52763;;NaN;;62.783;;0 / 18;1141922;2018-11-09 17:56:39:971
1.963;1.053;10.056;185.0;0.0;38.62;48.15685;11.52763;;NaN;;62.783;;0 / 18;1142022;2018-11-09 17:56:40:071
1.934;1.407;9.797;295.0;0.0;39.78;48.15685;11.52763;;NaN;;62.783;;0 / 18;1142122;2018-11-09 17:56:40:171
2.001;1.905;9.826;260.0;0.0;39.78;48.15685;11.52763;;NaN;;62.783;;0 / 18;1142221;2018-11-09 17:56:40:270
2.001;1.992;10.228;192.0;0.0;39.78;48.15685;11.52763;;NaN;;62.783;;0 / 18;1142321;2018-11-09 17:56:40:370
1.886;1.953;9.826;116.0;0.0;41.46;48.15685;11.52763;;NaN;;62.783;;0 / 18;1142422;2018-11-09 17:56:40:471
1.838;2.02;10.41;114.0;0.0;41.46;48.15685;11.52763;;NaN;;62.783;;0 / 18;1142522;2018-11-09 17:56:40:571
1.896;1.857;10.123;117.0;0.0;41.46;48.15685;11.52763;;NaN;;62.783;;0 / 18;1142622;2018-11-09 17:56:40:671
1.905;1.829;9.96;211.0;0.0;43.81;48.15685;11.52763;;NaN;;62.783;;0 / 18;1142722;2018-11-09 17:56:40:771
1.886;1.848;9.95;221.0;0.0;43.81;48.15685;11.52763;;NaN;;62.783;;0 / 18;1142822;2018-11-09 17:56:40:871
1.781;1.8;9.797;243.0;0.0;43.81;48.15685;11.52763;;NaN;;62.783;;0 / 18;1142921;2018-11-09 17:56:40:970
1.934;1.915;9.807;190.0;0.0;45.22;48.15685;11.52763;;NaN;;62.783;;0 / 18;1143022;2018-11-09 17:56:41:071
1.829;1.819;9.692;327.0;0.0;45.22;48.15685;11.52763;;NaN;;62.783;;0 / 18;1143122;2018-11-09 17:56:41:171
1.934;1.743;10.247;237.0;1.0;45.22;48.15685;11.52763;;NaN;;62.783;;0 / 18;1143222;2018-11-09 17:56:41:271
1.877;1.666;10.199;254.0;1.0;43.93;48.15685;11.52763;;NaN;;62.783;;0 / 18;1143321;2018-11-09 17:56:41:370
1.81;1.618;9.692;253.0;1.0;43.93;48.15685;11.52763;;NaN;;62.783;;0 / 18;1143421;2018-11-09 17:56:41:470
1.857;1.561;9.816;252.0;1.0;43.93;48.15685;11.52763;;NaN;;62.783;;0 / 18;1143521;2018-11-09 17:56:41:570
1.848;1.714;9.711;248.0;1.0;45.08;48.15685;11.52763;;NaN;;62.783;;0 / 18;1143621;2018-11-09 17:56:41:670
1.896;1.714;9.931;248.0;1.0;45.08;48.15685;11.52763;;NaN;;62.783;;0 / 18;1143721;2018-11-09 17:56:41:770
1.8;1.743;10.027;250.0;1.0;45.08;48.15685;11.52763;;NaN;;62.783;;0 / 18;1143821;2018-11-09 17:56:41:870
1.743;1.743;9.625;245.0;1.0;45.0;48.15685;11.52763;;NaN;;62.783;;0 / 18;1143921;2018-11-09 17:56:41:970
1.599;1.666;10.065;235.0;1.0;45.0;48.15685;11.52763;;NaN;;62.783;;0 / 18;1144022;2018-11-09 17:56:42:071
1.819;1.79;9.807;250.0;1.0;45.0;48.15685;11.52763;;NaN;;62.783;;0 / 18;1144121;2018-11-09 17:56:42:170
1.714;1.723;10.046;240.0;1.0;44.24;48.15685;11.52763;;NaN;;62.783;;0 / 18;1144221;2018-11-09 17:56:42:270
1.704;1.695;9.711;224.0;1.0;44.24;48.15685;11.52763;;NaN;;62.783;;0 / 18;1144322;2018-11-09 17:56:42:371
1.752;1.676;9.644;223.0;1.0;44.24;48.15685;11.52763;;NaN;;62.783;;0 / 18;1144422;2018-11-09 17:56:42:471
1.781;1.723;9.682;220.0;1.0;46.49;48.15685;11.52763;;NaN;;62.783;;0 / 18;1144522;2018-11-09 17:56:42:571
1.838;1.771;9.778;239.0;1.0;46.49;48.15685;11.52763;;NaN;;62.783;;0 / 18;1144622;2018-11-09 17:56:42:671
1.752;1.704;9.787;232.0;1.0;46.49;48.15685;11.52763;;NaN;;62.783;;0 / 18;1144722;2018-11-09 17:56:42:771
1.8;1.8;9.826;233.0;1.0;48.36;48.15685;11.52763;;NaN;;62.783;;0 / 18;1144821;2018-11-09 17:56:42:870
1.771;1.733;9.787;212.0;1.0;48.36;48.15685;11.52763;;NaN;;62.783;;0 / 18;1144921;2018-11-09 17:56:42:970
1.819;1.771;9.73;217.0;1.0;48.36;48.15685;11.52763;;NaN;;62.783;;0 / 18;1145021;2018-11-09 17:56:43:070
1.723;1.733;10.448;194.0;1.0;47.32;48.15685;11.52763;;NaN;;62.783;;0 / 18;1145121;2018-11-09 17:56:43:170
1.714;1.685;9.912;183.0;1.0;47.32;48.15685;11.52763;;NaN;;62.783;;0 / 18;1145221;2018-11-09 17:56:43:270
1.723;1.8;9.749;182.0;1.0;47.32;48.15685;11.52763;;NaN;;62.783;;0 / 18;1145321;2018-11-09 17:56:43:370
1.733;1.743;9.701;184.0;1.0;51.44;48.15685;11.52763;;NaN;;62.783;;0 / 18;1145422;2018-11-09 17:56:43:471
1.685;1.771;9.759;163.0;1.0;51.44;48.15685;11.52763;;NaN;;62.783;;0 / 18;1145522;2018-11-09 17:56:43:571
1.752;1.752;9.759;183.0;1.0;51.44;48.15685;11.52763;;NaN;;62.783;;0 / 18;1145621;2018-11-09 17:56:43:670
1.752;1.752;9.988;343.0;1.0;51.32;48.15685;11.52763;;NaN;;62.783;;0 / 18;1145721;2018-11-09 17:56:43:770
1.714;1.656;9.72;337.0;1.0;51.32;48.15685;11.52763;;NaN;;62.783;;0 / 18;1145821;2018-11-09 17:56:43:870
1.819;1.666;9.318;179.0;0.0;51.32;48.15685;11.52763;;NaN;;62.783;;0 / 18;1145921;2018-11-09 17:56:43:970
1.647;1.762;9.759;189.0;0.0;51.47;48.15685;11.52763;;NaN;;62.783;;0 / 18;1146021;2018-11-09 17:56:44:070
1.838;1.656;9.807;264.0;1.0;51.47;48.15685;11.52763;;NaN;;62.783;;0 / 18;1146122;2018-11-09 17:56:44:171
1.8;1.771;10.123;180.0;1.0;51.47;48.15685;11.52763;;NaN;;62.783;;0 / 18;1146222;2018-11-09 17:56:44:271
1.676;1.819;9.634;197.0;1.0;49.86;48.15685;11.52763;;NaN;;62.783;;0 / 18;1146322;2018-11-09 17:56:44:371
1.857;1.829;9.768;164.0;1.0;49.86;48.15685;11.52763;;NaN;;62.783;;0 / 18;1146421;2018-11-09 17:56:44:470
1.685;1.819;9.969;206.0;1.0;49.86;48.15685;11.52763;;NaN;;62.783;;0 / 18;1146521;2018-11-09 17:56:44:570
1.743;1.771;9.73;270.0;1.0;53.16;48.15685;11.52763;;NaN;;62.783;;0 / 18;1146621;2018-11-09 17:56:44:670
1.714;1.771;9.902;473.0;1.0;53.16;48.15685;11.52763;;NaN;;62.783;;0 / 18;1146721;2018-11-09 17:56:44:770
1.704;1.81;9.931;598.0;1.0;53.16;48.15685;11.52763;;NaN;;62.783;;0 / 18;1146821;2018-11-09 17:56:44:870
1.771;1.829;10.008;601.0;1.0;49.13;48.15685;11.52763;;NaN;;62.783;;0 / 18;1146921;2018-11-09 17:56:44:970
1.752;1.79;9.615;542.0;1.0;49.13;48.15685;11.52763;;NaN;;62.783;;0 / 18;1147022;2018-11-09 17:56:45:071
1.637;1.79;9.73;516.0;1.0;49.13;48.15685;11.52763;;NaN;;62.783;;0 / 18;1147122;2018-11-09 17:56:45:171
1.714;1.637;10.937;404.0;1.0;49.42;48.15685;11.52763;;NaN;;62.783;;0 / 18;1147222;2018-11-09 17:56:45:271
1.628;1.733;9.893;312.0;1.0;49.42;48.15685;11.52763;;NaN;;62.783;;0 / 18;1147322;2018-11-09 17:56:45:371
1.896;1.848;10.113;463.0;1.0;49.42;48.15685;11.52763;;NaN;;62.783;;0 / 18;1147422;2018-11-09 17:56:45:471
1.743;1.79;9.787;611.0;1.0;49.2;48.15685;11.52763;;NaN;;62.783;;0 / 18;1147521;2018-11-09 17:56:45:570
1.752;1.829;9.634;614.0;1.0;49.2;48.15685;11.52763;;NaN;;62.783;;0 / 18;1147622;2018-11-09 17:56:45:671
1.714;1.819;9.835;614.0;1.0;49.2;48.15685;11.52763;;NaN;;62.783;;0 / 18;1147722;2018-11-09 17:56:45:771
1.743;1.723;9.835;585.0;1.0;50.66;48.15685;11.52763;;NaN;;62.783;;0 / 18;1147822;2018-11-09 17:56:45:871
1.723;1.714;9.701;585.0;1.0;50.66;48.15685;11.52763;;NaN;;62.783;;0 / 18;1147922;2018-11-09 17:56:45:971
1.666;1.752;9.692;616.0;1.0;50.66;48.15685;11.52763;;NaN;;62.783;;0 / 18;1148022;2018-11-09 17:56:46:071
1.723;1.714;9.845;629.0;1.0;51.34;48.15685;11.52763;;NaN;;62.783;;0 / 18;1148122;2018-11-09 17:56:46:171
1.752;1.656;9.845;647.0;1.0;51.34;48.15685;11.52763;;NaN;;62.783;;0 / 18;1148222;2018-11-09 17:56:46:271
1.676;1.685;9.605;626.0;1.0;51.34;48.15685;11.52763;;NaN;;62.783;;0 / 18;1148322;2018-11-09 17:56:46:371
1.857;1.752;9.835;633.0;1.0;51.23;48.15685;11.52763;;NaN;;62.783;;0 / 18;1148422;2018-11-09 17:56:46:471
1.848;1.58;9.864;616.0;1.0;51.23;48.15685;11.52763;;NaN;;62.783;;0 / 18;1148521;2018-11-09 17:56:46:570
1.771;1.57;9.826;601.0;1.0;51.23;48.15685;11.52763;;NaN;;62.783;;0 / 18;1148621;2018-11-09 17:56:46:670
1.752;1.618;9.739;600.0;1.0;51.49;48.15685;11.52763;;NaN;;62.783;;0 / 18;1148721;2018-11-09 17:56:46:770
1.8;1.733;9.864;592.0;1.0;51.49;48.15685;11.52763;;NaN;;62.783;;0 / 18;1148822;2018-11-09 17:56:46:871
1.762;1.541;9.874;601.0;1.0;51.49;48.15685;11.52763;;NaN;;62.783;;0 / 18;1148922;2018-11-09 17:56:46:971
1.8;1.58;9.797;548.0;1.0;52.85;48.15685;11.52763;;NaN;;62.783;;0 / 18;1149022;2018-11-09 17:56:47:071
1.752;1.513;9.739;551.0;1.0;52.85;48.15685;11.52763;;NaN;;62.783;;0 / 18;1149122;2018-11-09 17:56:47:171
1.733;1.57;9.816;549.0;1.0;52.85;48.15685;11.52763;;NaN;;62.783;;0 / 18;1149221;2018-11-09 17:56:47:270
1.8;1.455;9.759;545.0;1.0;54.33;48.15685;11.52763;;NaN;;62.783;;0 / 18;1149321;2018-11-09 17:56:47:370
1.743;1.369;9.529;568.0;1.0;54.33;48.15685;11.52763;;NaN;;62.783;;0 / 18;1149421;2018-11-09 17:56:47:470
1.752;1.57;9.807;558.0;1.0;54.33;48.15685;11.52763;;NaN;;62.783;;0 / 18;1149521;2018-11-09 17:56:47:570
1.838;1.618;9.902;590.0;1.0;50.99;48.15685;11.52763;;NaN;;62.783;;0 / 18;1149621;2018-11-09 17:56:47:670
1.704;1.446;9.874;631.0;1.0;50.99;48.15685;11.52763;;NaN;;62.783;;0 / 18;1149722;2018-11-09 17:56:47:771
1.743;1.551;9.807;641.0;1.0;50.99;48.15685;11.52763;;NaN;;62.783;;0 / 18;1149822;2018-11-09 17:56:47:871
1.819;1.474;9.385;644.0;1.0;53.47;48.15685;11.52763;;NaN;;62.783;;0 / 18;1149922;2018-11-09 17:56:47:971
1.743;1.513;9.663;640.0;1.0;53.47;48.15685;11.52763;;NaN;;62.783;;0 / 18;1150022;2018-11-09 17:56:48:071
1.877;1.359;9.807;593.0;1.0;53.47;48.15685;11.52763;;NaN;;62.783;;0 / 18;1150121;2018-11-09 17:56:48:170
1.8;1.455;10.285;475.0;1.0;53.16;48.15666;11.5268;;NaN;;20.393;;0 / 18;1150222;2018-11-09 17:56:48:271
1.685;1.407;9.759;421.0;1.0;53.16;48.15666;11.5268;;NaN;;20.393;;0 / 18;1150321;2018-11-09 17:56:48:370
1.666;1.446;9.73;546.0;1.0;53.16;48.15666;11.5268;;NaN;;20.393;;0 / 18;1150422;2018-11-09 17:56:48:471
1.743;1.484;9.807;625.0;1.0;51.98;48.15666;11.5268;;NaN;;20.393;;0 / 18;1150522;2018-11-09 17:56:48:571
1.838;1.369;9.778;553.0;1.0;51.98;48.15666;11.5268;;NaN;;20.393;;0 / 18;1150622;2018-11-09 17:56:48:671
1.838;1.484;9.768;433.0;1.0;51.98;48.15666;11.5268;;NaN;;20.393;;0 / 18;1150721;2018-11-09 17:56:48:770
1.81;1.359;9.519;494.0;1.0;51.9;48.15666;11.5268;;NaN;;20.393;;0 / 18;1150821;2018-11-09 17:56:48:870
1.666;1.292;11.272;457.0;1.0;51.9;48.15666;11.5268;;NaN;;20.393;;0 / 18;1150921;2018-11-09 17:56:48:970
1.628;1.35;9.854;500.0;1.0;51.9;48.15666;11.5268;;NaN;;20.393;;0 / 18;1151022;2018-11-09 17:56:49:071
1.79;1.561;10.142;388.0;1.0;52.13;48.15666;11.5268;;NaN;;20.393;;0 / 18;1151122;2018-11-09 17:56:49:171
1.771;1.331;9.682;183.0;1.0;52.13;48.15666;11.5268;;NaN;;20.393;;0 / 18;1151222;2018-11-09 17:56:49:271
1.704;1.417;9.768;298.0;1.0;52.13;48.15666;11.5268;;NaN;;20.393;;0 / 18;1151322;2018-11-09 17:56:49:371
1.8;1.302;9.529;237.0;0.0;52.96;48.15666;11.5268;;NaN;;20.393;;0 / 18;1151421;2018-11-09 17:56:49:470
1.714;1.331;10.017;184.0;0.0;52.96;48.15666;11.5268;;NaN;;20.393;;0 / 18;1151521;2018-11-09 17:56:49:570
1.58;1.149;11.521;158.0;0.0;52.96;48.15666;11.5268;;NaN;;20.393;;0 / 18;1151622;2018-11-09 17:56:49:671
1.494;1.551;9.222;396.0;0.0;53.4;48.15666;11.5268;;NaN;;20.393;;0 / 18;1151721;2018-11-09 17:56:49:770
1.58;1.149;9.05;191.0;0.0;53.4;48.15666;11.5268;;NaN;;20.393;;0 / 18;1151821;2018-11-09 17:56:49:870
1.963;1.388;9.749;254.0;0.0;53.4;48.15666;11.5268;;NaN;;20.393;;0 / 18;1151921;2018-11-09 17:56:49:970
1.829;1.321;9.653;379.0;1.0;52.14;48.15666;11.5268;;NaN;;20.393;;0 / 18;1152021;2018-11-09 17:56:50:070
1.848;1.331;9.874;188.0;0.0;52.14;48.15666;11.5268;;NaN;;20.393;;0 / 18;1152121;2018-11-09 17:56:50:170
1.915;1.417;9.347;194.0;0.0;52.14;48.15666;11.5268;;NaN;;20.393;;0 / 18;1152222;2018-11-09 17:56:50:271
1.953;1.312;9.778;194.0;1.0;53.22;48.15666;11.5268;;NaN;;20.393;;0 / 18;1152321;2018-11-09 17:56:50:370
1.666;1.312;10.056;494.0;1.0;53.22;48.15666;11.5268;;NaN;;20.393;;0 / 18;1152422;2018-11-09 17:56:50:471
1.8;1.379;9.797;521.0;1.0;53.22;48.15666;11.5268;;NaN;;20.393;;0 / 18;1152522;2018-11-09 17:56:50:571
1.81;1.302;9.883;547.0;1.0;53.2;48.15666;11.5268;;NaN;;20.393;;0 / 18;1152622;2018-11-09 17:56:50:671
1.608;1.273;9.778;537.0;1.0;53.2;48.15666;11.5268;;NaN;;20.393;;0 / 18;1152722;2018-11-09 17:56:50:771
1.723;1.273;9.711;548.0;1.0;53.2;48.15666;11.5268;;NaN;;20.393;;0 / 18;1152821;2018-11-09 17:56:50:870
1.771;1.273;9.778;572.0;1.0;52.64;48.15666;11.5268;;NaN;;20.393;;0 / 18;1152921;2018-11-09 17:56:50:970
1.676;1.283;9.567;575.0;1.0;52.64;48.15666;11.5268;;NaN;;20.393;;0 / 18;1153021;2018-11-09 17:56:51:070
1.628;1.254;9.768;519.0;1.0;52.64;48.15666;11.5268;;NaN;;20.393;;0 / 18;1153121;2018-11-09 17:56:51:170
1.656;1.254;9.893;271.0;1.0;53.24;48.15666;11.5268;;NaN;;20.393;;0 / 18;1153222;2018-11-09 17:56:51:271
1.925;1.359;9.778;640.0;1.0;53.24;48.15666;11.5268;;NaN;;20.393;;0 / 18;1153322;2018-11-09 17:56:51:371
1.695;1.197;9.988;644.0;1.0;53.24;48.15666;11.5268;;NaN;;20.393;;0 / 18;1153422;2018-11-09 17:56:51:471
1.11;1.024;10.956;698.0;1.0;51.91;48.15666;11.5268;;NaN;;20.393;;0 / 18;1153521;2018-11-09 17:56:51:570
0.162;0.986;10.343;1183.0;1.0;51.91;48.15666;11.5268;;NaN;;20.393;;0 / 18;1153621;2018-11-09 17:56:51:670
-1.704;1.225;9.672;1456.0;1.0;51.91;48.15666;11.5268;;NaN;;20.393;;0 / 18;1153721;2018-11-09 17:56:51:770
-2.269;1.216;9.625;1020.0;1.0;53.31;48.15666;11.5268;;NaN;;20.393;;0 / 18;1153822;2018-11-09 17:56:51:871
-2.949;1.053;9.625;866.0;1.0;53.31;48.15666;11.5268;;NaN;;20.393;;0 / 18;1153922;2018-11-09 17:56:51:971
-3.505;0.861;9.107;484.0;1.0;53.31;48.15666;11.5268;;NaN;;20.393;;0 / 18;1154022;2018-11-09 17:56:52:071
-4.213;0.718;8.638;295.0;1.0;53.23;48.15666;11.5268;;NaN;;20.393;;0 / 18;1154122;2018-11-09 17:56:52:171
-4.127;0.842;8.897;257.0;1.0;53.23;48.15666;11.5268;;NaN;;20.393;;0 / 18;1154222;2018-11-09 17:56:52:271
-4.07;0.814;9.04;289.0;1.0;53.23;48.15666;11.5268;;NaN;;20.393;;0 / 18;1154321;2018-11-09 17:56:52:370
-3.878;0.842;9.136;304.0;1.0;52.84;48.15666;11.5268;;NaN;;20.393;;0 / 18;1154422;2018-11-09 17:56:52:471
-3.591;0.833;9.117;323.0;1.0;52.84;48.15666;11.5268;;NaN;;20.393;;0 / 18;1154522;2018-11-09 17:56:52:571
-3.352;0.842;9.385;403.0;1.0;52.84;48.15666;11.5268;;NaN;;20.393;;0 / 18;1154622;2018-11-09 17:56:52:671
-3.189;1.005;8.973;477.0;1.0;52.07;48.15666;11.5268;;NaN;;20.393;;0 / 18;1154722;2018-11-09 17:56:52:771
-3.122;0.957;9.577;495.0;1.0;52.07;48.15666;11.5268;;NaN;;20.393;;0 / 18;1154821;2018-11-09 17:56:52:870
-3.284;0.9;9.807;514.0;1.0;52.07;48.15666;11.5268;;NaN;;20.393;;0 / 18;1154921;2018-11-09 17:56:52:970
-3.217;0.928;9.51;530.0;1.0;51.74;48.15666;11.5268;;NaN;;20.393;;0 / 18;1155021;2018-11-09 17:56:53:070
-3.15;0.976;9.376;511.0;1.0;51.74;48.15666;11.5268;;NaN;;20.393;;0 / 18;1155122;2018-11-09 17:56:53:171
-3.131;0.842;9.299;521.0;1.0;51.74;48.15666;11.5268;;NaN;;20.393;;0 / 18;1155222;2018-11-09 17:56:53:271
-3.102;0.928;9.251;493.0;1.0;53.35;48.15666;11.5268;;NaN;;20.393;;0 / 18;1155322;2018-11-09 17:56:53:371
-3.112;0.842;9.443;516.0;1.0;53.35;48.15666;11.5268;;NaN;;20.393;;0 / 18;1155422;2018-11-09 17:56:53:471
-3.15;0.871;9.471;496.0;1.0;53.35;48.15666;11.5268;;NaN;;20.393;;0 / 18;1155522;2018-11-09 17:56:53:571
-3.275;0.852;9.443;302.0;1.0;52.71;48.15666;11.5268;;NaN;;20.393;;0 / 18;1155622;2018-11-09 17:56:53:671
-3.17;0.881;9.644;147.0;1.0;52.71;48.15666;11.5268;;NaN;;20.393;;0 / 18;1155721;2018-11-09 17:56:53:770
-3.15;0.871;9.653;96.0;1.0;52.71;48.15666;11.5268;;NaN;;20.393;;0 / 18;1155822;2018-11-09 17:56:53:871
-2.988;0.996;9.05;109.0;1.0;53.87;48.15666;11.5268;;NaN;;20.393;;0 / 18;1155922;2018-11-09 17:56:53:971
-2.93;0.928;9.443;355.0;1.0;53.87;48.15666;11.5268;;NaN;;20.393;;0 / 18;1156022;2018-11-09 17:56:54:071
-3.016;1.005;9.423;521.0;1.0;53.87;48.15666;11.5268;;NaN;;20.393;;0 / 18;1156122;2018-11-09 17:56:54:171
-3.093;0.909;9.672;547.0;1.0;53.4;48.15666;11.5268;;NaN;;20.393;;0 / 18;1156222;2018-11-09 17:56:54:271
-3.189;0.823;9.538;581.0;1.0;53.4;48.15666;11.5268;;NaN;;20.393;;0 / 18;1156322;2018-11-09 17:56:54:371
-3.016;0.871;9.194;605.0;1.0;53.4;48.15666;11.5268;;NaN;;20.393;;0 / 18;1156422;2018-11-09 17:56:54:471
-2.844;1.015;9.414;604.0;1.0;52.49;48.15666;11.5268;;NaN;;20.393;;0 / 18;1156522;2018-11-09 17:56:54:571
-3.007;0.948;9.347;591.0;1.0;52.49;48.15666;11.5268;;NaN;;20.393;;0 / 18;1156622;2018-11-09 17:56:54:671
-2.844;0.976;9.423;625.0;1.0;52.49;48.15666;11.5268;;NaN;;20.393;;0 / 18;1156722;2018-11-09 17:56:54:771
-2.825;1.091;8.705;472.0;1.0;52.78;48.15666;11.5268;;NaN;;20.393;;0 / 18;1156822;2018-11-09 17:56:54:871
-2.988;0.852;9.663;236.0;1.0;52.78;48.15666;11.5268;;NaN;;20.393;;0 / 18;1156922;2018-11-09 17:56:54:971
-3.083;0.747;9.682;121.0;1.0;52.78;48.15666;11.5268;;NaN;;20.393;;0 / 18;1157021;2018-11-09 17:56:55:070
-2.853;0.823;9.366;104.0;1.0;53.87;48.15666;11.5268;;NaN;;20.393;;0 / 18;1157121;2018-11-09 17:56:55:170
-3.102;0.785;9.644;120.0;1.0;53.87;48.15666;11.5268;;NaN;;20.393;;0 / 18;1157221;2018-11-09 17:56:55:270
-3.026;0.756;9.816;118.0;1.0;53.87;48.15666;11.5268;;NaN;;20.393;;0 / 18;1157321;2018-11-09 17:56:55:370
-3.15;0.794;9.663;124.0;1.0;52.48;48.15666;11.5268;;NaN;;20.393;;0 / 18;1157422;2018-11-09 17:56:55:471
-2.988;0.842;9.117;133.0;1.0;52.48;48.15666;11.5268;;NaN;;20.393;;0 / 18;1157522;2018-11-09 17:56:55:571
-2.681;0.948;9.107;129.0;1.0;52.48;48.15666;11.5268;;NaN;;20.393;;0 / 18;1157622;2018-11-09 17:56:55:671
-2.834;0.794;9.433;102.0;1.0;52.48;48.15666;11.5268;;NaN;;20.393;;0 / 18;1157722;2018-11-09 17:56:55:771
-2.921;0.45;9.902;115.0;1.0;53.92;48.15666;11.5268;;NaN;;20.393;;0 / 18;1157822;2018-11-09 17:56:55:871
-3.189;0.162;9.845;115.0;0.0;53.92;48.15666;11.5268;;NaN;;20.393;;0 / 18;1157922;2018-11-09 17:56:55:971
-3.256;-0.22;10.4;74.0;0.0;53.92;48.15666;11.5268;;NaN;;20.393;;0 / 18;1158021;2018-11-09 17:56:56:070
-3.112;-0.507;10.305;92.0;0.0;56.24;48.15666;11.5268;;NaN;;20.393;;0 / 18;1158122;2018-11-09 17:56:56:171
-3.064;-0.277;10.716;88.0;1.0;56.24;48.15666;11.5268;;NaN;;20.393;;0 / 18;1158222;2018-11-09 17:56:56:271
-2.892;-0.028;9.807;81.0;1.0;56.24;48.15666;11.5268;;NaN;;20.393;;0 / 18;1158322;2018-11-09 17:56:56:371
-2.94;0.124;10.19;66.0;1.0;57.73;48.15666;11.5268;;NaN;;20.393;;0 / 18;1158421;2018-11-09 17:56:56:470
-2.949;0.076;10.209;86.0;1.0;57.73;48.15666;11.5268;;NaN;;20.393;;0 / 18;1158521;2018-11-09 17:56:56:570
-3.035;0.191;9.807;81.0;0.0;57.73;48.15666;11.5268;;NaN;;20.393;;0 / 18;1158621;2018-11-09 17:56:56:670
-3.112;0.124;10.161;81.0;0.0;56.56;48.15666;11.5268;;NaN;;20.393;;0 / 18;1158723;2018-11-09 17:56:56:772
-3.208;0.095;10.027;83.0;1.0;56.56;48.15666;11.5268;;NaN;;20.393;;0 / 18;1158822;2018-11-09 17:56:56:871
-3.016;0.105;10.017;113.0;1.0;56.56;48.15666;11.5268;;NaN;;20.393;;0 / 18;1158921;2018-11-09 17:56:56:970
-3.227;-0.124;10.285;83.0;1.0;55.75;48.15666;11.5268;;NaN;;20.393;;0 / 18;1159021;2018-11-09 17:56:57:070
-2.844;0.076;10.075;90.0;1.0;55.75;48.15666;11.5268;;NaN;;20.393;;0 / 18;1159122;2018-11-09 17:56:57:171
-2.978;0.114;9.749;78.0;0.0;55.75;48.15666;11.5268;;NaN;;20.393;;0 / 18;1159222;2018-11-09 17:56:57:271
-3.016;0.239;9.49;103.0;0.0;57.84;48.15666;11.5268;;NaN;;20.393;;0 / 18;1159322;2018-11-09 17:56:57:371
-3.016;0.268;9.72;103.0;1.0;57.84;48.15666;11.5268;;NaN;;20.393;;0 / 18;1159422;2018-11-09 17:56:57:471
-3.045;0.162;10.333;97.0;1.0;57.84;48.15666;11.5268;;NaN;;20.393;;0 / 18;1159522;2018-11-09 17:56:57:571
-3.112;0.143;9.941;86.0;1.0;56.59;48.15666;11.5268;;NaN;;20.393;;0 / 18;1159621;2018-11-09 17:56:57:670
-3.035;0.124;9.826;86.0;0.0;56.59;48.15666;11.5268;;NaN;;20.393;;0 / 18;1159721;2018-11-09 17:56:57:770
-2.968;0.076;9.672;87.0;0.0;56.59;48.15666;11.5268;;NaN;;20.393;;0 / 18;1159821;2018-11-09 17:56:57:870
-2.729;-0.086;9.969;104.0;0.0;57.76;48.15666;11.5268;;NaN;;20.393;;0 / 18;1159921;2018-11-09 17:56:57:970
-2.94;0.124;10.257;90.0;1.0;57.76;48.15666;11.5268;;NaN;;20.393;;0 / 18;1160021;2018-11-09 17:56:58:070
-3.15;0.0;10.611;102.0;1.0;57.76;48.15666;11.5268;;NaN;;20.393;;0 / 18;1160121;2018-11-09 17:56:58:170
-3.17;0.067;10.266;89.0;1.0;57.01;48.15666;11.5268;;NaN;;20.393;;0 / 18;1160222;2018-11-09 17:56:58:271
-3.074;0.134;9.979;80.0;0.0;57.01;48.15666;11.5268;;NaN;;20.393;;0 / 18;1160322;2018-11-09 17:56:58:371
-2.873;0.095;9.605;93.0;0.0;57.01;48.15666;11.5268;;NaN;;20.393;;0 / 18;1160422;2018-11-09 17:56:58:471
-2.882;0.21;9.452;105.0;1.0;55.45;48.15666;11.5268;;NaN;;20.393;;0 / 18;1160521;2018-11-09 17:56:58:570
-2.968;0.143;10.199;95.0;1.0;55.45;48.15666;11.5268;;NaN;;20.393;;0 / 18;1160621;2018-11-09 17:56:58:670
-3.064;0.124;10.305;98.0;1.0;55.45;48.15666;11.5268;;NaN;;20.393;;0 / 18;1160721;2018-11-09 17:56:58:770
-3.256;0.086;10.18;90.0;1.0;55.19;48.15666;11.5268;;NaN;;20.393;;0 / 18;1160822;2018-11-09 17:56:58:871
-3.198;0.057;10.142;116.0;1.0;55.19;48.15666;11.5268;;NaN;;20.393;;0 / 18;1160921;2018-11-09 17:56:58:970
-2.882;0.095;9.577;108.0;1.0;55.19;48.15666;11.5268;;NaN;;20.393;;0 / 18;1161021;2018-11-09 17:56:59:070
-2.844;0.143;9.883;112.0;1.0;55.54;48.15666;11.5268;;NaN;;20.393;;0 / 18;1161122;2018-11-09 17:56:59:171
-2.882;0.134;9.807;95.0;1.0;55.54;48.15666;11.5268;;NaN;;20.393;;0 / 18;1161222;2018-11-09 17:56:59:271
-3.064;0.143;10.103;107.0;1.0;55.54;48.15666;11.5268;;NaN;;20.393;;0 / 18;1161322;2018-11-09 17:56:59:371
-3.093;0.124;10.027;111.0;1.0;57.14;48.15666;11.5268;;NaN;;20.393;;0 / 18;1161421;2018-11-09 17:56:59:470
-3.035;0.325;9.739;117.0;1.0;57.14;48.15666;11.5268;;NaN;;20.393;;0 / 18;1161521;2018-11-09 17:56:59:570
-2.968;0.201;9.854;115.0;1.0;57.14;48.15666;11.5268;;NaN;;20.393;;0 / 18;1161621;2018-11-09 17:56:59:670
-3.074;0.105;9.95;136.0;1.0;55.62;48.15666;11.5268;;NaN;;20.393;;0 / 18;1161722;2018-11-09 17:56:59:771
-2.959;0.009;10.237;117.0;1.0;55.62;48.15666;11.5268;;NaN;;20.393;;0 / 18;1161822;2018-11-09 17:56:59:871
-3.026;0.009;9.931;105.0;1.0;55.62;48.15666;11.5268;;NaN;;20.393;;0 / 18;1161922;2018-11-09 17:56:59:971
-3.179;0.028;9.739;111.0;1.0;55.6;48.15666;11.5268;;NaN;;20.393;;0 / 18;1162021;2018-11-09 17:57:00:070
-2.949;0.124;9.95;125.0;1.0;55.6;48.15666;11.5268;;NaN;;20.393;;0 / 18;1162121;2018-11-09 17:57:00:170
-3.007;0.249;9.95;128.0;1.0;55.6;48.15666;11.5268;;NaN;;20.393;;0 / 18;1162222;2018-11-09 17:57:00:271
-2.834;0.277;9.816;149.0;1.0;55.52;48.15666;11.5268;;NaN;;20.393;;0 / 18;1162322;2018-11-09 17:57:00:371
-3.016;0.181;10.285;113.0;1.0;55.52;48.15666;11.5268;;NaN;;20.393;;0 / 18;1162422;2018-11-09 17:57:00:471
-2.94;0.143;9.874;98.0;1.0;55.52;48.15666;11.5268;;NaN;;20.393;;0 / 18;1162521;2018-11-09 17:57:00:570
-2.844;0.162;9.5;112.0;1.0;55.02;48.15666;11.5268;;NaN;;20.393;;0 / 18;1162621;2018-11-09 17:57:00:670
-2.921;0.095;10.017;125.0;1.0;55.02;48.15666;11.5268;;NaN;;20.393;;0 / 18;1162721;2018-11-09 17:57:00:770
-3.007;0.095;9.979;150.0;1.0;55.02;48.15666;11.5268;;NaN;;20.393;;0 / 18;1162821;2018-11-09 17:57:00:870
-3.064;0.172;10.285;454.0;1.0;54.49;48.15666;11.5268;;NaN;;20.393;;0 / 18;1162921;2018-11-09 17:57:00:970
-3.102;0.143;10.352;527.0;1.0;54.49;48.15666;11.5268;;NaN;;20.393;;0 / 18;1163021;2018-11-09 17:57:01:070
-3.16;0.143;10.103;526.0;1.0;54.49;48.15666;11.5268;;NaN;;20.393;;0 / 18;1163121;2018-11-09 17:57:01:170
-2.796;0.134;10.017;542.0;1.0;54.23;48.15666;11.5268;;NaN;;20.393;;0 / 18;1163222;2018-11-09 17:57:01:271
-2.786;0.134;9.605;585.0;1.0;54.23;48.15666;11.5268;;NaN;;20.393;;0 / 18;1163322;2018-11-09 17:57:01:371
-2.748;0.181;9.711;659.0;1.0;54.23;48.15666;11.5268;;NaN;;20.393;;0 / 18;1163422;2018-11-09 17:57:01:471
-2.911;0.249;9.826;686.0;1.0;54.98;48.15666;11.5268;;NaN;;20.393;;0 / 18;1163522;2018-11-09 17:57:01:571
-2.93;0.172;9.988;689.0;1.0;54.98;48.15666;11.5268;;NaN;;20.393;;0 / 18;1163622;2018-11-09 17:57:01:671
-2.959;0.153;10.094;686.0;1.0;54.98;48.15666;11.5268;;NaN;;20.393;;0 / 18;1163724;2018-11-09 17:57:01:773
-2.93;0.105;10.314;701.0;1.0;55.46;48.15666;11.5268;;NaN;;20.393;;0 / 18;1163822;2018-11-09 17:57:01:871
-2.882;0.153;9.931;676.0;1.0;55.46;48.15666;11.5268;;NaN;;20.393;;0 / 18;1163921;2018-11-09 17:57:01:970
-2.796;0.181;9.749;680.0;1.0;55.46;48.15666;11.5268;;NaN;;20.393;;0 / 18;1164021;2018-11-09 17:57:02:070
-2.94;0.076;10.18;657.0;1.0;54.47;48.15666;11.5268;;NaN;;20.393;;0 / 18;1164121;2018-11-09 17:57:02:170
-3.093;0.162;10.084;650.0;1.0;54.47;48.15666;11.5268;;NaN;;20.393;;0 / 18;1164222;2018-11-09 17:57:02:271
-2.882;0.249;9.902;665.0;1.0;54.47;48.15666;11.5268;;NaN;;20.393;;0 / 18;1164322;2018-11-09 17:57:02:371
-3.026;0.277;9.826;685.0;1.0;54.91;48.15666;11.5268;;NaN;;20.393;;0 / 18;1164422;2018-11-09 17:57:02:471
-2.978;0.268;9.739;687.0;1.0;54.91;48.15666;11.5268;;NaN;;20.393;;0 / 18;1164521;2018-11-09 17:57:02:570
-2.892;0.287;9.893;675.0;1.0;54.91;48.15666;11.5268;;NaN;;20.393;;0 / 18;1164621;2018-11-09 17:57:02:670
-2.968;0.114;9.941;652.0;1.0;55.11;48.15666;11.5268;;NaN;;20.393;;0 / 18;1164722;2018-11-09 17:57:02:771
-2.93;0.191;9.912;574.0;1.0;55.11;48.15666;11.5268;;NaN;;20.393;;0 / 18;1164821;2018-11-09 17:57:02:870
-2.921;0.124;9.998;178.0;1.0;55.11;48.15666;11.5268;;NaN;;20.393;;0 / 18;1164921;2018-11-09 17:57:02:970
-2.873;0.105;9.807;114.0;1.0;53.78;48.15666;11.5268;;NaN;;20.393;;0 / 18;1165021;2018-11-09 17:57:03:070
-2.901;0.181;10.18;110.0;1.0;53.78;48.15666;11.5268;;NaN;;20.393;;0 / 18;1165122;2018-11-09 17:57:03:171
-2.892;0.162;10.046;117.0;1.0;53.78;48.15666;11.5268;;NaN;;20.393;;0 / 18;1165222;2018-11-09 17:57:03:271
-2.959;0.21;9.893;110.0;1.0;53.9;48.15666;11.5268;;NaN;;20.393;;0 / 18;1165322;2018-11-09 17:57:03:371
-2.853;0.191;9.739;102.0;1.0;53.9;48.15666;11.5268;;NaN;;20.393;;0 / 18;1165421;2018-11-09 17:57:03:470
-2.863;0.316;9.672;95.0;1.0;53.9;48.15666;11.5268;;NaN;;20.393;;0 / 18;1165521;2018-11-09 17:57:03:570
-2.892;0.153;10.008;93.0;1.0;55.04;48.15666;11.5268;;NaN;;20.393;;0 / 18;1165622;2018-11-09 17:57:03:671
-2.978;0.076;10.18;69.0;0.0;55.04;48.15666;11.5268;;NaN;;20.393;;0 / 18;1165722;2018-11-09 17:57:03:771
-2.892;0.191;9.883;118.0;0.0;55.04;48.15666;11.5268;;NaN;;20.393;;0 / 18;1165822;2018-11-09 17:57:03:871
-3.016;0.191;10.056;127.0;1.0;54.77;48.15666;11.5268;;NaN;;20.393;;0 / 18;1165922;2018-11-09 17:57:03:971
-3.045;0.21;9.95;184.0;1.0;54.77;48.15666;11.5268;;NaN;;20.393;;0 / 18;1166021;2018-11-09 17:57:04:070
-2.959;0.201;10.056;185.0;1.0;54.77;48.15666;11.5268;;NaN;;20.393;;0 / 18;1166121;2018-11-09 17:57:04:170
-2.911;0.249;10.103;120.0;1.0;54.68;48.15666;11.5268;;NaN;;20.393;;0 / 18;1166221;2018-11-09 17:57:04:270
-2.901;0.124;9.912;107.0;1.0;54.68;48.15666;11.5268;;NaN;;20.393;;0 / 18;1166321;2018-11-09 17:57:04:370
-2.767;0.344;9.538;107.0;0.0;54.68;48.15666;11.5268;;NaN;;20.393;;0 / 18;1166422;2018-11-09 17:57:04:471
-2.815;0.181;9.864;88.0;0.0;54.16;48.15666;11.5268;;NaN;;20.393;;0 / 18;1166522;2018-11-09 17:57:04:571
-2.949;0.105;10.18;115.0;1.0;54.16;48.15666;11.5268;;NaN;;20.393;;0 / 18;1166622;2018-11-09 17:57:04:671
-2.997;0.134;10.237;696.0;1.0;54.16;48.15666;11.5268;;NaN;;20.393;;0 / 18;1166722;2018-11-09 17:57:04:771
-3.035;0.086;10.544;711.0;1.0;54.78;48.15666;11.5268;;NaN;;20.393;;0 / 18;1166821;2018-11-09 17:57:04:870
-2.93;0.172;9.921;728.0;1.0;54.78;48.15666;11.5268;;NaN;;20.393;;0 / 18;1166921;2018-11-09 17:57:04:970
-2.777;0.181;9.988;725.0;1.0;54.78;48.15666;11.5268;;NaN;;20.393;;0 / 18;1167021;2018-11-09 17:57:05:070
-2.719;0.21;9.682;645.0;0.0;55.32;48.15666;11.5268;;NaN;;20.393;;0 / 18;1167121;2018-11-09 17:57:05:170
-2.48;0.478;7.594;575.0;0.0;55.32;48.15666;11.5268;;NaN;;20.393;;0 / 18;1167222;2018-11-09 17:57:05:271
-2.882;0.258;9.625;733.0;0.0;55.32;48.15666;11.5268;;NaN;;20.393;;0 / 18;1167322;2018-11-09 17:57:05:371
-2.834;0.335;10.046;598.0;0.0;54.83;48.15666;11.5268;;NaN;;20.393;;0 / 18;1167421;2018-11-09 17:57:05:470
-3.074;0.21;10.352;144.0;0.0;54.83;48.15666;11.5268;;NaN;;20.393;;0 / 18;1167521;2018-11-09 17:57:05:570
-3.102;0.172;9.883;148.0;0.0;54.83;48.15666;11.5268;;NaN;;20.393;;0 / 18;1167622;2018-11-09 17:57:05:671
-2.681;0.172;10.056;128.0;0.0;55.52;48.15666;11.5268;;NaN;;20.393;;0 / 18;1167722;2018-11-09 17:57:05:771
-2.825;0.249;9.864;124.0;0.0;55.52;48.15666;11.5268;;NaN;;20.393;;0 / 18;1167821;2018-11-09 17:57:05:870
-2.93;0.057;9.912;135.0;0.0;55.52;48.15666;11.5268;;NaN;;20.393;;0 / 18;1167921;2018-11-09 17:57:05:970
-2.643;1.149;9.586;630.0;1.0;54.92;48.15666;11.5268;;NaN;;20.393;;0 / 18;1168021;2018-11-09 17:57:06:070
-2.633;-0.612;9.787;738.0;1.0;54.92;48.15666;11.5268;;NaN;;20.393;;0 / 18;1168121;2018-11-09 17:57:06:170
0.928;0.086;9.854;971.0;1.0;54.92;48.15666;11.5268;;NaN;;20.393;;0 / 18;1168222;2018-11-09 17:57:06:271
-0.909;0.775;8.772;1366.0;1.0;56.02;48.15666;11.5268;;NaN;;20.393;;0 / 18;1168322;2018-11-09 17:57:06:371
1.388;0.354;8.15;627.0;1.0;56.02;48.15666;11.5268;;NaN;;20.393;;0 / 18;1168422;2018-11-09 17:57:06:471
1.637;0.143;9.969;625.0;1.0;56.02;48.15666;11.5268;;NaN;;20.393;;0 / 18;1168522;2018-11-09 17:57:06:571
1.743;0.21;9.902;629.0;1.0;53.99;48.15666;11.5268;;NaN;;20.393;;0 / 18;1168622;2018-11-09 17:57:06:671
1.628;0.124;9.797;614.0;1.0;53.99;48.15666;11.5268;;NaN;;20.393;;0 / 18;1168722;2018-11-09 17:57:06:771
1.829;0.229;9.787;630.0;1.0;53.99;48.15666;11.5268;;NaN;;20.393;;0 / 18;1168822;2018-11-09 17:57:06:871
1.762;0.162;9.759;635.0;1.0;55.52;48.15666;11.5268;;NaN;;20.393;;0 / 18;1168921;2018-11-09 17:57:06:970
1.79;0.335;9.787;620.0;1.0;55.52;48.15666;11.5268;;NaN;;20.393;;0 / 18;1169021;2018-11-09 17:57:07:070
1.81;-0.076;10.017;628.0;1.0;55.52;48.15666;11.5268;;NaN;;20.393;;0 / 18;1169122;2018-11-09 17:57:07:171
1.733;-0.095;9.845;591.0;1.0;55.41;48.15666;11.5268;;NaN;;20.393;;0 / 18;1169222;2018-11-09 17:57:07:271
1.446;0.0;9.902;590.0;1.0;55.41;48.15666;11.5268;;NaN;;20.393;;0 / 18;1169321;2018-11-09 17:57:07:370
1.618;0.057;9.816;595.0;1.0;55.41;48.15666;11.5268;;NaN;;20.393;;0 / 18;1169421;2018-11-09 17:57:07:470
1.848;0.258;9.759;583.0;1.0;55.85;48.15666;11.5268;;NaN;;20.393;;0 / 18;1169521;2018-11-09 17:57:07:570
1.915;0.239;9.893;563.0;1.0;55.85;48.15666;11.5268;;NaN;;20.393;;0 / 18;1169621;2018-11-09 17:57:07:670
2.087;0.162;9.893;521.0;1.0;55.85;48.15666;11.5268;;NaN;;20.393;;0 / 18;1169722;2018-11-09 17:57:07:771
2.087;0.134;10.237;517.0;1.0;54.96;48.15666;11.5268;;NaN;;20.393;;0 / 18;1169822;2018-11-09 17:57:07:871
2.126;0.134;10.008;534.0;1.0;54.96;48.15666;11.5268;;NaN;;20.393;;0 / 18;1169922;2018-11-09 17:57:07:971
2.241;0.191;9.797;539.0;1.0;54.96;48.15666;11.5268;;NaN;;20.393;;0 / 18;1170022;2018-11-09 17:57:08:071
2.241;0.134;10.075;535.0;1.0;54.11;48.15666;11.5268;;NaN;;20.393;;0 / 18;1170122;2018-11-09 17:57:08:171
2.298;0.124;9.807;547.0;1.0;54.11;48.15666;11.5268;;NaN;;20.393;;0 / 18;1170222;2018-11-09 17:57:08:271
2.279;0.057;10.132;553.0;1.0;54.11;48.15666;11.5268;;NaN;;20.393;;0 / 18;1170322;2018-11-09 17:57:08:371
2.011;0.498;9.653;550.0;1.0;54.97;48.15666;11.5268;;NaN;;20.393;;0 / 18;1170422;2018-11-09 17:57:08:471
2.183;-0.296;10.496;538.0;1.0;54.97;48.15666;11.5268;;NaN;;20.393;;0 / 18;1170521;2018-11-09 17:57:08:570
2.288;-1.082;11.138;490.0;1.0;54.97;48.15666;11.5268;;NaN;;20.393;;0 / 18;1170622;2018-11-09 17:57:08:671
2.03;-0.814;10.582;489.0;1.0;54.83;48.15666;11.5268;;NaN;;20.393;;0 / 18;1170721;2018-11-09 17:57:08:770
2.279;-0.402;10.783;520.0;1.0;54.83;48.15666;11.5268;;NaN;;20.393;;0 / 18;1170821;2018-11-09 17:57:08:870
2.183;-0.162;10.123;516.0;1.0;54.83;48.15666;11.5268;;NaN;;20.393;;0 / 18;1170922;2018-11-09 17:57:08:971
2.221;-0.996;10.324;509.0;1.0;52.59;48.15666;11.5268;;NaN;;20.393;;0 / 18;1171022;2018-11-09 17:57:09:071
2.279;-0.976;10.726;485.0;1.0;52.59;48.15666;11.5268;;NaN;;20.393;;0 / 18;1171122;2018-11-09 17:57:09:171
2.269;-0.718;10.678;460.0;1.0;52.59;48.15667;11.52681;;NaN;;20.396;;0 / 18;1171222;2018-11-09 17:57:09:271
2.346;-0.574;10.726;463.0;1.0;53.93;48.15667;11.52681;;NaN;;20.396;;0 / 18;1171321;2018-11-09 17:57:09:370
2.25;-0.833;10.793;442.0;1.0;53.93;48.15667;11.52681;;NaN;;20.396;;0 / 18;1171421;2018-11-09 17:57:09:470
2.279;-0.737;10.592;457.0;1.0;53.93;48.15667;11.52681;;NaN;;20.396;;0 / 18;1171521;2018-11-09 17:57:09:570
2.269;-0.909;10.659;452.0;1.0;53.15;48.15667;11.52681;;NaN;;20.396;;0 / 18;1171621;2018-11-09 17:57:09:670
2.308;-0.852;10.755;448.0;1.0;53.15;48.15667;11.52681;;NaN;;20.396;;0 / 18;1171721;2018-11-09 17:57:09:770
2.174;-0.747;10.611;439.0;1.0;53.15;48.15667;11.52681;;NaN;;20.396;;0 / 18;1171822;2018-11-09 17:57:09:871
2.202;-0.852;10.841;452.0;1.0;54.03;48.15667;11.52681;;NaN;;20.396;;0 / 18;1171922;2018-11-09 17:57:09:971
2.154;-0.718;10.716;449.0;1.0;54.03;48.15667;11.52681;;NaN;;20.396;;0 / 18;1172022;2018-11-09 17:57:10:071
2.174;-0.622;10.372;421.0;1.0;54.03;48.15667;11.52681;;NaN;;20.396;;0 / 18;1172121;2018-11-09 17:57:10:170
2.164;-0.105;10.333;458.0;1.0;54.21;48.15667;11.52681;;NaN;;20.396;;0 / 18;1172222;2018-11-09 17:57:10:271
2.202;0.249;10.151;481.0;1.0;54.21;48.15667;11.52681;;NaN;;20.396;;0 / 18;1172321;2018-11-09 17:57:10:370
2.279;0.536;9.414;460.0;1.0;54.21;48.15667;11.52681;;NaN;;20.396;;0 / 18;1172422;2018-11-09 17:57:10:471
2.25;0.507;9.567;469.0;1.0;54.37;48.15667;11.52681;;NaN;;20.396;;0 / 18;1172522;2018-11-09 17:57:10:571
2.298;0.296;9.787;456.0;1.0;54.37;48.15667;11.52681;;NaN;;20.396;;0 / 18;1172621;2018-11-09 17:57:10:670
2.116;0.373;9.605;510.0;1.0;54.37;48.15667;11.52681;;NaN;;20.396;;0 / 18;1172721;2018-11-09 17:57:10:770
1.618;-0.201;10.103;540.0;1.0;55.11;48.15667;11.52681;;NaN;;20.396;;0 / 18;1172822;2018-11-09 17:57:10:871
0.584;-0.785;9.605;815.0;1.0;55.11;48.15667;11.52681;;NaN;;20.396;;0 / 18;1172923;2018-11-09 17:57:10:972
-0.44;0.095;10.036;1147.0;1.0;55.11;48.15667;11.52681;;NaN;;20.396;;0 / 18;1173022;2018-11-09 17:57:11:071
-1.302;0.469;9.567;1089.0;1.0;53.58;48.15667;11.52681;;NaN;;20.396;;0 / 18;1173122;2018-11-09 17:57:11:171
-2.202;1.139;9.165;892.0;1.0;53.58;48.15667;11.52681;;NaN;;20.396;;0 / 18;1173221;2018-11-09 17:57:11:270
-2.911;0.727;10.841;801.0;1.0;53.58;48.15667;11.52681;;NaN;;20.396;;0 / 18;1173321;2018-11-09 17:57:11:370
-1.963;0.775;9.059;773.0;1.0;52.41;48.15667;11.52681;;NaN;;20.396;;0 / 18;1173422;2018-11-09 17:57:11:471
-2.442;0.507;10.19;745.0;1.0;52.41;48.15667;11.52681;;NaN;;20.396;;0 / 18;1173522;2018-11-09 17:57:11:571
-3.811;0.775;8.475;531.0;1.0;52.41;48.15667;11.52681;;NaN;;20.396;;0 / 18;1173621;2018-11-09 17:57:11:670
-2.719;0.555;8.715;378.0;1.0;52.97;48.15667;11.52681;;NaN;;20.396;;0 / 18;1173721;2018-11-09 17:57:11:770
-2.614;0.612;9.174;333.0;1.0;52.97;48.15667;11.52681;;NaN;;20.396;;0 / 18;1173822;2018-11-09 17:57:11:871
-2.585;0.718;8.82;354.0;1.0;52.97;48.15667;11.52681;;NaN;;20.396;;0 / 18;1173922;2018-11-09 17:57:11:971
-2.537;0.756;8.59;370.0;1.0;53.15;48.15667;11.52681;;NaN;;20.396;;0 / 18;1174022;2018-11-09 17:57:12:071
-2.26;0.814;8.983;445.0;1.0;53.15;48.15667;11.52681;;NaN;;20.396;;0 / 18;1174122;2018-11-09 17:57:12:171
-3.16;0.153;9.366;405.0;1.0;53.15;48.15667;11.52681;;NaN;;20.396;;0 / 18;1174221;2018-11-09 17:57:12:270
-3.035;-0.086;9.318;356.0;1.0;53.32;48.15667;11.52681;;NaN;;20.396;;0 / 18;1174321;2018-11-09 17:57:12:370
-2.672;-0.392;9.625;288.0;0.0;53.32;48.15667;11.52681;;NaN;;20.396;;0 / 18;1174421;2018-11-09 17:57:12:470
-2.566;-0.421;9.49;215.0;0.0;53.32;48.15667;11.52681;;NaN;;20.396;;0 / 18;1174521;2018-11-09 17:57:12:570
-2.691;-0.239;9.328;54.0;0.0;52.64;48.15667;11.52681;;NaN;;20.396;;0 / 18;1174622;2018-11-09 17:57:12:671
-2.643;0.009;9.596;28.0;0.0;52.64;48.15667;11.52681;;NaN;;20.396;;0 / 18;1174722;2018-11-09 17:57:12:771
-2.681;0.067;9.481;55.0;0.0;52.64;48.15667;11.52681;;NaN;;20.396;;0 / 18;1174822;2018-11-09 17:57:12:871
-3.026;-0.019;9.395;89.0;0.0;55.49;48.15667;11.52681;;NaN;;20.396;;0 / 18;1174922;2018-11-09 17:57:12:971
-2.585;0.038;9.232;146.0;0.0;55.49;48.15667;11.52681;;NaN;;20.396;;0 / 18;1175021;2018-11-09 17:57:13:070
-2.585;0.0;9.596;147.0;1.0;55.49;48.15667;11.52681;;NaN;;20.396;;0 / 18;1175122;2018-11-09 17:57:13:171
-2.451;-0.057;9.653;60.0;1.0;54.78;48.15667;11.52681;;NaN;;20.396;;0 / 18;1175222;2018-11-09 17:57:13:271
-2.48;-0.009;9.557;417.0;0.0;54.78;48.15667;11.52681;;NaN;;20.396;;0 / 18;1175321;2018-11-09 17:57:13:370
-2.336;0.153;9.184;477.0;0.0;54.78;48.15667;11.52681;;NaN;;20.396;;0 / 18;1175422;2018-11-09 17:57:13:471
-2.394;0.105;9.529;466.0;0.0;55.87;48.15667;11.52681;;NaN;;20.396;;0 / 18;1175521;2018-11-09 17:57:13:570
-2.423;0.172;9.155;491.0;0.0;55.87;48.15667;11.52681;;NaN;;20.396;;0 / 18;1175622;2018-11-09 17:57:13:671
-2.432;0.172;8.992;516.0;0.0;55.87;48.15667;11.52681;;NaN;;20.396;;0 / 18;1175721;2018-11-09 17:57:13:770
-2.557;0.268;8.906;551.0;0.0;54.73;48.15667;11.52681;;NaN;;20.396;;0 / 18;1175821;2018-11-09 17:57:13:870
-2.509;0.258;8.925;584.0;0.0;54.73;48.15667;11.52681;;NaN;;20.396;;0 / 18;1175921;2018-11-09 17:57:13:970
-2.739;0.181;9.462;590.0;0.0;54.73;48.15667;11.52681;;NaN;;20.396;;0 / 18;1176021;2018-11-09 17:57:14:070
-2.815;0.086;9.165;603.0;0.0;55.53;48.15667;11.52681;;NaN;;20.396;;0 / 18;1176122;2018-11-09 17:57:14:171
-3.035;0.009;9.136;569.0;0.0;55.53;48.15667;11.52681;;NaN;;20.396;;0 / 18;1176222;2018-11-09 17:57:14:271
-3.007;-0.057;9.289;512.0;0.0;55.53;48.15667;11.52681;;NaN;;20.396;;0 / 18;1176321;2018-11-09 17:57:14:370
-3.227;-0.191;9.376;506.0;0.0;56.36;48.15667;11.52681;;NaN;;20.396;;0 / 18;1176421;2018-11-09 17:57:14:470
-3.026;-0.076;9.385;505.0;0.0;56.36;48.15667;11.52681;;NaN;;20.396;;0 / 18;1176522;2018-11-09 17:57:14:571
-3.055;-0.038;9.615;504.0;0.0;56.36;48.15667;11.52681;;NaN;;20.396;;0 / 18;1176622;2018-11-09 17:57:14:671
-3.026;0.019;9.567;535.0;0.0;54.92;48.15667;11.52681;;NaN;;20.396;;0 / 18;1176722;2018-11-09 17:57:14:771
-3.026;0.0;9.031;573.0;0.0;54.92;48.15667;11.52681;;NaN;;20.396;;0 / 18;1176822;2018-11-09 17:57:14:871
-2.901;0.162;9.012;605.0;0.0;54.92;48.15667;11.52681;;NaN;;20.396;;0 / 18;1176921;2018-11-09 17:57:14:970
-2.739;-0.019;9.155;629.0;0.0;54.78;48.15667;11.52681;;NaN;;20.396;;0 / 18;1177021;2018-11-09 17:57:15:070
-2.853;-0.181;9.481;645.0;0.0;54.78;48.15667;11.52681;;NaN;;20.396;;0 / 18;1177122;2018-11-09 17:57:15:171
-2.901;-0.383;9.605;622.0;0.0;54.78;48.15667;11.52681;;NaN;;20.396;;0 / 18;1177221;2018-11-09 17:57:15:270
-2.968;0.162;9.5;601.0;0.0;55.29;48.15667;11.52681;;NaN;;20.396;;0 / 18;1177322;2018-11-09 17:57:15:371
-2.815;-0.124;9.557;598.0;0.0;55.29;48.15667;11.52681;;NaN;;20.396;;0 / 18;1177422;2018-11-09 17:57:15:471
-2.729;-0.402;9.941;601.0;0.0;55.29;48.15667;11.52681;;NaN;;20.396;;0 / 18;1177522;2018-11-09 17:57:15:571
-2.739;-0.392;9.376;612.0;0.0;55.29;48.15667;11.52681;;NaN;;20.396;;0 / 18;1177622;2018-11-09 17:57:15:671
-2.729;-0.526;9.682;580.0;0.0;53.67;48.15667;11.52681;;NaN;;20.396;;0 / 18;1177722;2018-11-09 17:57:15:771
-2.71;-0.747;9.72;555.0;0.0;53.67;48.15667;11.52681;;NaN;;20.396;;0 / 18;1177821;2018-11-09 17:57:15:870
-2.901;-0.948;9.931;547.0;0.0;53.67;48.15667;11.52681;;NaN;;20.396;;0 / 18;1177921;2018-11-09 17:57:15:970
-2.873;-1.101;10.362;529.0;0.0;55.0;48.15667;11.52681;;NaN;;20.396;;0 / 18;1178021;2018-11-09 17:57:16:070
-2.901;-1.177;9.96;544.0;0.0;55.0;48.15667;11.52681;;NaN;;20.396;;0 / 18;1178121;2018-11-09 17:57:16:170
-2.806;-0.948;9.941;517.0;0.0;55.0;48.15667;11.52681;;NaN;;20.396;;0 / 18;1178221;2018-11-09 17:57:16:270
-2.758;-0.842;9.443;529.0;0.0;54.74;48.15667;11.52681;;NaN;;20.396;;0 / 18;1178321;2018-11-09 17:57:16:370
-2.662;-0.938;9.95;517.0;0.0;54.74;48.15667;11.52681;;NaN;;20.396;;0 / 18;1178422;2018-11-09 17:57:16:471
-2.71;-0.996;9.902;552.0;0.0;54.74;48.15667;11.52681;;NaN;;20.396;;0 / 18;1178522;2018-11-09 17:57:16:571
-2.806;-0.9;10.094;591.0;1.0;53.78;48.15667;11.52681;;NaN;;20.396;;0 / 18;1178622;2018-11-09 17:57:16:671
-2.786;-0.948;9.807;613.0;1.0;53.78;48.15667;11.52681;;NaN;;20.396;;0 / 18;1178722;2018-11-09 17:57:16:771
-2.662;-0.938;9.854;666.0;1.0;53.78;48.15667;11.52681;;NaN;;20.396;;0 / 18;1178822;2018-11-09 17:57:16:871
-2.614;-1.005;9.807;676.0;1.0;55.23;48.15667;11.52681;;NaN;;20.396;;0 / 18;1178922;2018-11-09 17:57:16:971
-2.365;-0.9;10.017;693.0;1.0;55.23;48.15667;11.52681;;NaN;;20.396;;0 / 18;1179021;2018-11-09 17:57:17:070
-2.48;-0.938;9.969;711.0;1.0;55.23;48.15667;11.52681;;NaN;;20.396;;0 / 18;1179122;2018-11-09 17:57:17:171
-2.528;-0.9;10.075;705.0;1.0;56.72;48.15667;11.52681;;NaN;;20.396;;0 / 18;1179222;2018-11-09 17:57:17:271
-2.537;-0.833;9.883;716.0;1.0;56.72;48.15667;11.52681;;NaN;;20.396;;0 / 18;1179321;2018-11-09 17:57:17:370
-2.643;-0.794;9.979;726.0;1.0;56.72;48.15667;11.52681;;NaN;;20.396;;0 / 18;1179422;2018-11-09 17:57:17:471
-2.403;-0.794;10.017;765.0;1.0;56.09;48.15667;11.52681;;NaN;;20.396;;0 / 18;1179522;2018-11-09 17:57:17:571
-2.355;-0.593;9.72;802.0;1.0;56.09;48.15667;11.52681;;NaN;;20.396;;0 / 18;1179621;2018-11-09 17:57:17:670
-2.327;-0.622;9.969;803.0;1.0;56.09;48.15667;11.52681;;NaN;;20.396;;0 / 18;1179721;2018-11-09 17:57:17:770
-2.384;-0.612;9.778;780.0;1.0;55.4;48.15667;11.52681;;NaN;;20.396;;0 / 18;1179822;2018-11-09 17:57:17:871
-2.346;-0.641;10.123;795.0;0.0;55.4;48.15667;11.52681;;NaN;;20.396;;0 / 18;1179922;2018-11-09 17:57:17:971
-2.346;-0.651;9.807;784.0;0.0;55.4;48.15667;11.52681;;NaN;;20.396;;0 / 18;1180022;2018-11-09 17:57:18:071
-2.336;-0.603;9.96;761.0;0.0;55.9;48.15667;11.52681;;NaN;;20.396;;0 / 18;1180121;2018-11-09 17:57:18:170
-2.336;-0.727;10.142;536.0;0.0;55.9;48.15667;11.52681;;NaN;;20.396;;0 / 18;1180222;2018-11-09 17:57:18:271
-2.403;-0.689;9.701;171.0;0.0;55.9;48.15667;11.52681;;NaN;;20.396;;0 / 18;1180322;2018-11-09 17:57:18:371
-2.317;-0.708;10.008;58.0;0.0;57.08;48.15667;11.52681;;NaN;;20.396;;0 / 18;1180422;2018-11-09 17:57:18:471
-2.298;-0.699;10.132;29.0;0.0;57.08;48.15667;11.52681;;NaN;;20.396;;0 / 18;1180521;2018-11-09 17:57:18:570
-2.327;-0.622;9.778;53.0;0.0;57.08;48.15667;11.52681;;NaN;;20.396;;0 / 18;1180621;2018-11-09 17:57:18:670
-2.346;-0.66;10.247;106.0;0.0;56.92;48.15667;11.52681;;NaN;;20.396;;0 / 18;1180722;2018-11-09 17:57:18:771
-2.413;-0.766;10.017;73.0;0.0;56.92;48.15667;11.52681;;NaN;;20.396;;0 / 18;1180822;2018-11-09 17:57:18:871
-2.269;-0.804;9.912;238.0;0.0;56.92;48.15667;11.52681;;NaN;;20.396;;0 / 18;1180921;2018-11-09 17:57:18:970
-2.413;-0.986;9.874;778.0;0.0;57.58;48.15667;11.52681;;NaN;;20.396;;0 / 18;1181021;2018-11-09 17:57:19:070
-2.279;-0.833;9.807;782.0;0.0;57.58;48.15667;11.52681;;NaN;;20.396;;0 / 18;1181122;2018-11-09 17:57:19:171
-2.499;-0.928;10.123;801.0;0.0;57.58;48.15667;11.52681;;NaN;;20.396;;0 / 18;1181222;2018-11-09 17:57:19:271
-2.221;-0.909;10.123;805.0;0.0;57.56;48.15667;11.52681;;NaN;;20.396;;0 / 18;1181322;2018-11-09 17:57:19:371
-2.25;-0.852;10.276;800.0;0.0;57.56;48.15667;11.52681;;NaN;;20.396;;0 / 18;1181421;2018-11-09 17:57:19:470
-2.365;-0.909;9.807;809.0;0.0;57.56;48.15667;11.52681;;NaN;;20.396;;0 / 18;1181521;2018-11-09 17:57:19:570
-2.317;-0.861;10.161;811.0;1.0;57.57;48.15667;11.52681;;NaN;;20.396;;0 / 18;1181622;2018-11-09 17:57:19:671
-2.308;-0.938;9.826;819.0;1.0;57.57;48.15667;11.52681;;NaN;;20.396;;0 / 18;1181722;2018-11-09 17:57:19:771
-2.336;-0.967;9.96;811.0;0.0;57.57;48.15667;11.52681;;NaN;;20.396;;0 / 18;1181821;2018-11-09 17:57:19:870
-2.269;-0.996;9.874;699.0;0.0;56.58;48.15667;11.52681;;NaN;;20.396;;0 / 18;1181921;2018-11-09 17:57:19:970
-2.26;-0.957;9.759;36.0;0.0;56.58;48.15667;11.52681;;NaN;;20.396;;0 / 18;1182022;2018-11-09 17:57:20:071
-2.202;-0.986;10.132;37.0;0.0;56.58;48.15667;11.52681;;NaN;;20.396;;0 / 18;1182122;2018-11-09 17:57:20:171
-2.279;-0.833;9.988;45.0;0.0;57.36;48.15667;11.52681;;NaN;;20.396;;0 / 18;1182222;2018-11-09 17:57:20:271
-2.308;-0.976;10.237;131.0;0.0;57.36;48.15667;11.52681;;NaN;;20.396;;0 / 18;1182321;2018-11-09 17:57:20:370
-2.26;-0.996;9.921;182.0;0.0;57.36;48.15667;11.52681;;NaN;;20.396;;0 / 18;1182421;2018-11-09 17:57:20:470
-2.317;-0.957;10.18;134.0;0.0;58.5;48.15667;11.52681;;NaN;;20.396;;0 / 18;1182522;2018-11-09 17:57:20:571
-2.279;-0.957;9.921;84.0;0.0;58.5;48.15667;11.52681;;NaN;;20.396;;0 / 18;1182622;2018-11-09 17:57:20:671
-2.26;-1.063;10.151;78.0;0.0;58.5;48.15667;11.52681;;NaN;;20.396;;0 / 18;1182722;2018-11-09 17:57:20:771
-2.221;-1.015;9.969;813.0;0.0;58.01;48.15667;11.52681;;NaN;;20.396;;0 / 18;1182821;2018-11-09 17:57:20:870
-2.317;-0.986;9.874;841.0;1.0;58.01;48.15667;11.52681;;NaN;;20.396;;0 / 18;1182921;2018-11-09 17:57:20:970
-1.925;-0.718;10.276;38.0;0.0;58.01;48.15667;11.52681;;NaN;;20.396;;0 / 18;1183022;2018-11-09 17:57:21:071
-2.212;-1.063;9.931;179.0;0.0;57.73;48.15667;11.52681;;NaN;;20.396;;0 / 18;1183121;2018-11-09 17:57:21:170
-2.327;-0.9;10.036;404.0;1.0;57.73;48.15667;11.52681;;NaN;;20.396;;0 / 18;1183221;2018-11-09 17:57:21:270
-2.221;-0.986;9.96;354.0;1.0;57.73;48.15667;11.52681;;NaN;;20.396;;0 / 18;1183321;2018-11-09 17:57:21:370
-2.241;-0.996;10.209;294.0;1.0;56.99;48.15667;11.52681;;NaN;;20.396;;0 / 18;1183422;2018-11-09 17:57:21:471
-2.231;-0.833;10.142;218.0;1.0;56.99;48.15667;11.52681;;NaN;;20.396;;0 / 18;1183522;2018-11-09 17:57:21:571
-2.212;-0.833;10.228;106.0;0.0;56.99;48.15667;11.52681;;NaN;;20.396;;0 / 18;1183622;2018-11-09 17:57:21:671
-2.308;-0.737;10.305;309.0;0.0;57.31;48.15667;11.52681;;NaN;;20.396;;0 / 18;1183721;2018-11-09 17:57:21:770
-2.078;-0.699;9.634;849.0;1.0;57.31;48.15667;11.52681;;NaN;;20.396;;0 / 18;1183821;2018-11-09 17:57:21:870
-2.183;-0.785;10.056;852.0;0.0;57.31;48.15667;11.52681;;NaN;;20.396;;0 / 18;1183922;2018-11-09 17:57:21:971
-2.403;-0.861;9.807;251.0;0.0;57.3;48.15667;11.52681;;NaN;;20.396;;0 / 18;1184022;2018-11-09 17:57:22:071
-2.202;-0.67;9.826;487.0;1.0;57.3;48.15667;11.52681;;NaN;;20.396;;0 / 18;1184122;2018-11-09 17:57:22:171
-2.317;-0.814;10.075;350.0;1.0;57.3;48.15667;11.52681;;NaN;;20.396;;0 / 18;1184221;2018-11-09 17:57:22:270
-2.231;-0.66;10.199;171.0;1.0;57.19;48.15667;11.52681;;NaN;;20.396;;0 / 18;1184321;2018-11-09 17:57:22:370
-2.231;-0.737;10.017;116.0;0.0;57.19;48.15667;11.52681;;NaN;;20.396;;0 / 18;1184422;2018-11-09 17:57:22:471
-2.288;-0.593;9.864;77.0;0.0;57.19;48.15667;11.52681;;NaN;;20.396;;0 / 18;1184522;2018-11-09 17:57:22:571
-2.279;-0.651;10.036;63.0;0.0;54.72;48.15667;11.52681;;NaN;;20.396;;0 / 18;1184622;2018-11-09 17:57:22:671
-2.202;-0.718;9.874;72.0;0.0;54.72;48.15667;11.52681;;NaN;;20.396;;0 / 18;1184721;2018-11-09 17:57:22:770
-2.298;-0.689;10.228;79.0;0.0;54.72;48.15667;11.52681;;NaN;;20.396;;0 / 18;1184821;2018-11-09 17:57:22:870
-2.288;-0.66;9.893;75.0;0.0;55.98;48.15667;11.52681;;NaN;;20.396;;0 / 18;1184921;2018-11-09 17:57:22:970
-2.241;-0.67;9.893;66.0;0.0;55.98;48.15667;11.52681;;NaN;;20.396;;0 / 18;1185021;2018-11-09 17:57:23:070
-2.288;-0.584;9.941;779.0;0.0;55.98;48.15667;11.52681;;NaN;;20.396;;0 / 18;1185122;2018-11-09 17:57:23:171
-2.183;-0.545;9.807;862.0;1.0;55.3;48.15667;11.52681;;NaN;;20.396;;0 / 18;1185222;2018-11-09 17:57:23:271
-2.202;-0.536;9.854;887.0;0.0;55.3;48.15667;11.52681;;NaN;;20.396;;0 / 18;1185322;2018-11-09 17:57:23:371
-2.308;-0.603;9.969;220.0;0.0;55.3;48.15667;11.52681;;NaN;;20.396;;0 / 18;1185422;2018-11-09 17:57:23:471
-2.202;-0.641;10.103;109.0;0.0;53.9;48.15667;11.52681;;NaN;;20.396;;0 / 18;1185522;2018-11-09 17:57:23:571
-2.327;-0.584;9.883;106.0;0.0;53.9;48.15667;11.52681;;NaN;;20.396;;0 / 18;1185622;2018-11-09 17:57:23:671
-2.384;-0.804;10.247;108.0;0.0;53.9;48.15667;11.52681;;NaN;;20.396;;0 / 18;1185721;2018-11-09 17:57:23:770
-2.71;-0.775;9.778;108.0;1.0;53.29;48.15667;11.52681;;NaN;;20.396;;0 / 18;1185822;2018-11-09 17:57:23:871
-3.102;-0.9;9.548;103.0;1.0;53.29;48.15667;11.52681;;NaN;;20.396;;0 / 18;1185922;2018-11-09 17:57:23:971
-3.007;-0.957;9.797;102.0;1.0;53.29;48.15667;11.52681;;NaN;;20.396;;0 / 18;1186021;2018-11-09 17:57:24:070
-2.968;-0.928;9.548;92.0;1.0;53.73;48.15667;11.52681;;NaN;;20.396;;0 / 18;1186121;2018-11-09 17:57:24:170
-3.189;-0.928;9.759;80.0;1.0;53.73;48.15667;11.52681;;NaN;;20.396;;0 / 18;1186221;2018-11-09 17:57:24:270
-3.074;-0.9;9.481;91.0;1.0;53.73;48.15667;11.52681;;NaN;;20.396;;0 / 18;1186321;2018-11-09 17:57:24:370
-3.016;-0.919;9.72;90.0;1.0;52.85;48.15667;11.52681;;NaN;;20.396;;0 / 18;1186422;2018-11-09 17:57:24:471
-2.882;-0.747;9.845;66.0;1.0;52.85;48.15667;11.52681;;NaN;;20.396;;0 / 18;1186522;2018-11-09 17:57:24:571
-2.355;-0.612;10.008;72.0;0.0;52.85;48.15667;11.52681;;NaN;;20.396;;0 / 18;1186621;2018-11-09 17:57:24:670
-2.863;-0.833;9.72;66.0;0.0;53.11;48.15667;11.52681;;NaN;;20.396;;0 / 18;1186721;2018-11-09 17:57:24:770
-3.122;-0.909;9.749;67.0;0.0;53.11;48.15667;11.52681;;NaN;;20.396;;0 / 18;1186821;2018-11-09 17:57:24:870
-2.93;-0.842;9.739;72.0;0.0;53.11;48.15667;11.52681;;NaN;;20.396;;0 / 18;1186921;2018-11-09 17:57:24:970
-2.681;-0.775;9.998;111.0;1.0;52.99;48.15667;11.52681;;NaN;;20.396;;0 / 18;1187022;2018-11-09 17:57:25:071
-2.451;-0.766;9.902;137.0;1.0;52.99;48.15667;11.52681;;NaN;;20.396;;0 / 18;1187121;2018-11-09 17:57:25:170
-2.269;-0.689;9.749;150.0;1.0;52.99;48.15667;11.52681;;NaN;;20.396;;0 / 18;1187222;2018-11-09 17:57:25:271
-2.355;-0.766;9.96;239.0;1.0;54.75;48.15667;11.52681;;NaN;;20.396;;0 / 18;1187322;2018-11-09 17:57:25:371
-2.336;-0.833;10.151;251.0;1.0;54.75;48.15667;11.52681;;NaN;;20.396;;0 / 18;1187422;2018-11-09 17:57:25:471
-2.317;-0.919;9.988;282.0;1.0;54.75;48.15667;11.52681;;NaN;;20.396;;0 / 18;1187522;2018-11-09 17:57:25:571
-2.298;-0.737;10.046;291.0;1.0;52.5;48.15667;11.52681;;NaN;;20.396;;0 / 18;1187621;2018-11-09 17:57:25:670
-2.269;-0.545;9.692;305.0;1.0;52.5;48.15667;11.52681;;NaN;;20.396;;0 / 18;1187721;2018-11-09 17:57:25:770
-2.059;-0.651;10.142;479.0;1.0;52.5;48.15667;11.52681;;NaN;;20.396;;0 / 18;1187822;2018-11-09 17:57:25:871
-1.857;-1.024;10.094;589.0;1.0;51.73;48.15667;11.52681;;NaN;;20.396;;0 / 18;1187922;2018-11-09 17:57:25:971
-2.011;-1.063;10.429;660.0;1.0;51.73;48.15667;11.52681;;NaN;;20.396;;0 / 18;1188022;2018-11-09 17:57:26:071
-2.03;-0.938;9.902;714.0;1.0;51.73;48.15667;11.52681;;NaN;;20.396;;0 / 18;1188122;2018-11-09 17:57:26:171
-2.039;-0.986;10.352;708.0;1.0;51.09;48.15667;11.52681;;NaN;;20.396;;0 / 18;1188221;2018-11-09 17:57:26:270
-1.953;-1.005;10.036;728.0;1.0;51.09;48.15667;11.52681;;NaN;;20.396;;0 / 18;1188321;2018-11-09 17:57:26:370
-1.953;-1.043;10.18;739.0;1.0;51.09;48.15667;11.52681;;NaN;;20.396;;0 / 18;1188422;2018-11-09 17:57:26:471
-1.944;-0.938;10.056;735.0;1.0;53.65;48.15667;11.52681;;NaN;;20.396;;0 / 18;1188522;2018-11-09 17:57:26:571
-1.905;-0.928;9.969;769.0;1.0;53.65;48.15667;11.52681;;NaN;;20.396;;0 / 18;1188622;2018-11-09 17:57:26:671
-1.723;-1.235;9.692;757.0;1.0;53.65;48.15667;11.52681;;NaN;;20.396;;0 / 18;1188721;2018-11-09 17:57:26:770
-1.963;-1.216;9.644;776.0;1.0;51.83;48.15667;11.52681;;NaN;;20.396;;0 / 18;1188821;2018-11-09 17:57:26:870
-1.848;-1.34;9.73;781.0;1.0;51.83;48.15667;11.52681;;NaN;;20.396;;0 / 18;1188922;2018-11-09 17:57:26:971
-1.896;-1.695;9.883;780.0;1.0;51.83;48.15667;11.52681;;NaN;;20.396;;0 / 18;1189022;2018-11-09 17:57:27:071
-1.848;-1.79;9.692;786.0;1.0;51.82;48.15667;11.52681;;NaN;;20.396;;0 / 18;1189122;2018-11-09 17:57:27:171
-2.02;-1.589;9.921;788.0;1.0;51.82;48.15667;11.52681;;NaN;;20.396;;0 / 18;1189222;2018-11-09 17:57:27:271
-1.857;-1.331;9.902;774.0;1.0;51.82;48.15667;11.52681;;NaN;;20.396;;0 / 18;1189321;2018-11-09 17:57:27:370
-1.934;-1.436;9.826;765.0;1.0;51.59;48.15667;11.52681;;NaN;;20.396;;0 / 18;1189421;2018-11-09 17:57:27:470
-1.79;-1.426;9.663;779.0;1.0;51.59;48.15667;11.52681;;NaN;;20.396;;0 / 18;1189522;2018-11-09 17:57:27:571
-1.857;-1.455;9.874;766.0;1.0;51.59;48.15667;11.52681;;NaN;;20.396;;0 / 18;1189622;2018-11-09 17:57:27:671
-1.915;-1.455;9.605;765.0;1.0;51.81;48.15667;11.52681;;NaN;;20.396;;0 / 18;1189721;2018-11-09 17:57:27:770
-1.848;-1.417;9.95;754.0;1.0;51.81;48.15667;11.52681;;NaN;;20.396;;0 / 18;1189822;2018-11-09 17:57:27:871
-1.867;-1.465;9.787;767.0;1.0;51.81;48.15667;11.52681;;NaN;;20.396;;0 / 18;1189922;2018-11-09 17:57:27:971
-1.848;-1.417;9.605;765.0;1.0;49.74;48.15667;11.52681;;NaN;;20.396;;0 / 18;1190022;2018-11-09 17:57:28:071
-1.714;-1.436;9.969;784.0;1.0;49.74;48.15667;11.52681;;NaN;;20.396;;0 / 18;1190122;2018-11-09 17:57:28:171
-1.829;-1.513;9.893;776.0;1.0;49.74;48.15667;11.52681;;NaN;;20.396;;0 / 18;1190222;2018-11-09 17:57:28:271
-1.838;-1.407;9.625;780.0;1.0;49.4;48.15667;11.52681;;NaN;;20.396;;0 / 18;1190322;2018-11-09 17:57:28:371
-1.81;-1.551;9.835;760.0;1.0;49.4;48.15667;11.52681;;NaN;;20.396;;0 / 18;1190422;2018-11-09 17:57:28:471
-1.915;-1.503;10.017;745.0;1.0;49.4;48.15667;11.52681;;NaN;;20.396;;0 / 18;1190522;2018-11-09 17:57:28:571
-1.992;-1.312;9.807;698.0;1.0;48.81;48.15667;11.52681;;NaN;;20.396;;0 / 18;1190623;2018-11-09 17:57:28:672
-1.934;-1.426;9.874;684.0;1.0;48.81;48.15604;11.5215;;NaN;;100.0;;0 / 18;1190721;2018-11-09 17:57:28:770
-2.269;-1.398;9.797;724.0;1.0;48.81;48.15604;11.5215;;NaN;;100.0;;0 / 18;1190822;2018-11-09 17:57:28:871
-2.375;-1.628;9.835;728.0;1.0;47.49;48.15604;11.5215;;NaN;;100.0;;0 / 18;1190922;2018-11-09 17:57:28:971
-2.451;-1.513;9.05;722.0;1.0;47.49;48.15604;11.5215;;NaN;;100.0;;0 / 18;1191021;2018-11-09 17:57:29:070
-2.739;-1.647;9.098;655.0;1.0;47.49;48.15604;11.5215;;NaN;;100.0;;0 / 18;1191122;2018-11-09 17:57:29:171
-2.672;-1.666;9.625;502.0;1.0;46.81;48.15604;11.5215;;NaN;;100.0;;0 / 18;1191221;2018-11-09 17:57:29:270
-2.882;-1.723;9.586;440.0;1.0;46.81;48.15604;11.5215;;NaN;;100.0;;0 / 18;1191322;2018-11-09 17:57:29:371
-3.323;-1.417;9.299;431.0;1.0;46.81;48.15604;11.5215;;NaN;;100.0;;0 / 18;1191422;2018-11-09 17:57:29:471
-3.093;-0.814;9.251;428.0;1.0;50.22;48.15604;11.5215;;NaN;;100.0;;0 / 18;1191522;2018-11-09 17:57:29:571
-3.026;-0.517;9.577;429.0;1.0;50.22;48.15604;11.5215;;NaN;;100.0;;0 / 18;1191621;2018-11-09 17:57:29:670
-3.016;-0.086;9.481;446.0;1.0;50.22;48.15604;11.5215;;NaN;;100.0;;0 / 18;1191721;2018-11-09 17:57:29:770
-3.122;0.134;9.031;505.0;1.0;46.02;48.15604;11.5215;;NaN;;100.0;;0 / 18;1191821;2018-11-09 17:57:29:870
-2.873;-0.019;9.347;580.0;1.0;46.02;48.15604;11.5215;;NaN;;100.0;;0 / 18;1191921;2018-11-09 17:57:29:970
-2.825;-0.143;9.433;614.0;1.0;46.02;48.15604;11.5215;;NaN;;100.0;;0 / 18;1192021;2018-11-09 17:57:30:070
-2.853;-0.306;9.347;622.0;1.0;43.65;48.15604;11.5215;;NaN;;100.0;;0 / 18;1192121;2018-11-09 17:57:30:170
-3.102;0.019;9.146;565.0;1.0;43.65;48.15604;11.5215;;NaN;;100.0;;0 / 18;1192223;2018-11-09 17:57:30:272
-3.083;0.095;9.079;502.0;1.0;43.65;48.15604;11.5215;;NaN;;100.0;;0 / 18;1192322;2018-11-09 17:57:30:371
-3.715;0.43;8.466;483.0;1.0;47.02;48.15604;11.5215;;NaN;;100.0;;0 / 18;1192421;2018-11-09 17:57:30:470
-3.486;0.335;8.629;465.0;1.0;47.02;48.15604;11.5215;;NaN;;100.0;;0 / 18;1192521;2018-11-09 17:57:30:570
-2.921;0.344;8.878;462.0;1.0;47.02;48.15604;11.5215;;NaN;;100.0;;0 / 18;1192622;2018-11-09 17:57:30:671
-3.112;0.009;9.088;460.0;1.0;42.74;48.15604;11.5215;;NaN;;100.0;;0 / 18;1192721;2018-11-09 17:57:30:770
-3.15;-0.076;9.213;415.0;1.0;42.74;48.15604;11.5215;;NaN;;100.0;;0 / 18;1192821;2018-11-09 17:57:30:870
-3.083;-0.028;9.184;376.0;1.0;42.74;48.15604;11.5215;;NaN;;100.0;;0 / 18;1192922;2018-11-09 17:57:30:971
-3.093;-0.028;9.251;370.0;1.0;42.43;48.15604;11.5215;;NaN;;100.0;;0 / 18;1193022;2018-11-09 17:57:31:071
-3.131;0.124;9.069;372.0;1.0;42.43;48.15604;11.5215;;NaN;;100.0;;0 / 18;1193122;2018-11-09 17:57:31:171
-2.94;0.239;9.002;382.0;1.0;42.43;48.15604;11.5215;;NaN;;100.0;;0 / 18;1193221;2018-11-09 17:57:31:270
-3.083;0.191;8.945;425.0;1.0;44.87;48.15604;11.5215;;NaN;;100.0;;0 / 18;1193321;2018-11-09 17:57:31:370
-2.978;0.124;8.992;451.0;1.0;44.87;48.15604;11.5215;;NaN;;100.0;;0 / 18;1193421;2018-11-09 17:57:31:470
-2.94;0.21;8.954;470.0;1.0;44.87;48.15604;11.5215;;NaN;;100.0;;0 / 18;1193521;2018-11-09 17:57:31:570
-3.189;0.105;9.002;425.0;1.0;43.77;48.15604;11.5215;;NaN;;100.0;;0 / 18;1193621;2018-11-09 17:57:31:670
-3.064;0.105;8.945;408.0;1.0;43.77;48.15604;11.5215;;NaN;;100.0;;0 / 18;1193721;2018-11-09 17:57:31:770
-3.016;0.172;9.021;418.0;1.0;43.77;48.15604;11.5215;;NaN;;100.0;;0 / 18;1193821;2018-11-09 17:57:31:870
-3.035;0.191;9.069;410.0;1.0;41.63;48.15604;11.5215;;NaN;;100.0;;0 / 18;1193922;2018-11-09 17:57:31:971
-2.94;0.172;9.04;426.0;1.0;41.63;48.15604;11.5215;;NaN;;100.0;;0 / 18;1194022;2018-11-09 17:57:32:071
-2.968;0.162;8.973;427.0;1.0;41.63;48.15604;11.5215;;NaN;;100.0;;0 / 18;1194122;2018-11-09 17:57:32:171
-3.007;0.162;8.925;431.0;1.0;44.27;48.15604;11.5215;;NaN;;100.0;;0 / 18;1194221;2018-11-09 17:57:32:270
-3.055;0.162;8.945;451.0;1.0;44.27;48.15604;11.5215;;NaN;;100.0;;0 / 18;1194321;2018-11-09 17:57:32:370
-3.016;0.21;8.897;439.0;1.0;44.27;48.15604;11.5215;;NaN;;100.0;;0 / 18;1194423;2018-11-09 17:57:32:472
-3.016;0.095;9.079;439.0;1.0;48.6;48.15604;11.5215;;NaN;;100.0;;0 / 18;1194522;2018-11-09 17:57:32:571
-2.988;0.134;9.012;444.0;1.0;48.6;48.15604;11.5215;;NaN;;100.0;;0 / 18;1194622;2018-11-09 17:57:32:671
-2.997;0.181;8.878;452.0;1.0;48.6;48.15604;11.5215;;NaN;;100.0;;0 / 18;1194722;2018-11-09 17:57:32:771
-2.93;0.22;8.945;469.0;1.0;51.2;48.15604;11.5215;;NaN;;100.0;;0 / 18;1194823;2018-11-09 17:57:32:872
-3.007;0.181;9.05;459.0;1.0;51.2;48.15604;11.5215;;NaN;;100.0;;0 / 18;1194922;2018-11-09 17:57:32:971
-2.921;0.172;9.107;468.0;1.0;51.2;48.15604;11.5215;;NaN;;100.0;;0 / 18;1195022;2018-11-09 17:57:33:071
-2.853;0.172;9.059;487.0;1.0;43.37;48.15604;11.5215;;NaN;;100.0;;0 / 18;1195122;2018-11-09 17:57:33:171
-2.796;0.21;9.079;478.0;1.0;43.37;48.15604;11.5215;;NaN;;100.0;;0 / 18;1195221;2018-11-09 17:57:33:270
-2.959;0.114;8.992;480.0;1.0;43.37;48.15604;11.5215;;NaN;;100.0;;0 / 18;1195321;2018-11-09 17:57:33:370
-2.882;0.22;8.973;486.0;1.0;42.96;48.15604;11.5215;;NaN;;100.0;;0 / 18;1195422;2018-11-09 17:57:33:471
-2.892;0.181;9.012;496.0;1.0;42.96;48.15604;11.5215;;NaN;;100.0;;0 / 18;1195522;2018-11-09 17:57:33:571
-3.131;0.124;8.83;519.0;1.0;42.96;48.15604;11.5215;;NaN;;100.0;;0 / 18;1195622;2018-11-09 17:57:33:671
-2.796;0.162;9.05;511.0;1.0;44.35;48.15604;11.5215;;NaN;;100.0;;0 / 18;1195722;2018-11-09 17:57:33:771
-2.844;0.21;9.098;511.0;1.0;44.35;48.15604;11.5215;;NaN;;100.0;;0 / 18;1195821;2018-11-09 17:57:33:870
-2.873;0.181;9.088;519.0;1.0;44.35;48.15604;11.5215;;NaN;;100.0;;0 / 18;1195921;2018-11-09 17:57:33:970
-2.786;0.181;9.088;523.0;1.0;43.11;48.15604;11.5215;;NaN;;100.0;;0 / 18;1196021;2018-11-09 17:57:34:070
-2.93;0.201;8.925;523.0;1.0;43.11;48.15604;11.5215;;NaN;;100.0;;0 / 18;1196122;2018-11-09 17:57:34:171
-2.844;0.249;8.849;540.0;1.0;43.11;48.15604;11.5215;;NaN;;100.0;;0 / 18;1196222;2018-11-09 17:57:34:271
-2.901;0.21;9.031;525.0;1.0;43.27;48.15604;11.5215;;NaN;;100.0;;0 / 18;1196322;2018-11-09 17:57:34:371
-2.873;0.201;9.079;523.0;1.0;43.27;48.15604;11.5215;;NaN;;100.0;;0 / 18;1196422;2018-11-09 17:57:34:471
-2.834;0.22;8.897;520.0;1.0;43.27;48.15604;11.5215;;NaN;;100.0;;0 / 18;1196522;2018-11-09 17:57:34:571
-2.748;0.191;8.992;548.0;1.0;43.2;48.15604;11.5215;;NaN;;100.0;;0 / 18;1196621;2018-11-09 17:57:34:670
-2.758;0.287;8.878;546.0;1.0;43.2;48.15604;11.5215;;NaN;;100.0;;0 / 18;1196721;2018-11-09 17:57:34:770
-2.834;0.201;9.04;567.0;1.0;43.2;48.15604;11.5215;;NaN;;100.0;;0 / 18;1196822;2018-11-09 17:57:34:871
-2.681;0.316;8.954;572.0;1.0;43.2;48.15604;11.5215;;NaN;;100.0;;0 / 18;1196922;2018-11-09 17:57:34:971
-2.681;0.239;8.964;570.0;1.0;43.73;48.15604;11.5215;;NaN;;100.0;;0 / 18;1197022;2018-11-09 17:57:35:071
-2.681;0.268;9.136;570.0;1.0;43.73;48.15604;11.5215;;NaN;;100.0;;0 / 18;1197121;2018-11-09 17:57:35:170
-2.48;0.316;8.935;581.0;1.0;43.73;48.15604;11.5215;;NaN;;100.0;;0 / 18;1197221;2018-11-09 17:57:35:270
-2.652;0.229;8.954;571.0;1.0;49.42;48.15604;11.5215;;NaN;;100.0;;0 / 18;1197321;2018-11-09 17:57:35:370
-2.691;0.201;9.021;581.0;1.0;49.42;48.15604;11.5215;;NaN;;100.0;;0 / 18;1197421;2018-11-09 17:57:35:470
-2.633;0.229;9.04;591.0;1.0;49.42;48.15604;11.5215;;NaN;;100.0;;0 / 18;1197522;2018-11-09 17:57:35:571
-2.681;0.22;9.117;601.0;1.0;44.31;48.15604;11.5215;;NaN;;100.0;;0 / 18;1197622;2018-11-09 17:57:35:671
-2.7;0.296;8.906;585.0;1.0;44.31;48.15604;11.5215;;NaN;;100.0;;0 / 18;1197721;2018-11-09 17:57:35:770
-2.748;0.229;9.05;586.0;1.0;44.31;48.15604;11.5215;;NaN;;100.0;;0 / 18;1197821;2018-11-09 17:57:35:870
-2.662;0.287;8.945;590.0;1.0;43.54;48.15604;11.5215;;NaN;;100.0;;0 / 18;1197921;2018-11-09 17:57:35:970
-2.739;0.249;8.906;589.0;1.0;43.54;48.15604;11.5215;;NaN;;100.0;;0 / 18;1198021;2018-11-09 17:57:36:070
-2.662;0.306;8.945;563.0;1.0;43.54;48.15604;11.5215;;NaN;;100.0;;0 / 18;1198121;2018-11-09 17:57:36:170
-2.71;0.239;8.992;577.0;1.0;41.08;48.15604;11.5215;;NaN;;100.0;;0 / 18;1198221;2018-11-09 17:57:36:270
-2.691;0.258;8.983;577.0;1.0;41.08;48.15604;11.5215;;NaN;;100.0;;0 / 18;1198322;2018-11-09 17:57:36:371
-2.652;0.258;8.992;582.0;1.0;41.08;48.15604;11.5215;;NaN;;100.0;;0 / 18;1198422;2018-11-09 17:57:36:471
-2.633;0.258;9.021;586.0;1.0;40.32;48.15604;11.5215;;NaN;;100.0;;0 / 18;1198522;2018-11-09 17:57:36:571
-2.652;0.268;8.973;579.0;1.0;40.32;48.15604;11.5215;;NaN;;100.0;;0 / 18;1198622;2018-11-09 17:57:36:671
-2.7;0.268;9.021;585.0;1.0;40.32;48.15604;11.5215;;NaN;;100.0;;0 / 18;1198722;2018-11-09 17:57:36:771
-2.604;0.21;9.107;584.0;1.0;39.34;48.15604;11.5215;;NaN;;100.0;;0 / 18;1198821;2018-11-09 17:57:36:870
-2.7;0.249;9.088;590.0;1.0;39.34;48.15604;11.5215;;NaN;;100.0;;0 / 18;1198921;2018-11-09 17:57:36:970
-2.681;0.287;9.117;591.0;1.0;39.34;48.15604;11.5215;;NaN;;100.0;;0 / 18;1199021;2018-11-09 17:57:37:070
-2.662;0.249;8.916;600.0;1.0;38.19;48.15604;11.5215;;NaN;;100.0;;0 / 18;1199122;2018-11-09 17:57:37:171
-2.614;0.239;9.079;602.0;1.0;38.19;48.15604;11.5215;;NaN;;100.0;;0 / 18;1199224;2018-11-09 17:57:37:273
-2.672;0.258;9.021;591.0;1.0;38.19;48.15604;11.5215;;NaN;;100.0;;0 / 18;1199321;2018-11-09 17:57:37:370
-2.652;0.296;8.849;596.0;1.0;40.08;48.15604;11.5215;;NaN;;100.0;;0 / 18;1199422;2018-11-09 17:57:37:471
-2.576;0.172;9.232;595.0;1.0;40.08;48.15604;11.5215;;NaN;;100.0;;0 / 18;1199524;2018-11-09 17:57:37:573
-2.49;0.191;9.261;503.0;1.0;40.08;48.15604;11.5215;;NaN;;100.0;;0 / 18;1199622;2018-11-09 17:57:37:671
-2.49;0.335;9.107;107.0;1.0;42.43;48.15604;11.5215;;NaN;;100.0;;0 / 18;1199722;2018-11-09 17:57:37:771
-2.442;0.325;9.088;107.0;0.0;42.43;48.15604;11.5215;;NaN;;100.0;;0 / 18;1199822;2018-11-09 17:57:37:871
-2.394;0.344;8.945;61.0;0.0;42.43;48.15604;11.5215;;NaN;;100.0;;0 / 18;1199922;2018-11-09 17:57:37:971
-2.451;0.296;9.012;58.0;0.0;41.75;48.15604;11.5215;;NaN;;100.0;;0 / 18;1200021;2018-11-09 17:57:38:070
-2.413;0.325;9.107;69.0;0.0;41.75;48.15604;11.5215;;NaN;;100.0;;0 / 18;1200121;2018-11-09 17:57:38:170
-2.298;0.354;8.887;60.0;0.0;41.75;48.15604;11.5215;;NaN;;100.0;;0 / 18;1200221;2018-11-09 17:57:38:270
-2.221;0.105;9.385;76.0;0.0;42.29;48.15604;11.5215;;NaN;;100.0;;0 / 18;1200321;2018-11-09 17:57:38:370
-2.288;0.153;9.337;78.0;0.0;42.29;48.15604;11.5215;;NaN;;100.0;;0 / 18;1200421;2018-11-09 17:57:38:470
-2.212;0.277;9.088;96.0;0.0;42.29;48.15604;11.5215;;NaN;;100.0;;0 / 18;1200522;2018-11-09 17:57:38:571
-2.231;0.316;9.059;71.0;0.0;41.62;48.15604;11.5215;;NaN;;100.0;;0 / 18;1200622;2018-11-09 17:57:38:671
-2.164;0.268;9.079;64.0;0.0;41.62;48.15604;11.5215;;NaN;;100.0;;0 / 18;1200722;2018-11-09 17:57:38:771
-2.26;0.249;9.232;66.0;0.0;41.62;48.15604;11.5215;;NaN;;100.0;;0 / 18;1200821;2018-11-09 17:57:38:870
-2.145;0.363;9.127;65.0;0.0;41.94;48.15604;11.5215;;NaN;;100.0;;0 / 18;1200921;2018-11-09 17:57:38:970
-2.174;0.335;9.232;78.0;0.0;41.94;48.15604;11.5215;;NaN;;100.0;;0 / 18;1201021;2018-11-09 17:57:39:070
-2.193;0.383;9.031;84.0;0.0;41.94;48.15604;11.5215;;NaN;;100.0;;0 / 18;1201122;2018-11-09 17:57:39:171
-2.116;0.143;9.308;68.0;0.0;42.66;48.15604;11.5215;;NaN;;100.0;;0 / 18;1201222;2018-11-09 17:57:39:271
-2.231;0.086;9.337;68.0;0.0;42.66;48.15604;11.5215;;NaN;;100.0;;0 / 18;1201322;2018-11-09 17:57:39:371
-2.269;0.038;9.452;82.0;0.0;42.66;48.15604;11.5215;;NaN;;100.0;;0 / 18;1201421;2018-11-09 17:57:39:470
-2.212;0.335;8.83;85.0;0.0;42.2;48.15604;11.5215;;NaN;;100.0;;0 / 18;1201522;2018-11-09 17:57:39:571
-2.049;0.363;9.079;80.0;0.0;42.2;48.15604;11.5215;;NaN;;100.0;;0 / 18;1201622;2018-11-09 17:57:39:671
-2.298;0.296;9.165;89.0;0.0;42.2;48.15604;11.5215;;NaN;;100.0;;0 / 18;1201722;2018-11-09 17:57:39:771
-2.087;0.392;9.136;76.0;0.0;41.9;48.15604;11.5215;;NaN;;100.0;;0 / 18;1201822;2018-11-09 17:57:39:871
-2.116;0.392;9.04;171.0;0.0;41.9;48.15604;11.5215;;NaN;;100.0;;0 / 18;1201922;2018-11-09 17:57:39:971
-1.647;0.105;9.299;233.0;0.0;41.9;48.15604;11.5215;;NaN;;100.0;;0 / 18;1202022;2018-11-09 17:57:40:071
-1.714;0.21;9.232;248.0;0.0;48.09;48.15604;11.5215;;NaN;;100.0;;0 / 18;1202122;2018-11-09 17:57:40:171
-2.011;0.536;8.973;251.0;0.0;48.09;48.15604;11.5215;;NaN;;100.0;;0 / 18;1202222;2018-11-09 17:57:40:271
-2.049;0.45;8.964;265.0;0.0;48.09;48.15604;11.5215;;NaN;;100.0;;0 / 18;1202322;2018-11-09 17:57:40:371
-2.02;0.44;9.031;271.0;0.0;40.85;48.15604;11.5215;;NaN;;100.0;;0 / 18;1202422;2018-11-09 17:57:40:471
-1.934;0.478;9.117;270.0;0.0;40.85;48.15604;11.5215;;NaN;;100.0;;0 / 18;1202522;2018-11-09 17:57:40:571
-2.049;0.459;9.002;234.0;0.0;40.85;48.15604;11.5215;;NaN;;100.0;;0 / 18;1202622;2018-11-09 17:57:40:671
-1.915;0.45;9.807;207.0;0.0;39.82;48.15604;11.5215;;NaN;;100.0;;0 / 18;1202722;2018-11-09 17:57:40:771
-1.915;0.392;9.979;155.0;0.0;39.82;48.15604;11.5215;;NaN;;100.0;;0 / 18;1202822;2018-11-09 17:57:40:871
-1.905;0.45;9.902;92.0;0.0;39.82;48.15604;11.5215;;NaN;;100.0;;0 / 18;1202922;2018-11-09 17:57:40:971
-1.953;0.411;9.615;83.0;0.0;55.22;48.15604;11.5215;;NaN;;100.0;;0 / 18;1203022;2018-11-09 17:57:41:071
-2.03;0.43;9.586;70.0;0.0;55.22;48.15604;11.5215;;NaN;;100.0;;0 / 18;1203122;2018-11-09 17:57:41:171
-2.068;0.469;9.577;62.0;0.0;55.22;48.15604;11.5215;;NaN;;100.0;;0 / 18;1203222;2018-11-09 17:57:41:271
-2.011;0.411;9.711;90.0;0.0;44.98;48.15604;11.5215;;NaN;;100.0;;0 / 18;1203322;2018-11-09 17:57:41:371
-2.135;0.45;9.577;81.0;0.0;44.98;48.15604;11.5215;;NaN;;100.0;;0 / 18;1203422;2018-11-09 17:57:41:471
-2.087;0.44;9.663;72.0;0.0;44.98;48.15604;11.5215;;NaN;;100.0;;0 / 18;1203522;2018-11-09 17:57:41:571
-1.781;0.66;9.538;58.0;0.0;44.86;48.15604;11.5215;;NaN;;100.0;;0 / 18;1203622;2018-11-09 17:57:41:671
-2.059;0.708;9.787;84.0;0.0;44.86;48.15604;11.5215;;NaN;;100.0;;0 / 18;1203721;2018-11-09 17:57:41:770
-2.164;1.465;9.634;78.0;0.0;44.86;48.15604;11.5215;;NaN;;100.0;;0 / 18;1203821;2018-11-09 17:57:41:870
-0.986;0.881;9.874;66.0;0.0;39.76;48.15604;11.5215;;NaN;;100.0;;0 / 18;1203921;2018-11-09 17:57:41:970
-0.948;-0.45;10.621;55.0;0.0;39.76;48.15604;11.5215;;NaN;;100.0;;0 / 18;1204022;2018-11-09 17:57:42:071
-1.34;-0.325;9.931;66.0;0.0;39.76;48.15604;11.5215;;NaN;;100.0;;0 / 18;1204122;2018-11-09 17:57:42:171
-1.225;-0.047;9.471;71.0;0.0;40.11;48.15604;11.5215;;NaN;;100.0;;0 / 18;1204222;2018-11-09 17:57:42:271
-1.599;1.494;9.27;86.0;0.0;40.11;48.15604;11.5215;;NaN;;100.0;;0 / 18;1204321;2018-11-09 17:57:42:370
-1.388;0.948;9.768;102.0;0.0;40.11;48.15604;11.5215;;NaN;;100.0;;0 / 18;1204421;2018-11-09 17:57:42:470
-1.283;0.555;9.816;103.0;0.0;46.13;48.15604;11.5215;;NaN;;100.0;;0 / 18;1204521;2018-11-09 17:57:42:570
-1.245;0.402;9.835;114.0;0.0;46.13;48.15604;11.5215;;NaN;;100.0;;0 / 18;1204622;2018-11-09 17:57:42:671
-1.398;0.354;9.605;123.0;0.0;46.13;48.15604;11.5215;;NaN;;100.0;;0 / 18;1204722;2018-11-09 17:57:42:771
-1.283;0.21;9.979;108.0;0.0;48.3;48.15604;11.5215;;NaN;;100.0;;0 / 18;1204822;2018-11-09 17:57:42:871
-1.407;0.277;9.72;135.0;0.0;48.3;48.15604;11.5215;;NaN;;100.0;;0 / 18;1204921;2018-11-09 17:57:42:970
-1.312;0.249;9.711;119.0;0.0;48.3;48.15604;11.5215;;NaN;;100.0;;0 / 18;1205022;2018-11-09 17:57:43:071
-1.34;0.258;9.672;133.0;0.0;44.38;48.15604;11.5215;;NaN;;100.0;;0 / 18;1205122;2018-11-09 17:57:43:171
-1.426;0.306;9.864;127.0;0.0;44.38;48.15604;11.5215;;NaN;;100.0;;0 / 18;1205222;2018-11-09 17:57:43:271
-1.292;0.354;9.912;132.0;0.0;44.38;48.15604;11.5215;;NaN;;100.0;;0 / 18;1205322;2018-11-09 17:57:43:371
-1.388;0.296;10.075;129.0;0.0;44.24;48.15604;11.5215;;NaN;;100.0;;0 / 18;1205423;2018-11-09 17:57:43:472
-1.292;0.45;9.634;133.0;0.0;44.24;48.15604;11.5215;;NaN;;100.0;;0 / 18;1205522;2018-11-09 17:57:43:571
-1.513;0.325;9.816;125.0;0.0;44.24;48.15604;11.5215;;NaN;;100.0;;0 / 18;1205622;2018-11-09 17:57:43:671
-1.302;0.201;9.988;133.0;0.0;43.99;48.15604;11.5215;;NaN;;100.0;;0 / 18;1205722;2018-11-09 17:57:43:771
-1.58;0.028;10.458;140.0;0.0;43.99;48.15604;11.5215;;NaN;;100.0;;0 / 18;1205821;2018-11-09 17:57:43:870
-1.206;0.545;9.778;144.0;0.0;43.99;48.15604;11.5215;;NaN;;100.0;;0 / 18;1205921;2018-11-09 17:57:43:970
-1.331;0.478;9.835;134.0;0.0;49.35;48.15604;11.5215;;NaN;;100.0;;0 / 18;1206021;2018-11-09 17:57:44:070
-1.292;0.507;9.921;138.0;0.0;49.35;48.15604;11.5215;;NaN;;100.0;;0 / 18;1206121;2018-11-09 17:57:44:170
-1.273;0.287;9.931;132.0;0.0;49.35;48.15604;11.5215;;NaN;;100.0;;0 / 18;1206221;2018-11-09 17:57:44:270
-1.216;0.229;10.113;149.0;0.0;46.99;48.15604;11.5215;;NaN;;100.0;;0 / 18;1206321;2018-11-09 17:57:44:370
-1.359;0.124;9.711;137.0;0.0;46.99;48.15604;11.5215;;NaN;;100.0;;0 / 18;1206422;2018-11-09 17:57:44:471
-1.369;0.383;9.969;135.0;0.0;46.99;48.15604;11.5215;;NaN;;100.0;;0 / 18;1206523;2018-11-09 17:57:44:572
-1.197;0.459;9.5;119.0;0.0;46.27;48.15604;11.5215;;NaN;;100.0;;0 / 18;1206622;2018-11-09 17:57:44:671
-1.407;0.526;9.816;135.0;0.0;46.27;48.15604;11.5215;;NaN;;100.0;;0 / 18;1206721;2018-11-09 17:57:44:770
-1.187;0.565;9.73;140.0;0.0;46.27;48.15604;11.5215;;NaN;;100.0;;0 / 18;1206822;2018-11-09 17:57:44:871
-1.101;0.488;9.481;154.0;0.0;47.86;48.15604;11.5215;;NaN;;100.0;;0 / 18;1206922;2018-11-09 17:57:44:971
-1.455;0.402;10.525;155.0;0.0;47.86;48.15604;11.5215;;NaN;;100.0;;0 / 18;1207022;2018-11-09 17:57:45:071
-1.474;0.268;10.333;155.0;0.0;47.86;48.15604;11.5215;;NaN;;100.0;;0 / 18;1207122;2018-11-09 17:57:45:171
-1.225;0.459;9.864;163.0;0.0;49.83;48.15604;11.5215;;NaN;;100.0;;0 / 18;1207222;2018-11-09 17:57:45:271
-1.177;0.43;10.027;161.0;0.0;49.83;48.15604;11.5215;;NaN;;100.0;;0 / 18;1207321;2018-11-09 17:57:45:370
-1.254;0.268;9.874;142.0;0.0;49.83;48.15604;11.5215;;NaN;;100.0;;0 / 18;1207421;2018-11-09 17:57:45:470
-1.283;0.584;9.941;150.0;0.0;49.12;48.15604;11.5215;;NaN;;100.0;;0 / 18;1207522;2018-11-09 17:57:45:571
-1.34;0.498;9.548;139.0;0.0;49.12;48.15604;11.5215;;NaN;;100.0;;0 / 18;1207622;2018-11-09 17:57:45:671
-1.321;0.584;9.634;123.0;0.0;49.12;48.15604;11.5215;;NaN;;100.0;;0 / 18;1207721;2018-11-09 17:57:45:770
-1.369;0.507;9.739;158.0;0.0;51.41;48.15604;11.5215;;NaN;;100.0;;0 / 18;1207821;2018-11-09 17:57:45:870
-1.302;0.363;9.893;146.0;0.0;51.41;48.15604;11.5215;;NaN;;100.0;;0 / 18;1207922;2018-11-09 17:57:45:971
-1.455;0.498;9.692;135.0;0.0;51.41;48.15604;11.5215;;NaN;;100.0;;0 / 18;1208022;2018-11-09 17:57:46:071
-1.417;0.622;9.308;178.0;1.0;50.46;48.15604;11.5215;;NaN;;100.0;;0 / 18;1208122;2018-11-09 17:57:46:171
-1.359;0.536;9.567;204.0;1.0;50.46;48.15604;11.5215;;NaN;;100.0;;0 / 18;1208221;2018-11-09 17:57:46:270
-1.599;0.363;10.17;196.0;1.0;50.46;48.15604;11.5215;;NaN;;100.0;;0 / 18;1208322;2018-11-09 17:57:46:371
-1.331;0.555;9.797;284.0;1.0;52.78;48.15604;11.5215;;NaN;;100.0;;0 / 18;1208422;2018-11-09 17:57:46:471
-1.139;0.469;9.261;571.0;1.0;52.78;48.15604;11.5215;;NaN;;100.0;;0 / 18;1208522;2018-11-09 17:57:46:571
-0.986;0.469;9.203;760.0;1.0;52.78;48.15604;11.5215;;NaN;;100.0;;0 / 18;1208621;2018-11-09 17:57:46:670
-1.273;0.727;9.692;790.0;1.0;49.16;48.15604;11.5215;;NaN;;100.0;;0 / 18;1208721;2018-11-09 17:57:46:770
-1.541;0.996;9.538;820.0;1.0;49.16;48.15604;11.5215;;NaN;;100.0;;0 / 18;1208822;2018-11-09 17:57:46:871
-1.264;1.331;8.801;797.0;1.0;49.16;48.15604;11.5215;;NaN;;100.0;;0 / 18;1208922;2018-11-09 17:57:46:971
-2.47;0.938;9.318;830.0;1.0;51.92;48.15604;11.5215;;NaN;;100.0;;0 / 18;1209021;2018-11-09 17:57:47:070
-2.135;1.474;9.615;934.0;1.0;51.92;48.15604;11.5215;;NaN;;100.0;;0 / 18;1209121;2018-11-09 17:57:47:170
-2.26;1.043;10.027;1058.0;1.0;51.92;48.15604;11.5215;;NaN;;100.0;;0 / 18;1209221;2018-11-09 17:57:47:270
-2.202;0.976;9.998;1130.0;1.0;56.61;48.15604;11.5215;;NaN;;100.0;;0 / 18;1209322;2018-11-09 17:57:47:371
-2.001;1.388;9.127;1167.0;1.0;56.61;48.15604;11.5215;;NaN;;100.0;;0 / 18;1209422;2018-11-09 17:57:47:471
-2.116;0.45;10.218;1160.0;1.0;56.61;48.15604;11.5215;;NaN;;100.0;;0 / 18;1209522;2018-11-09 17:57:47:571
-2.968;1.12;9.155;1091.0;1.0;54.78;48.15604;11.5215;;NaN;;100.0;;0 / 18;1209622;2018-11-09 17:57:47:671
-2.432;1.57;8.801;1064.0;1.0;54.78;48.15604;11.5215;;NaN;;100.0;;0 / 18;1209721;2018-11-09 17:57:47:770
-2.106;0.478;10.027;998.0;1.0;54.78;48.15604;11.5215;;NaN;;100.0;;0 / 18;1209822;2018-11-09 17:57:47:871
-2.432;0.89;10.142;933.0;1.0;53.12;48.15604;11.5215;;NaN;;100.0;;0 / 18;1209922;2018-11-09 17:57:47:971
-2.672;0.277;9.548;874.0;1.0;53.12;48.15604;11.5215;;NaN;;100.0;;0 / 18;1210021;2018-11-09 17:57:48:070
-2.978;0.162;9.663;751.0;1.0;53.12;48.15604;11.5215;;NaN;;100.0;;0 / 18;1210122;2018-11-09 17:57:48:171
-3.591;0.708;9.088;719.0;1.0;52.21;48.15604;11.5215;;NaN;;100.0;;0 / 18;1210222;2018-11-09 17:57:48:271
-3.074;0.114;9.72;496.0;1.0;52.21;48.15595;11.52064;;NaN;;68.4;;0 / 18;1210322;2018-11-09 17:57:48:371
-3.055;0.124;9.893;442.0;1.0;52.21;48.15595;11.52064;;NaN;;68.4;;0 / 18;1210421;2018-11-09 17:57:48:470
-2.786;0.287;9.423;474.0;1.0;56.02;48.15595;11.52064;;NaN;;68.4;;0 / 18;1210522;2018-11-09 17:57:48:571
-2.901;0.459;9.682;477.0;1.0;56.02;48.15595;11.52064;;NaN;;68.4;;0 / 18;1210622;2018-11-09 17:57:48:671
-2.892;0.411;9.538;475.0;1.0;56.02;48.15595;11.52064;;NaN;;68.4;;0 / 18;1210722;2018-11-09 17:57:48:771
-3.055;0.373;9.462;479.0;1.0;52.41;48.15595;11.52064;;NaN;;68.4;;0 / 18;1210821;2018-11-09 17:57:48:870
-2.518;0.21;9.787;454.0;1.0;52.41;48.15595;11.52064;;NaN;;68.4;;0 / 18;1210921;2018-11-09 17:57:48:970
-3.122;0.124;9.615;369.0;1.0;52.41;48.15595;11.52064;;NaN;;68.4;;0 / 18;1211022;2018-11-09 17:57:49:071
-3.294;-0.258;9.95;390.0;1.0;52.41;48.15595;11.52064;;NaN;;68.4;;0 / 18;1211122;2018-11-09 17:57:49:171
-3.371;0.057;10.075;393.0;1.0;52.76;48.15595;11.52064;;NaN;;68.4;;0 / 18;1211222;2018-11-09 17:57:49:271
-3.265;0.536;9.366;402.0;1.0;52.76;48.15595;11.52064;;NaN;;68.4;;0 / 18;1211321;2018-11-09 17:57:49:370
-3.84;0.507;9.012;433.0;1.0;52.76;48.15595;11.52064;;NaN;;68.4;;0 / 18;1211421;2018-11-09 17:57:49:470
-3.141;-0.067;9.874;299.0;1.0;51.2;48.15595;11.52064;;NaN;;68.4;;0 / 18;1211522;2018-11-09 17:57:49:571
-3.361;-0.181;9.979;296.0;1.0;51.2;48.15595;11.52064;;NaN;;68.4;;0 / 18;1211622;2018-11-09 17:57:49:671
-3.419;-0.105;9.96;295.0;1.0;51.2;48.15595;11.52064;;NaN;;68.4;;0 / 18;1211722;2018-11-09 17:57:49:771
-3.304;0.114;9.787;272.0;1.0;53.54;48.15595;11.52064;;NaN;;68.4;;0 / 18;1211821;2018-11-09 17:57:49:870
-3.083;0.162;9.883;249.0;1.0;53.54;48.15595;11.52064;;NaN;;68.4;;0 / 18;1211922;2018-11-09 17:57:49:971
-2.815;0.526;10.046;273.0;1.0;53.54;48.15595;11.52064;;NaN;;68.4;;0 / 18;1212022;2018-11-09 17:57:50:071
-3.15;0.421;9.443;299.0;1.0;51.29;48.15595;11.52064;;NaN;;68.4;;0 / 18;1212122;2018-11-09 17:57:50:171
-2.624;0.392;9.452;311.0;1.0;51.29;48.15595;11.52064;;NaN;;68.4;;0 / 18;1212221;2018-11-09 17:57:50:270
-2.873;0.306;9.577;350.0;1.0;51.29;48.15595;11.52064;;NaN;;68.4;;0 / 18;1212322;2018-11-09 17:57:50:371
-2.786;0.316;9.538;384.0;1.0;53.05;48.15595;11.52064;;NaN;;68.4;;0 / 18;1212422;2018-11-09 17:57:50:471
-2.825;0.296;9.586;409.0;1.0;53.05;48.15595;11.52064;;NaN;;68.4;;0 / 18;1212522;2018-11-09 17:57:50:571
-2.796;0.411;9.711;442.0;1.0;53.05;48.15595;11.52064;;NaN;;68.4;;0 / 18;1212622;2018-11-09 17:57:50:671
-2.767;0.411;9.596;422.0;1.0;51.04;48.15595;11.52064;;NaN;;68.4;;0 / 18;1212722;2018-11-09 17:57:50:771
-2.547;0.306;9.567;422.0;1.0;51.04;48.15595;11.52064;;NaN;;68.4;;0 / 18;1212821;2018-11-09 17:57:50:870
-2.71;0.363;9.692;425.0;1.0;51.04;48.15595;11.52064;;NaN;;68.4;;0 / 18;1212922;2018-11-09 17:57:50:971
-2.844;0.316;9.404;443.0;1.0;54.65;48.15595;11.52064;;NaN;;68.4;;0 / 18;1213022;2018-11-09 17:57:51:071
-3.533;0.478;8.016;440.0;1.0;54.65;48.15595;11.52064;;NaN;;68.4;;0 / 18;1213124;2018-11-09 17:57:51:173
-2.844;-0.134;10.151;449.0;1.0;54.65;48.15595;11.52064;;NaN;;68.4;;0 / 18;1213222;2018-11-09 17:57:51:271
-2.892;0.325;9.634;444.0;1.0;53.57;48.15595;11.52064;;NaN;;68.4;;0 / 18;1213322;2018-11-09 17:57:51:371
-2.786;0.249;9.653;467.0;1.0;53.57;48.15595;11.52064;;NaN;;68.4;;0 / 18;1213423;2018-11-09 17:57:51:472
-2.719;0.335;9.596;469.0;1.0;53.57;48.15595;11.52064;;NaN;;68.4;;0 / 18;1213522;2018-11-09 17:57:51:571
-2.825;0.871;9.931;481.0;1.0;56.31;48.15595;11.52064;;NaN;;68.4;;0 / 18;1213622;2018-11-09 17:57:51:671
-2.691;0.344;9.577;495.0;1.0;56.31;48.15595;11.52064;;NaN;;68.4;;0 / 18;1213722;2018-11-09 17:57:51:771
-2.767;0.344;9.816;480.0;1.0;56.31;48.15595;11.52064;;NaN;;68.4;;0 / 18;1213822;2018-11-09 17:57:51:871
-2.892;0.325;9.883;474.0;1.0;54.14;48.15595;11.52064;;NaN;;68.4;;0 / 18;1213922;2018-11-09 17:57:51:971
-2.777;0.325;9.711;485.0;1.0;54.14;48.15595;11.52064;;NaN;;68.4;;0 / 18;1214022;2018-11-09 17:57:52:071
-2.758;0.335;9.653;492.0;1.0;54.14;48.15595;11.52064;;NaN;;68.4;;0 / 18;1214123;2018-11-09 17:57:52:172
-2.576;0.383;9.481;471.0;1.0;52.82;48.15595;11.52064;;NaN;;68.4;;0 / 18;1214222;2018-11-09 17:57:52:271
-2.758;0.402;9.548;365.0;1.0;52.82;48.15595;11.52064;;NaN;;68.4;;0 / 18;1214322;2018-11-09 17:57:52:371
-2.672;0.392;10.027;153.0;1.0;52.82;48.15595;11.52064;;NaN;;68.4;;0 / 18;1214422;2018-11-09 17:57:52:471
-2.576;0.421;9.816;142.0;1.0;53.82;48.15595;11.52064;;NaN;;68.4;;0 / 18;1214522;2018-11-09 17:57:52:571
-2.633;0.383;10.017;505.0;1.0;53.82;48.15595;11.52064;;NaN;;68.4;;0 / 18;1214622;2018-11-09 17:57:52:671
-2.748;0.296;9.96;471.0;1.0;53.82;48.15595;11.52064;;NaN;;68.4;;0 / 18;1214722;2018-11-09 17:57:52:771
-2.614;0.363;9.653;419.0;1.0;53.57;48.15595;11.52064;;NaN;;68.4;;0 / 18;1214822;2018-11-09 17:57:52:871
-2.499;0.21;9.5;357.0;1.0;53.57;48.15595;11.52064;;NaN;;68.4;;0 / 18;1214922;2018-11-09 17:57:52:971
-2.614;0.43;9.28;122.0;0.0;53.57;48.15595;11.52064;;NaN;;68.4;;0 / 18;1215021;2018-11-09 17:57:53:070
-2.432;0.517;9.95;81.0;0.0;53.61;48.15595;11.52064;;NaN;;68.4;;0 / 18;1215122;2018-11-09 17:57:53:171
-2.547;0.421;9.816;117.0;0.0;53.61;48.15595;11.52064;;NaN;;68.4;;0 / 18;1215223;2018-11-09 17:57:53:272
-2.518;0.45;9.72;68.0;0.0;53.61;48.15595;11.52064;;NaN;;68.4;;0 / 18;1215322;2018-11-09 17:57:53:371
-2.691;0.363;10.075;62.0;0.0;52.95;48.15595;11.52064;;NaN;;68.4;;0 / 18;1215422;2018-11-09 17:57:53:471
-2.614;0.354;9.605;78.0;0.0;52.95;48.15595;11.52064;;NaN;;68.4;;0 / 18;1215522;2018-11-09 17:57:53:571
-2.719;0.421;9.605;115.0;0.0;52.95;48.15595;11.52064;;NaN;;68.4;;0 / 18;1215622;2018-11-09 17:57:53:671
-2.528;0.335;9.644;365.0;0.0;54.18;48.15595;11.52064;;NaN;;68.4;;0 / 18;1215722;2018-11-09 17:57:53:771
-2.403;0.373;9.567;184.0;0.0;54.18;48.15595;11.52064;;NaN;;68.4;;0 / 18;1215822;2018-11-09 17:57:53:871
-2.509;0.354;9.481;98.0;0.0;54.18;48.15595;11.52064;;NaN;;68.4;;0 / 18;1215922;2018-11-09 17:57:53:971
-2.442;0.383;10.065;86.0;0.0;55.13;48.15595;11.52064;;NaN;;68.4;;0 / 18;1216021;2018-11-09 17:57:54:070
-2.557;0.325;10.17;104.0;0.0;55.13;48.15595;11.52064;;NaN;;68.4;;0 / 18;1216121;2018-11-09 17:57:54:170
-2.739;0.852;9.538;482.0;0.0;55.13;48.15595;11.52064;;NaN;;68.4;;0 / 18;1216221;2018-11-09 17:57:54:270
-2.279;0.545;9.663;505.0;0.0;54.67;48.15595;11.52064;;NaN;;68.4;;0 / 18;1216322;2018-11-09 17:57:54:371
-2.432;0.392;9.395;443.0;0.0;54.67;48.15595;11.52064;;NaN;;68.4;;0 / 18;1216422;2018-11-09 17:57:54:471
-2.346;0.632;9.529;168.0;0.0;54.67;48.15595;11.52064;;NaN;;68.4;;0 / 18;1216522;2018-11-09 17:57:54:571
-2.499;0.593;9.596;100.0;0.0;53.27;48.15595;11.52064;;NaN;;68.4;;0 / 18;1216622;2018-11-09 17:57:54:671
-2.375;0.507;9.874;113.0;0.0;53.27;48.15595;11.52064;;NaN;;68.4;;0 / 18;1216721;2018-11-09 17:57:54:770
-2.365;0.316;10.218;116.0;0.0;53.27;48.15595;11.52064;;NaN;;68.4;;0 / 18;1216822;2018-11-09 17:57:54:871
-2.174;0.43;9.605;125.0;0.0;54.12;48.15595;11.52064;;NaN;;68.4;;0 / 18;1216921;2018-11-09 17:57:54:970
-2.241;0.498;9.653;139.0;0.0;54.12;48.15595;11.52064;;NaN;;68.4;;0 / 18;1217021;2018-11-09 17:57:55:070
-2.346;0.545;9.605;145.0;1.0;54.12;48.15595;11.52064;;NaN;;68.4;;0 / 18;1217122;2018-11-09 17:57:55:171
-2.346;0.421;10.276;200.0;1.0;54.17;48.15595;11.52064;;NaN;;68.4;;0 / 18;1217222;2018-11-09 17:57:55:271
-2.518;0.469;9.787;338.0;1.0;54.17;48.15595;11.52064;;NaN;;68.4;;0 / 18;1217322;2018-11-09 17:57:55:371
-2.384;0.574;9.519;429.0;1.0;54.17;48.15595;11.52064;;NaN;;68.4;;0 / 18;1217422;2018-11-09 17:57:55:471
-2.183;0.555;9.49;412.0;1.0;54.27;48.15595;11.52064;;NaN;;68.4;;0 / 18;1217521;2018-11-09 17:57:55:570
-2.231;0.545;9.443;294.0;1.0;54.27;48.15595;11.52064;;NaN;;68.4;;0 / 18;1217622;2018-11-09 17:57:55:671
-2.183;0.612;9.203;153.0;1.0;54.27;48.15595;11.52064;;NaN;;68.4;;0 / 18;1217722;2018-11-09 17:57:55:771
-2.241;0.402;10.994;135.0;0.0;53.08;48.15595;11.52064;;NaN;;68.4;;0 / 18;1217821;2018-11-09 17:57:55:870
-2.384;0.373;9.883;105.0;0.0;53.08;48.15595;11.52064;;NaN;;68.4;;0 / 18;1217921;2018-11-09 17:57:55:970
-2.375;0.469;9.72;159.0;1.0;53.08;48.15595;11.52064;;NaN;;68.4;;0 / 18;1218021;2018-11-09 17:57:56:070
-2.346;0.421;9.749;133.0;1.0;55.11;48.15595;11.52064;;NaN;;68.4;;0 / 18;1218121;2018-11-09 17:57:56:170
-2.298;0.498;9.471;70.0;0.0;55.11;48.15595;11.52064;;NaN;;68.4;;0 / 18;1218221;2018-11-09 17:57:56:270
-2.384;0.411;9.96;405.0;0.0;55.11;48.15595;11.52064;;NaN;;68.4;;0 / 18;1218321;2018-11-09 17:57:56:370
-2.451;0.344;9.845;490.0;0.0;55.04;48.15595;11.52064;;NaN;;68.4;;0 / 18;1218421;2018-11-09 17:57:56:470
-2.509;0.469;10.199;557.0;0.0;55.04;48.15595;11.52064;;NaN;;68.4;;0 / 18;1218522;2018-11-09 17:57:56:571
-2.537;1.13;9.481;533.0;0.0;55.04;48.15595;11.52064;;NaN;;68.4;;0 / 18;1218622;2018-11-09 17:57:56:671
-2.126;0.038;9.845;219.0;0.0;54.54;48.15595;11.52064;;NaN;;68.4;;0 / 18;1218721;2018-11-09 17:57:56:770
-2.126;-0.162;10.151;77.0;0.0;54.54;48.15595;11.52064;;NaN;;68.4;;0 / 18;1218821;2018-11-09 17:57:56:870
-2.059;-0.162;10.63;84.0;0.0;54.54;48.15595;11.52064;;NaN;;68.4;;0 / 18;1218921;2018-11-09 17:57:56:970
-2.279;0.718;9.711;76.0;0.0;54.51;48.15595;11.52064;;NaN;;68.4;;0 / 18;1219021;2018-11-09 17:57:57:070
-2.049;0.459;9.605;83.0;0.0;54.51;48.15595;11.52064;;NaN;;68.4;;0 / 18;1219121;2018-11-09 17:57:57:170
-2.049;0.21;10.199;92.0;0.0;54.51;48.15595;11.52064;;NaN;;68.4;;0 / 18;1219222;2018-11-09 17:57:57:271
-2.135;0.488;10.17;94.0;0.0;55.13;48.15595;11.52064;;NaN;;68.4;;0 / 18;1219321;2018-11-09 17:57:57:370
-1.963;0.555;9.768;82.0;0.0;55.13;48.15595;11.52064;;NaN;;68.4;;0 / 18;1219421;2018-11-09 17:57:57:470
-1.838;0.383;9.701;67.0;0.0;55.13;48.15595;11.52064;;NaN;;68.4;;0 / 18;1219521;2018-11-09 17:57:57:570
-1.944;0.076;9.845;83.0;0.0;55.08;48.15595;11.52064;;NaN;;68.4;;0 / 18;1219622;2018-11-09 17:57:57:671
-2.202;0.143;9.845;102.0;0.0;55.08;48.15595;11.52064;;NaN;;68.4;;0 / 18;1219721;2018-11-09 17:57:57:770
-2.087;0.526;9.395;114.0;1.0;55.08;48.15595;11.52064;;NaN;;68.4;;0 / 18;1219821;2018-11-09 17:57:57:870
-2.154;0.651;9.835;128.0;1.0;55.6;48.15595;11.52064;;NaN;;68.4;;0 / 18;1219921;2018-11-09 17:57:57:970
-2.135;0.612;10.113;140.0;1.0;55.6;48.15595;11.52064;;NaN;;68.4;;0 / 18;1220022;2018-11-09 17:57:58:071
-2.03;0.555;9.998;196.0;1.0;55.6;48.15595;11.52064;;NaN;;68.4;;0 / 18;1220121;2018-11-09 17:57:58:170
-2.059;0.296;10.008;315.0;1.0;55.59;48.15595;11.52064;;NaN;;68.4;;0 / 18;1220222;2018-11-09 17:57:58:271
-1.915;0.162;9.835;324.0;1.0;55.59;48.15595;11.52064;;NaN;;68.4;;0 / 18;1220322;2018-11-09 17:57:58:371
-1.838;-0.363;10.611;326.0;1.0;55.59;48.15595;11.52064;;NaN;;68.4;;0 / 18;1220422;2018-11-09 17:57:58:471
-1.723;-0.9;10.19;360.0;1.0;54.91;48.15595;11.52064;;NaN;;68.4;;0 / 18;1220521;2018-11-09 17:57:58:570
-1.714;-0.842;9.807;376.0;1.0;54.91;48.15595;11.52064;;NaN;;68.4;;0 / 18;1220621;2018-11-09 17:57:58:670
-1.752;-0.306;9.452;333.0;1.0;54.91;48.15595;11.52064;;NaN;;68.4;;0 / 18;1220721;2018-11-09 17:57:58:770
-1.829;-0.574;9.854;311.0;1.0;56.11;48.15595;11.52064;;NaN;;68.4;;0 / 18;1220821;2018-11-09 17:57:58:870
-1.848;-0.478;9.538;321.0;1.0;56.11;48.15595;11.52064;;NaN;;68.4;;0 / 18;1220922;2018-11-09 17:57:58:971
-1.752;-0.325;9.395;376.0;1.0;56.11;48.15595;11.52064;;NaN;;68.4;;0 / 18;1221022;2018-11-09 17:57:59:071
-1.608;-0.296;9.644;446.0;1.0;57.68;48.15595;11.52064;;NaN;;68.4;;0 / 18;1221122;2018-11-09 17:57:59:171
-1.733;-0.306;10.18;500.0;1.0;57.68;48.15595;11.52064;;NaN;;68.4;;0 / 18;1221222;2018-11-09 17:57:59:271
-1.829;-0.335;10.18;554.0;1.0;57.68;48.15595;11.52064;;NaN;;68.4;;0 / 18;1221322;2018-11-09 17:57:59:371
-1.982;-0.392;9.759;578.0;1.0;57.7;48.15595;11.52064;;NaN;;68.4;;0 / 18;1221422;2018-11-09 17:57:59:471
-1.838;-0.402;9.366;582.0;1.0;57.7;48.15595;11.52064;;NaN;;68.4;;0 / 18;1221521;2018-11-09 17:57:59:570
-1.695;-0.363;9.452;321.0;1.0;57.7;48.15595;11.52064;;NaN;;68.4;;0 / 18;1221622;2018-11-09 17:57:59:671
-1.857;-0.469;10.008;122.0;1.0;57.07;48.15595;11.52064;;NaN;;68.4;;0 / 18;1221722;2018-11-09 17:57:59:771
-1.752;-0.45;10.381;135.0;1.0;57.07;48.15595;11.52064;;NaN;;68.4;;0 / 18;1221822;2018-11-09 17:57:59:871
-1.944;-0.402;9.672;174.0;1.0;57.07;48.15595;11.52064;;NaN;;68.4;;0 / 18;1221922;2018-11-09 17:57:59:971
-2.039;-0.363;9.663;149.0;1.0;56.95;48.15595;11.52064;;NaN;;68.4;;0 / 18;1222021;2018-11-09 17:58:00:070
-1.618;-0.402;9.682;196.0;1.0;56.95;48.15595;11.52064;;NaN;;68.4;;0 / 18;1222122;2018-11-09 17:58:00:171
-1.905;-0.134;9.452;419.0;1.0;56.95;48.15595;11.52064;;NaN;;68.4;;0 / 18;1222222;2018-11-09 17:58:00:271
-2.039;-0.775;10.123;482.0;1.0;57.25;48.15595;11.52064;;NaN;;68.4;;0 / 18;1222321;2018-11-09 17:58:00:370
-1.896;-0.44;9.72;492.0;1.0;57.25;48.15595;11.52064;;NaN;;68.4;;0 / 18;1222421;2018-11-09 17:58:00:470
-1.905;-0.306;9.452;540.0;1.0;57.25;48.15595;11.52064;;NaN;;68.4;;0 / 18;1222522;2018-11-09 17:58:00:571
-2.126;-0.421;10.87;560.0;1.0;57.35;48.15595;11.52064;;NaN;;68.4;;0 / 18;1222621;2018-11-09 17:58:00:670
-2.03;-0.852;9.893;560.0;1.0;57.35;48.15595;11.52064;;NaN;;68.4;;0 / 18;1222721;2018-11-09 17:58:00:770
-1.867;-0.344;10.075;550.0;1.0;57.35;48.15595;11.52064;;NaN;;68.4;;0 / 18;1222822;2018-11-09 17:58:00:871
-1.934;-0.316;9.807;546.0;1.0;57.2;48.15595;11.52064;;NaN;;68.4;;0 / 18;1222922;2018-11-09 17:58:00:971
-1.934;-0.392;9.72;558.0;1.0;57.2;48.15595;11.52064;;NaN;;68.4;;0 / 18;1223022;2018-11-09 17:58:01:071
-1.704;-0.421;9.596;554.0;1.0;57.2;48.15595;11.52064;;NaN;;68.4;;0 / 18;1223121;2018-11-09 17:58:01:170
-1.781;-0.593;9.778;560.0;1.0;59.58;48.15595;11.52064;;NaN;;68.4;;0 / 18;1223222;2018-11-09 17:58:01:271
-1.838;-0.306;9.749;560.0;1.0;59.58;48.15595;11.52064;;NaN;;68.4;;0 / 18;1223322;2018-11-09 17:58:01:371
-1.915;-0.172;9.941;554.0;1.0;59.58;48.15595;11.52064;;NaN;;68.4;;0 / 18;1223421;2018-11-09 17:58:01:470
-2.03;-0.229;9.912;560.0;1.0;55.92;48.15595;11.52064;;NaN;;68.4;;0 / 18;1223521;2018-11-09 17:58:01:570
-1.877;-0.181;9.672;574.0;1.0;55.92;48.15595;11.52064;;NaN;;68.4;;0 / 18;1223622;2018-11-09 17:58:01:671
-1.8;-0.363;9.395;604.0;1.0;55.92;48.15595;11.52064;;NaN;;68.4;;0 / 18;1223722;2018-11-09 17:58:01:771
-1.915;-0.316;9.941;606.0;1.0;56.93;48.15595;11.52064;;NaN;;68.4;;0 / 18;1223821;2018-11-09 17:58:01:870
-1.944;-0.679;10.314;594.0;1.0;56.93;48.15595;11.52064;;NaN;;68.4;;0 / 18;1223921;2018-11-09 17:58:01:970
-2.039;-0.44;9.988;611.0;1.0;56.93;48.15595;11.52064;;NaN;;68.4;;0 / 18;1224021;2018-11-09 17:58:02:070
-1.963;-0.344;10.123;581.0;1.0;57.84;48.15595;11.52064;;NaN;;68.4;;0 / 18;1224122;2018-11-09 17:58:02:171
-1.886;-0.402;10.008;577.0;1.0;57.84;48.15595;11.52064;;NaN;;68.4;;0 / 18;1224222;2018-11-09 17:58:02:271
-1.723;-0.373;9.835;583.0;1.0;57.84;48.15595;11.52064;;NaN;;68.4;;0 / 18;1224322;2018-11-09 17:58:02:371
-1.771;-0.229;9.318;594.0;1.0;58.19;48.15595;11.52064;;NaN;;68.4;;0 / 18;1224421;2018-11-09 17:58:02:470
-1.79;-0.354;10.151;570.0;1.0;58.19;48.15595;11.52064;;NaN;;68.4;;0 / 18;1224521;2018-11-09 17:58:02:570
-1.972;-0.047;9.318;538.0;1.0;58.19;48.15595;11.52064;;NaN;;68.4;;0 / 18;1224621;2018-11-09 17:58:02:670
-1.972;-0.268;10.161;515.0;1.0;57.35;48.15595;11.52064;;NaN;;68.4;;0 / 18;1224722;2018-11-09 17:58:02:771
-1.953;-0.344;10.247;518.0;1.0;57.35;48.15595;11.52064;;NaN;;68.4;;0 / 18;1224822;2018-11-09 17:58:02:871
-2.011;-0.354;9.893;572.0;1.0;57.35;48.15595;11.52064;;NaN;;68.4;;0 / 18;1224922;2018-11-09 17:58:02:971
-1.704;-0.287;9.749;619.0;1.0;56.79;48.15595;11.52064;;NaN;;68.4;;0 / 18;1225022;2018-11-09 17:58:03:071
-1.647;-0.363;9.95;706.0;1.0;56.79;48.15595;11.52064;;NaN;;68.4;;0 / 18;1225121;2018-11-09 17:58:03:170
-1.848;-0.306;9.797;851.0;1.0;56.79;48.15595;11.52064;;NaN;;68.4;;0 / 18;1225222;2018-11-09 17:58:03:271
-1.762;-0.258;9.797;903.0;1.0;59.53;48.15595;11.52064;;NaN;;68.4;;0 / 18;1225322;2018-11-09 17:58:03:371
-1.819;-0.201;9.644;903.0;1.0;59.53;48.15595;11.52064;;NaN;;68.4;;0 / 18;1225421;2018-11-09 17:58:03:470
-1.857;-0.038;9.711;908.0;1.0;59.53;48.15595;11.52064;;NaN;;68.4;;0 / 18;1225522;2018-11-09 17:58:03:571
-2.039;-0.335;9.96;929.0;1.0;58.02;48.15595;11.52064;;NaN;;68.4;;0 / 18;1225622;2018-11-09 17:58:03:671
-1.982;-0.249;9.739;906.0;1.0;58.02;48.15595;11.52064;;NaN;;68.4;;0 / 18;1225722;2018-11-09 17:58:03:771
-1.79;-0.277;9.95;851.0;1.0;58.02;48.15595;11.52064;;NaN;;68.4;;0 / 18;1225821;2018-11-09 17:58:03:870
-1.81;-0.43;10.17;749.0;1.0;57.87;48.15595;11.52064;;NaN;;68.4;;0 / 18;1225921;2018-11-09 17:58:03:970
-2.03;-0.019;9.711;417.0;1.0;57.87;48.15595;11.52064;;NaN;;68.4;;0 / 18;1226021;2018-11-09 17:58:04:070
-2.02;-0.545;10.151;249.0;1.0;57.87;48.15595;11.52064;;NaN;;68.4;;0 / 18;1226122;2018-11-09 17:58:04:171
-1.896;-0.478;9.874;311.0;1.0;57.33;48.15595;11.52064;;NaN;;68.4;;0 / 18;1226222;2018-11-09 17:58:04:271
-2.011;-0.363;9.605;363.0;1.0;57.33;48.15595;11.52064;;NaN;;68.4;;0 / 18;1226322;2018-11-09 17:58:04:371
-1.896;-0.392;9.759;439.0;1.0;57.33;48.15595;11.52064;;NaN;;68.4;;0 / 18;1226422;2018-11-09 17:58:04:471
-2.03;-0.296;9.653;471.0;1.0;59.65;48.15595;11.52064;;NaN;;68.4;;0 / 18;1226521;2018-11-09 17:58:04:570
-2.001;-0.268;9.519;496.0;1.0;59.65;48.15595;11.52064;;NaN;;68.4;;0 / 18;1226621;2018-11-09 17:58:04:670
-1.79;-0.114;9.615;527.0;1.0;59.65;48.15595;11.52064;;NaN;;68.4;;0 / 18;1226721;2018-11-09 17:58:04:770
-1.771;-0.268;9.567;544.0;1.0;57.99;48.15595;11.52064;;NaN;;68.4;;0 / 18;1226821;2018-11-09 17:58:04:870
-1.877;-0.153;9.625;556.0;1.0;57.99;48.15595;11.52064;;NaN;;68.4;;0 / 18;1226922;2018-11-09 17:58:04:971
-1.838;-0.354;10.094;572.0;1.0;57.99;48.15595;11.52064;;NaN;;68.4;;0 / 18;1227022;2018-11-09 17:58:05:071
-1.886;-0.316;9.807;598.0;1.0;58.37;48.15595;11.52064;;NaN;;68.4;;0 / 18;1227122;2018-11-09 17:58:05:171
-1.953;-0.421;9.96;633.0;1.0;58.37;48.15595;11.52064;;NaN;;68.4;;0 / 18;1227222;2018-11-09 17:58:05:271
-1.992;-0.383;9.969;636.0;1.0;58.37;48.15595;11.52064;;NaN;;68.4;;0 / 18;1227322;2018-11-09 17:58:05:371
-1.714;-0.536;9.778;673.0;1.0;59.0;48.15595;11.52064;;NaN;;68.4;;0 / 18;1227422;2018-11-09 17:58:05:471
-1.781;-0.44;9.692;723.0;1.0;59.0;48.15595;11.52064;;NaN;;68.4;;0 / 18;1227521;2018-11-09 17:58:05:570
-1.743;-0.43;9.845;721.0;1.0;59.0;48.15595;11.52064;;NaN;;68.4;;0 / 18;1227621;2018-11-09 17:58:05:670
-1.81;-0.268;9.529;734.0;1.0;59.24;48.15595;11.52064;;NaN;;68.4;;0 / 18;1227722;2018-11-09 17:58:05:771
-1.838;-0.287;9.778;746.0;1.0;59.24;48.15595;11.52064;;NaN;;68.4;;0 / 18;1227822;2018-11-09 17:58:05:871
-1.886;-0.172;9.816;746.0;1.0;59.24;48.15595;11.52064;;NaN;;68.4;;0 / 18;1227922;2018-11-09 17:58:05:971
-1.944;-0.268;9.874;763.0;1.0;57.6;48.15595;11.52064;;NaN;;68.4;;0 / 18;1228021;2018-11-09 17:58:06:070
-1.867;-0.277;9.577;754.0;1.0;57.6;48.15595;11.52064;;NaN;;68.4;;0 / 18;1228121;2018-11-09 17:58:06:170
-1.915;-0.172;9.433;776.0;1.0;57.6;48.15595;11.52064;;NaN;;68.4;;0 / 18;1228221;2018-11-09 17:58:06:270
-1.857;-0.249;10.046;767.0;1.0;56.85;48.15595;11.52064;;NaN;;68.4;;0 / 18;1228322;2018-11-09 17:58:06:371
-1.944;-0.181;10.247;777.0;1.0;56.85;48.15595;11.52064;;NaN;;68.4;;0 / 18;1228422;2018-11-09 17:58:06:471
-1.934;0.0;9.988;789.0;1.0;56.85;48.15595;11.52064;;NaN;;68.4;;0 / 18;1228521;2018-11-09 17:58:06:570
-1.886;0.019;9.807;780.0;1.0;58.21;48.15595;11.52064;;NaN;;68.4;;0 / 18;1228621;2018-11-09 17:58:06:670
-1.733;-0.172;9.759;776.0;1.0;58.21;48.15595;11.52064;;NaN;;68.4;;0 / 18;1228722;2018-11-09 17:58:06:771
-1.953;-0.153;9.701;774.0;1.0;58.21;48.15595;11.52064;;NaN;;68.4;;0 / 18;1228822;2018-11-09 17:58:06:871
-1.905;-0.181;10.161;793.0;1.0;55.5;48.15595;11.52064;;NaN;;68.4;;0 / 18;1228922;2018-11-09 17:58:06:971
-1.953;-0.143;10.343;778.0;1.0;55.5;48.15595;11.52064;;NaN;;68.4;;0 / 18;1229021;2018-11-09 17:58:07:070
-1.896;-0.124;10.419;756.0;1.0;55.5;48.15595;11.52064;;NaN;;68.4;;0 / 18;1229122;2018-11-09 17:58:07:171
-1.867;-0.038;9.414;758.0;1.0;56.71;48.15595;11.52064;;NaN;;68.4;;0 / 18;1229222;2018-11-09 17:58:07:271
-1.848;0.038;9.778;778.0;1.0;56.71;48.15595;11.52064;;NaN;;68.4;;0 / 18;1229322;2018-11-09 17:58:07:371
-1.867;0.114;9.864;804.0;1.0;56.71;48.15595;11.52064;;NaN;;68.4;;0 / 18;1229421;2018-11-09 17:58:07:470
-1.848;-0.047;10.937;812.0;1.0;56.62;48.15595;11.52064;;NaN;;68.4;;0 / 18;1229521;2018-11-09 17:58:07:570
-1.915;-0.086;10.582;813.0;1.0;56.62;48.15595;11.52064;;NaN;;68.4;;0 / 18;1229621;2018-11-09 17:58:07:670
-1.896;0.038;9.615;815.0;1.0;56.62;48.15595;11.52064;;NaN;;68.4;;0 / 18;1229722;2018-11-09 17:58:07:771
-1.838;0.047;9.644;832.0;1.0;54.51;48.15595;11.52064;;NaN;;68.4;;0 / 18;1229822;2018-11-09 17:58:07:871
-1.781;0.009;9.72;803.0;1.0;54.51;48.15595;11.52064;;NaN;;68.4;;0 / 18;1229922;2018-11-09 17:58:07:971
-1.637;-0.038;9.845;830.0;1.0;54.51;48.15595;11.52064;;NaN;;68.4;;0 / 18;1230022;2018-11-09 17:58:08:071
-1.848;-0.057;9.979;814.0;1.0;56.76;48.15595;11.52064;;NaN;;68.4;;0 / 18;1230121;2018-11-09 17:58:08:170
-1.8;-0.009;9.462;826.0;1.0;56.76;48.15595;11.52064;;NaN;;68.4;;0 / 18;1230221;2018-11-09 17:58:08:270
-1.857;-0.067;9.337;838.0;1.0;56.76;48.15595;11.52064;;NaN;;68.4;;0 / 18;1230321;2018-11-09 17:58:08:370
-1.934;0.0;9.5;854.0;1.0;56.39;48.15595;11.52064;;NaN;;68.4;;0 / 18;1230422;2018-11-09 17:58:08:471
-1.819;0.105;9.768;850.0;1.0;56.39;48.15595;11.52064;;NaN;;68.4;;0 / 18;1230522;2018-11-09 17:58:08:571
-2.059;-0.181;10.142;819.0;1.0;56.39;48.15595;11.52064;;NaN;;68.4;;0 / 18;1230621;2018-11-09 17:58:08:670
-1.982;-0.086;9.644;815.0;1.0;55.11;48.15595;11.52064;;NaN;;68.4;;0 / 18;1230721;2018-11-09 17:58:08:770
-1.886;-0.076;9.634;810.0;1.0;55.11;48.15595;11.52064;;NaN;;68.4;;0 / 18;1230822;2018-11-09 17:58:08:871
-1.8;-0.191;10.027;815.0;1.0;55.11;48.15595;11.52064;;NaN;;68.4;;0 / 18;1230922;2018-11-09 17:58:08:971
-1.8;-0.335;9.768;814.0;1.0;57.01;48.15595;11.52064;;NaN;;68.4;;0 / 18;1231021;2018-11-09 17:58:09:070
-1.867;-0.277;9.893;778.0;1.0;57.01;48.15595;11.52064;;NaN;;68.4;;0 / 18;1231121;2018-11-09 17:58:09:170
-1.848;-0.153;9.826;775.0;1.0;57.01;48.15595;11.52064;;NaN;;68.4;;0 / 18;1231221;2018-11-09 17:58:09:270
-1.838;-0.239;10.142;792.0;1.0;56.74;48.15595;11.52064;;NaN;;68.4;;0 / 18;1231321;2018-11-09 17:58:09:370
-1.8;-0.191;9.165;800.0;1.0;56.74;48.15588;11.51705;;NaN;;72.9;;0 / 18;1231422;2018-11-09 17:58:09:471
-1.752;-0.057;9.711;809.0;1.0;56.74;48.15588;11.51705;;NaN;;72.9;;0 / 18;1231522;2018-11-09 17:58:09:571
-1.771;-0.287;9.941;818.0;1.0;58.87;48.15588;11.51705;;NaN;;72.9;;0 / 18;1231622;2018-11-09 17:58:09:671
-1.848;0.047;9.663;827.0;1.0;58.87;48.15588;11.51705;;NaN;;72.9;;0 / 18;1231722;2018-11-09 17:58:09:771
-1.81;-0.143;10.094;816.0;1.0;58.87;48.15588;11.51705;;NaN;;72.9;;0 / 18;1231822;2018-11-09 17:58:09:871
-2.087;-0.191;10.285;815.0;1.0;58.87;48.15588;11.51705;;NaN;;72.9;;0 / 18;1231921;2018-11-09 17:58:09:970
-1.886;-0.191;9.759;808.0;1.0;58.39;48.15588;11.51705;;NaN;;72.9;;0 / 18;1232021;2018-11-09 17:58:10:070
-1.877;-0.363;10.132;842.0;1.0;58.39;48.15588;11.51705;;NaN;;72.9;;0 / 18;1232122;2018-11-09 17:58:10:171
-1.896;-0.354;9.864;834.0;1.0;58.39;48.15588;11.51705;;NaN;;72.9;;0 / 18;1232222;2018-11-09 17:58:10:271
-1.838;-0.277;9.893;851.0;1.0;58.23;48.15588;11.51705;;NaN;;72.9;;0 / 18;1232321;2018-11-09 17:58:10:370
-1.915;-0.316;10.324;855.0;1.0;58.23;48.15588;11.51705;;NaN;;72.9;;0 / 18;1232421;2018-11-09 17:58:10:470
-1.867;-0.277;10.343;419.0;1.0;58.23;48.15588;11.51705;;NaN;;72.9;;0 / 18;1232522;2018-11-09 17:58:10:571
-1.857;-0.067;9.682;86.0;1.0;57.38;48.15588;11.51705;;NaN;;72.9;;0 / 18;1232622;2018-11-09 17:58:10:671
-1.81;-0.076;9.241;86.0;0.0;57.38;48.15588;11.51705;;NaN;;72.9;;0 / 18;1232722;2018-11-09 17:58:10:771
-1.972;-0.258;9.51;108.0;0.0;57.38;48.15588;11.51705;;NaN;;72.9;;0 / 18;1232821;2018-11-09 17:58:10:870
-1.781;-0.22;9.308;127.0;0.0;56.86;48.15588;11.51705;;NaN;;72.9;;0 / 18;1232921;2018-11-09 17:58:10:970
-1.685;-0.383;10.036;109.0;0.0;56.86;48.15588;11.51705;;NaN;;72.9;;0 / 18;1233021;2018-11-09 17:58:11:070
-1.714;-0.249;9.404;73.0;0.0;56.86;48.15588;11.51705;;NaN;;72.9;;0 / 18;1233121;2018-11-09 17:58:11:170
-1.762;-0.076;9.021;57.0;0.0;56.41;48.15588;11.51705;;NaN;;72.9;;0 / 18;1233221;2018-11-09 17:58:11:270
-1.857;-0.411;9.682;82.0;0.0;56.41;48.15588;11.51705;;NaN;;72.9;;0 / 18;1233321;2018-11-09 17:58:11:370
-1.8;-0.708;9.874;83.0;0.0;56.41;48.15588;11.51705;;NaN;;72.9;;0 / 18;1233422;2018-11-09 17:58:11:471
-2.068;-0.306;9.998;112.0;0.0;56.05;48.15588;11.51705;;NaN;;72.9;;0 / 18;1233522;2018-11-09 17:58:11:571
-1.848;-0.038;9.443;118.0;1.0;56.05;48.15588;11.51705;;NaN;;72.9;;0 / 18;1233622;2018-11-09 17:58:11:671
-1.599;-0.488;9.797;222.0;1.0;56.05;48.15588;11.51705;;NaN;;72.9;;0 / 18;1233721;2018-11-09 17:58:11:770
-1.829;-0.498;10.008;292.0;1.0;56.79;48.15588;11.51705;;NaN;;72.9;;0 / 18;1233822;2018-11-09 17:58:11:871
-1.905;-0.21;9.596;404.0;1.0;56.79;48.15588;11.51705;;NaN;;72.9;;0 / 18;1233922;2018-11-09 17:58:11:971
-1.819;-0.296;9.807;522.0;1.0;56.79;48.15588;11.51705;;NaN;;72.9;;0 / 18;1234022;2018-11-09 17:58:12:071
-1.953;-0.478;10.036;563.0;1.0;54.68;48.15588;11.51705;;NaN;;72.9;;0 / 18;1234122;2018-11-09 17:58:12:171
-1.915;-0.21;9.567;587.0;1.0;54.68;48.15588;11.51705;;NaN;;72.9;;0 / 18;1234221;2018-11-09 17:58:12:270
-1.963;-0.21;9.414;619.0;1.0;54.68;48.15588;11.51705;;NaN;;72.9;;0 / 18;1234321;2018-11-09 17:58:12:370
-1.618;-0.766;9.5;635.0;1.0;56.0;48.15588;11.51705;;NaN;;72.9;;0 / 18;1234422;2018-11-09 17:58:12:471
-1.819;-0.612;9.931;730.0;1.0;56.0;48.15588;11.51705;;NaN;;72.9;;0 / 18;1234522;2018-11-09 17:58:12:571
-1.704;-0.555;9.653;750.0;1.0;56.0;48.15588;11.51705;;NaN;;72.9;;0 / 18;1234622;2018-11-09 17:58:12:671
-1.848;-0.143;9.347;780.0;1.0;55.64;48.15588;11.51705;;NaN;;72.9;;0 / 18;1234722;2018-11-09 17:58:12:771
-1.877;-0.287;9.931;805.0;1.0;55.64;48.15588;11.51705;;NaN;;72.9;;0 / 18;1234822;2018-11-09 17:58:12:871
-1.953;-1.321;10.467;863.0;1.0;55.64;48.15588;11.51705;;NaN;;72.9;;0 / 18;1234922;2018-11-09 17:58:12:971
-1.743;-0.622;10.065;958.0;1.0;55.69;48.15588;11.51705;;NaN;;72.9;;0 / 18;1235021;2018-11-09 17:58:13:070
-1.8;-0.67;9.414;1016.0;1.0;55.69;48.15588;11.51705;;NaN;;72.9;;0 / 18;1235122;2018-11-09 17:58:13:171
-1.474;-1.11;9.931;935.0;1.0;55.69;48.15588;11.51705;;NaN;;72.9;;0 / 18;1235222;2018-11-09 17:58:13:271
-1.513;-1.35;9.644;425.0;0.0;56.82;48.15588;11.51705;;NaN;;72.9;;0 / 18;1235322;2018-11-09 17:58:13:371
-1.005;-2.279;9.72;156.0;0.0;56.82;48.15588;11.51705;;NaN;;72.9;;0 / 18;1235422;2018-11-09 17:58:13:471
-1.283;-2.231;10.084;146.0;0.0;56.82;48.15588;11.51705;;NaN;;72.9;;0 / 18;1235521;2018-11-09 17:58:13:570
-1.494;-1.455;9.874;81.0;0.0;55.49;48.15588;11.51705;;NaN;;72.9;;0 / 18;1235621;2018-11-09 17:58:13:670
-1.781;-1.216;9.682;77.0;0.0;55.49;48.15588;11.51705;;NaN;;72.9;;0 / 18;1235722;2018-11-09 17:58:13:771
-1.216;-1.321;10.774;95.0;0.0;55.49;48.15588;11.51705;;NaN;;72.9;;0 / 18;1235822;2018-11-09 17:58:13:871
-1.723;-1.177;9.481;105.0;0.0;55.93;48.15588;11.51705;;NaN;;72.9;;0 / 18;1235922;2018-11-09 17:58:13:971
-1.628;-0.996;9.423;105.0;0.0;55.93;48.15588;11.51705;;NaN;;72.9;;0 / 18;1236021;2018-11-09 17:58:14:070
-1.446;-1.302;10.017;108.0;0.0;55.93;48.15588;11.51705;;NaN;;72.9;;0 / 18;1236121;2018-11-09 17:58:14:170
-1.551;-1.168;9.998;217.0;0.0;55.62;48.15588;11.51705;;NaN;;72.9;;0 / 18;1236222;2018-11-09 17:58:14:271
-1.608;-1.187;9.739;330.0;0.0;55.62;48.15588;11.51705;;NaN;;72.9;;0 / 18;1236322;2018-11-09 17:58:14:371
-1.312;-1.273;9.893;419.0;0.0;55.62;48.15588;11.51705;;NaN;;72.9;;0 / 18;1236421;2018-11-09 17:58:14:470
-1.436;-1.11;9.423;127.0;0.0;55.98;48.15588;11.51705;;NaN;;72.9;;0 / 18;1236521;2018-11-09 17:58:14:570
-1.359;-1.168;9.586;141.0;0.0;55.98;48.15588;11.51705;;NaN;;72.9;;0 / 18;1236621;2018-11-09 17:58:14:670
-1.723;-1.513;10.276;157.0;1.0;55.98;48.15588;11.51705;;NaN;;72.9;;0 / 18;1236722;2018-11-09 17:58:14:771
-2.174;-1.225;9.644;937.0;1.0;56.76;48.15588;11.51705;;NaN;;72.9;;0 / 18;1236822;2018-11-09 17:58:14:871
-2.154;-0.986;9.797;1021.0;1.0;56.76;48.15588;11.51705;;NaN;;72.9;;0 / 18;1236922;2018-11-09 17:58:14:971
-1.599;-1.091;9.51;1052.0;1.0;56.76;48.15588;11.51705;;NaN;;72.9;;0 / 18;1237022;2018-11-09 17:58:15:071
-1.972;-0.909;9.557;1079.0;1.0;57.25;48.15588;11.51705;;NaN;;72.9;;0 / 18;1237121;2018-11-09 17:58:15:170
-2.126;-0.976;9.854;1110.0;1.0;57.25;48.15588;11.51705;;NaN;;72.9;;0 / 18;1237222;2018-11-09 17:58:15:271
-2.001;-0.938;10.142;1111.0;1.0;57.25;48.15588;11.51705;;NaN;;72.9;;0 / 18;1237322;2018-11-09 17:58:15:371
-1.848;-0.842;9.672;1114.0;1.0;56.04;48.15588;11.51705;;NaN;;72.9;;0 / 18;1237422;2018-11-09 17:58:15:471
-1.953;-0.67;9.893;1142.0;1.0;56.04;48.15588;11.51705;;NaN;;72.9;;0 / 18;1237521;2018-11-09 17:58:15:570
-1.944;-0.316;9.711;1158.0;1.0;56.04;48.15588;11.51705;;NaN;;72.9;;0 / 18;1237622;2018-11-09 17:58:15:671
-1.972;-0.086;9.414;1196.0;1.0;57.27;48.15588;11.51705;;NaN;;72.9;;0 / 18;1237722;2018-11-09 17:58:15:771
-2.087;0.038;9.471;1216.0;1.0;57.27;48.15588;11.51705;;NaN;;72.9;;0 / 18;1237821;2018-11-09 17:58:15:870
-2.241;0.258;9.04;1220.0;1.0;57.27;48.15588;11.51705;;NaN;;72.9;;0 / 18;1237921;2018-11-09 17:58:15:970
-2.25;0.181;9.605;1180.0;1.0;55.62;48.15588;11.51705;;NaN;;72.9;;0 / 18;1238021;2018-11-09 17:58:16:070
-4.146;0.134;9.127;1138.0;1.0;55.62;48.15588;11.51705;;NaN;;72.9;;0 / 18;1238121;2018-11-09 17:58:16:170
-4.041;0.306;11.147;1145.0;1.0;55.62;48.15588;11.51705;;NaN;;72.9;;0 / 18;1238221;2018-11-09 17:58:16:270
-2.719;1.532;8.13;963.0;1.0;55.24;48.15588;11.51705;;NaN;;72.9;;0 / 18;1238321;2018-11-09 17:58:16:370
-5.976;2.729;6.895;354.0;1.0;55.24;48.15588;11.51705;;NaN;;72.9;;0 / 18;1238422;2018-11-09 17:58:16:471
-4.338;3.85;6.148;192.0;1.0;55.24;48.15588;11.51705;;NaN;;72.9;;0 / 18;1238522;2018-11-09 17:58:16:571
-5.612;4.529;7.106;201.0;1.0;54.93;48.15588;11.51705;;NaN;;72.9;;0 / 18;1238622;2018-11-09 17:58:16:671
-1.369;2.997;9.232;284.0;1.0;54.93;48.15588;11.51705;;NaN;;72.9;;0 / 18;1238722;2018-11-09 17:58:16:771
-0.823;3.093;9.28;718.0;1.0;54.93;48.15588;11.51705;;NaN;;72.9;;0 / 18;1238822;2018-11-09 17:58:16:871
-2.049;0.373;7.977;1495.0;1.0;53.67;48.15588;11.51705;;NaN;;72.9;;0 / 18;1238922;2018-11-09 17:58:16:971
-2.614;0.641;9.347;1370.0;1.0;53.67;48.15588;11.51705;;NaN;;72.9;;0 / 18;1239021;2018-11-09 17:58:17:070
0.287;0.459;11.262;1089.0;1.0;53.67;48.15588;11.51705;;NaN;;72.9;;0 / 18;1239122;2018-11-09 17:58:17:171
-1.321;0.976;7.383;1029.0;1.0;53.12;48.15588;11.51705;;NaN;;72.9;;0 / 18;1239222;2018-11-09 17:58:17:271
0.545;2.365;11.358;1127.0;1.0;53.12;48.15588;11.51705;;NaN;;72.9;;0 / 18;1239321;2018-11-09 17:58:17:370
1.733;3.17;6.694;601.0;1.0;53.12;48.15588;11.51705;;NaN;;72.9;;0 / 18;1239422;2018-11-09 17:58:17:471
0.593;5.573;7.316;294.0;1.0;53.61;48.15588;11.51705;;NaN;;72.9;;0 / 18;1239522;2018-11-09 17:58:17:571
-0.162;5.363;7.527;272.0;1.0;53.61;48.15588;11.51705;;NaN;;72.9;;0 / 18;1239621;2018-11-09 17:58:17:670
-0.21;5.487;8.255;250.0;1.0;53.61;48.15588;11.51705;;NaN;;72.9;;0 / 18;1239722;2018-11-09 17:58:17:771
0.181;5.411;8.389;266.0;1.0;53.68;48.15588;11.51705;;NaN;;72.9;;0 / 18;1239821;2018-11-09 17:58:17:870
0.047;5.449;7.106;240.0;1.0;53.68;48.15588;11.51705;;NaN;;72.9;;0 / 18;1239922;2018-11-09 17:58:17:971
-0.641;5.755;7.757;234.0;1.0;53.68;48.15588;11.51705;;NaN;;72.9;;0 / 18;1240022;2018-11-09 17:58:18:071
-0.507;5.822;7.498;235.0;1.0;54.45;48.15588;11.51705;;NaN;;72.9;;0 / 18;1240122;2018-11-09 17:58:18:171
-0.363;5.803;8.025;219.0;1.0;54.45;48.15588;11.51705;;NaN;;72.9;;0 / 18;1240222;2018-11-09 17:58:18:271
-1.292;5.209;6.895;243.0;1.0;54.45;48.15588;11.51705;;NaN;;72.9;;0 / 18;1240322;2018-11-09 17:58:18:371
-1.101;5.669;8.111;261.0;1.0;54.23;48.15588;11.51705;;NaN;;72.9;;0 / 18;1240422;2018-11-09 17:58:18:471
-1.992;4.099;8.38;276.0;1.0;54.23;48.15588;11.51705;;NaN;;72.9;;0 / 18;1240521;2018-11-09 17:58:18:570
-1.426;3.476;9.251;388.0;1.0;54.23;48.15588;11.51705;;NaN;;72.9;;0 / 18;1240622;2018-11-09 17:58:18:671
2.298;4.108;11.377;645.0;1.0;54.99;48.15588;11.51705;;NaN;;72.9;;0 / 18;1240722;2018-11-09 17:58:18:771
1.992;4.07;7.92;776.0;1.0;54.99;48.15588;11.51705;;NaN;;72.9;;0 / 18;1240822;2018-11-09 17:58:18:871
1.79;3.888;9.098;608.0;1.0;54.99;48.15588;11.51705;;NaN;;72.9;;0 / 18;1240922;2018-11-09 17:58:18:971
1.771;3.754;8.59;658.0;1.0;56.01;48.15588;11.51705;;NaN;;72.9;;0 / 18;1241021;2018-11-09 17:58:19:070
1.551;3.62;8.992;662.0;1.0;56.01;48.15588;11.51705;;NaN;;72.9;;0 / 18;1241122;2018-11-09 17:58:19:171
1.321;3.562;8.533;673.0;1.0;56.01;48.15588;11.51705;;NaN;;72.9;;0 / 18;1241222;2018-11-09 17:58:19:271
1.139;3.581;9.165;697.0;1.0;56.01;48.15588;11.51705;;NaN;;72.9;;0 / 18;1241322;2018-11-09 17:58:19:371
1.292;3.064;7.872;736.0;1.0;55.83;48.15588;11.51705;;NaN;;72.9;;0 / 18;1241422;2018-11-09 17:58:19:471
1.685;3.715;9.27;729.0;1.0;55.83;48.15588;11.51705;;NaN;;72.9;;0 / 18;1241522;2018-11-09 17:58:19:571
2.116;3.591;9.577;733.0;1.0;55.83;48.15588;11.51705;;NaN;;72.9;;0 / 18;1241622;2018-11-09 17:58:19:671
2.241;3.744;8.571;770.0;1.0;54.94;48.15588;11.51705;;NaN;;72.9;;0 / 18;1241721;2018-11-09 17:58:19:770
1.79;3.352;8.992;761.0;1.0;54.94;48.15588;11.51705;;NaN;;72.9;;0 / 18;1241821;2018-11-09 17:58:19:870
1.944;3.648;8.878;743.0;1.0;54.94;48.15588;11.51705;;NaN;;72.9;;0 / 18;1241921;2018-11-09 17:58:19:970
1.57;3.601;8.619;748.0;1.0;55.47;48.15588;11.51705;;NaN;;72.9;;0 / 18;1242021;2018-11-09 17:58:20:070
1.695;3.457;8.973;730.0;1.0;55.47;48.15588;11.51705;;NaN;;72.9;;0 / 18;1242121;2018-11-09 17:58:20:170
1.608;3.601;9.395;736.0;1.0;55.47;48.15588;11.51705;;NaN;;72.9;;0 / 18;1242222;2018-11-09 17:58:20:271
1.618;3.706;8.619;729.0;1.0;56.66;48.15588;11.51705;;NaN;;72.9;;0 / 18;1242321;2018-11-09 17:58:20:370
1.762;3.476;8.964;757.0;1.0;56.66;48.15588;11.51705;;NaN;;72.9;;0 / 18;1242421;2018-11-09 17:58:20:470
1.762;3.581;8.945;745.0;1.0;56.66;48.15588;11.51705;;NaN;;72.9;;0 / 18;1242521;2018-11-09 17:58:20:570
1.877;3.409;8.724;759.0;1.0;54.84;48.15588;11.51705;;NaN;;72.9;;0 / 18;1242622;2018-11-09 17:58:20:671
1.628;3.486;8.82;740.0;1.0;54.84;48.15588;11.51705;;NaN;;72.9;;0 / 18;1242722;2018-11-09 17:58:20:771
1.714;3.419;9.012;745.0;1.0;54.84;48.15588;11.51705;;NaN;;72.9;;0 / 18;1242822;2018-11-09 17:58:20:871
1.848;3.543;8.772;734.0;1.0;54.58;48.15588;11.51705;;NaN;;72.9;;0 / 18;1242921;2018-11-09 17:58:20:970
1.762;3.61;8.619;746.0;1.0;54.58;48.15588;11.51705;;NaN;;72.9;;0 / 18;1243021;2018-11-09 17:58:21:070
1.838;3.438;8.743;738.0;1.0;54.58;48.15584;11.51412;420.2;NaN;38.3;9.5;263.9;0 / 18;1243122;2018-11-09 17:58:21:171
1.723;3.629;9.146;745.0;1.0;54.99;48.15584;11.51412;420.2;NaN;38.3;9.5;263.9;6 / 18;1243222;2018-11-09 17:58:21:271
1.676;3.524;9.251;747.0;1.0;54.99;48.15584;11.51412;420.2;NaN;38.3;9.5;263.9;6 / 18;1243322;2018-11-09 17:58:21:371
1.723;3.562;8.686;750.0;1.0;54.99;48.15584;11.51412;420.2;NaN;38.3;9.5;263.9;6 / 18;1243422;2018-11-09 17:58:21:471
1.685;3.486;9.031;734.0;1.0;56.37;48.15584;11.51412;420.2;NaN;38.3;9.5;263.9;6 / 18;1243522;2018-11-09 17:58:21:571
1.58;3.543;8.916;744.0;1.0;56.37;48.15584;11.51412;420.2;NaN;38.3;9.5;263.9;6 / 18;1243622;2018-11-09 17:58:21:671
1.608;3.62;8.839;753.0;1.0;56.37;48.15584;11.51412;420.2;NaN;38.3;9.5;263.9;6 / 18;1243722;2018-11-09 17:58:21:771
1.656;3.648;8.839;751.0;1.0;54.16;48.15584;11.51412;420.2;NaN;38.3;9.5;263.9;6 / 18;1243822;2018-11-09 17:58:21:871
1.877;3.629;9.127;753.0;1.0;54.16;48.15584;11.51412;420.2;NaN;38.3;9.5;263.9;6 / 18;1243922;2018-11-09 17:58:21:971
1.733;3.581;8.964;742.0;1.0;54.16;48.15584;11.51412;420.2;NaN;38.3;9.5;263.9;6 / 18;1244022;2018-11-09 17:58:22:071
1.867;3.581;8.983;738.0;1.0;53.41;48.15582;11.514;439.7;NaN;40.4;8.2;266.5;6 / 18;1244124;2018-11-09 17:58:22:173
1.896;3.352;8.83;749.0;1.0;53.41;48.15582;11.514;439.7;NaN;40.4;8.2;266.5;7 / 18;1244222;2018-11-09 17:58:22:271
1.848;3.486;8.801;728.0;1.0;53.41;48.15582;11.514;439.7;NaN;40.4;8.2;266.5;7 / 18;1244321;2018-11-09 17:58:22:370
1.848;3.533;8.983;747.0;1.0;54.66;48.15582;11.514;439.7;NaN;40.4;8.2;266.5;7 / 18;1244422;2018-11-09 17:58:22:471
1.752;3.265;8.619;746.0;1.0;54.66;48.15582;11.514;439.7;NaN;40.4;8.2;266.5;7 / 18;1244522;2018-11-09 17:58:22:571
1.857;3.553;8.925;749.0;1.0;54.66;48.15582;11.514;439.7;NaN;40.4;8.2;266.5;7 / 18;1244622;2018-11-09 17:58:22:671
1.676;3.476;8.839;735.0;1.0;53.75;48.15582;11.514;439.7;NaN;40.4;8.2;266.5;7 / 18;1244722;2018-11-09 17:58:22:771
1.733;3.62;9.165;742.0;1.0;53.75;48.15582;11.514;439.7;NaN;40.4;8.2;266.5;7 / 18;1244822;2018-11-09 17:58:22:871
1.743;3.648;9.002;748.0;1.0;53.75;48.15582;11.514;439.7;NaN;40.4;8.2;266.5;7 / 18;1244922;2018-11-09 17:58:22:971
1.762;3.543;8.887;752.0;1.0;53.69;48.15582;11.514;439.7;NaN;40.4;8.2;266.5;7 / 18;1245022;2018-11-09 17:58:23:071
1.771;3.62;8.964;741.0;1.0;53.69;48.15581;11.51387;450.5;NaN;40.5;7.4;267.4;7 / 18;1245122;2018-11-09 17:58:23:171
1.733;3.447;8.82;742.0;1.0;53.69;48.15581;11.51387;450.5;NaN;40.5;7.4;267.4;6 / 18;1245222;2018-11-09 17:58:23:271
1.714;3.371;8.878;746.0;1.0;53.57;48.15581;11.51387;450.5;NaN;40.5;7.4;267.4;6 / 18;1245322;2018-11-09 17:58:23:371
1.781;3.591;9.213;740.0;1.0;53.57;48.15581;11.51387;450.5;NaN;40.5;7.4;267.4;6 / 18;1245422;2018-11-09 17:58:23:471
1.771;3.409;8.772;764.0;1.0;53.57;48.15581;11.51387;450.5;NaN;40.5;7.4;267.4;6 / 18;1245521;2018-11-09 17:58:23:570
1.733;3.466;8.542;758.0;1.0;53.78;48.15581;11.51387;450.5;NaN;40.5;7.4;267.4;6 / 18;1245622;2018-11-09 17:58:23:671
1.829;3.399;8.868;768.0;1.0;53.78;48.15581;11.51387;450.5;NaN;40.5;7.4;267.4;6 / 18;1245722;2018-11-09 17:58:23:771
1.704;3.581;8.715;755.0;1.0;53.78;48.15581;11.51387;450.5;NaN;40.5;7.4;267.4;6 / 18;1245821;2018-11-09 17:58:23:870
1.771;3.495;9.04;757.0;1.0;55.01;48.15581;11.51387;450.5;NaN;40.5;7.4;267.4;6 / 18;1245921;2018-11-09 17:58:23:970
1.704;3.457;9.012;761.0;1.0;55.01;48.15581;11.51387;450.5;NaN;40.5;7.4;267.4;6 / 18;1246022;2018-11-09 17:58:24:071
1.752;3.457;8.791;748.0;1.0;55.01;48.15578;11.51374;452.5;NaN;40.5;6.9;268.2;6 / 18;1246122;2018-11-09 17:58:24:171
1.829;3.438;8.638;760.0;1.0;54.55;48.15578;11.51374;452.5;NaN;40.5;6.9;268.2;6 / 18;1246222;2018-11-09 17:58:24:271
1.503;3.409;9.241;763.0;1.0;54.55;48.15578;11.51374;452.5;NaN;40.5;6.9;268.2;6 / 18;1246321;2018-11-09 17:58:24:370
1.407;3.237;8.81;748.0;1.0;54.55;48.15578;11.51374;452.5;NaN;40.5;6.9;268.2;6 / 18;1246422;2018-11-09 17:58:24:471
1.723;3.409;8.629;756.0;1.0;55.96;48.15578;11.51374;452.5;NaN;40.5;6.9;268.2;6 / 18;1246522;2018-11-09 17:58:24:571
1.608;3.486;9.184;747.0;1.0;55.96;48.15578;11.51374;452.5;NaN;40.5;6.9;268.2;6 / 18;1246621;2018-11-09 17:58:24:670
1.666;3.725;8.571;758.0;1.0;55.96;48.15578;11.51374;452.5;NaN;40.5;6.9;268.2;6 / 18;1246722;2018-11-09 17:58:24:771
1.522;3.352;8.945;775.0;1.0;56.02;48.15578;11.51374;452.5;NaN;40.5;6.9;268.2;6 / 18;1246822;2018-11-09 17:58:24:871
1.647;3.591;8.523;755.0;1.0;56.02;48.15578;11.51374;452.5;NaN;40.5;6.9;268.2;6 / 18;1246922;2018-11-09 17:58:24:971
1.676;3.486;8.878;755.0;1.0;56.02;48.15578;11.51374;452.5;NaN;40.5;6.9;268.2;6 / 18;1247022;2018-11-09 17:58:25:071
1.302;3.514;9.174;747.0;1.0;54.67;48.15576;11.51359;454.0;NaN;40.0;6.6;268.4;6 / 18;1247122;2018-11-09 17:58:25:171
1.407;3.601;8.743;753.0;1.0;54.67;48.15576;11.51359;454.0;NaN;40.0;6.6;268.4;7 / 18;1247222;2018-11-09 17:58:25:271
1.417;3.61;8.743;757.0;1.0;54.67;48.15576;11.51359;454.0;NaN;40.0;6.6;268.4;7 / 18;1247322;2018-11-09 17:58:25:371
1.455;3.466;9.117;755.0;1.0;55.7;48.15576;11.51359;454.0;NaN;40.0;6.6;268.4;7 / 18;1247422;2018-11-09 17:58:25:471
1.379;3.371;9.021;751.0;1.0;55.7;48.15576;11.51359;454.0;NaN;40.0;6.6;268.4;7 / 18;1247521;2018-11-09 17:58:25:570
1.455;3.524;8.897;760.0;1.0;55.7;48.15576;11.51359;454.0;NaN;40.0;6.6;268.4;7 / 18;1247621;2018-11-09 17:58:25:670
1.446;3.419;8.897;750.0;1.0;55.29;48.15576;11.51359;454.0;NaN;40.0;6.6;268.4;7 / 18;1247721;2018-11-09 17:58:25:770
1.532;3.495;8.743;744.0;1.0;55.29;48.15576;11.51359;454.0;NaN;40.0;6.6;268.4;7 / 18;1247823;2018-11-09 17:58:25:872
1.561;3.533;8.868;748.0;1.0;55.29;48.15576;11.51359;454.0;NaN;40.0;6.6;268.4;7 / 18;1247921;2018-11-09 17:58:25:970
1.628;3.591;9.318;738.0;1.0;55.13;48.15576;11.51359;454.0;NaN;40.0;6.6;268.4;7 / 18;1248022;2018-11-09 17:58:26:071
1.589;3.543;8.59;745.0;1.0;55.13;48.15573;11.51347;455.2;NaN;39.1;6.4;270.0;7 / 18;1248122;2018-11-09 17:58:26:171
1.494;3.361;8.686;744.0;1.0;55.13;48.15573;11.51347;455.2;NaN;39.1;6.4;270.0;7 / 18;1248222;2018-11-09 17:58:26:271
1.561;3.352;9.088;740.0;1.0;55.72;48.15573;11.51347;455.2;NaN;39.1;6.4;270.0;7 / 18;1248322;2018-11-09 17:58:26:371
1.388;3.323;8.83;749.0;1.0;55.72;48.15573;11.51347;455.2;NaN;39.1;6.4;270.0;7 / 18;1248423;2018-11-09 17:58:26:472
1.8;3.533;8.887;752.0;1.0;55.72;48.15573;11.51347;455.2;NaN;39.1;6.4;270.0;7 / 18;1248521;2018-11-09 17:58:26:570
1.637;3.409;8.906;740.0;1.0;56.11;48.15573;11.51347;455.2;NaN;39.1;6.4;270.0;7 / 18;1248622;2018-11-09 17:58:26:671
1.714;3.227;8.705;750.0;1.0;56.11;48.15573;11.51347;455.2;NaN;39.1;6.4;270.0;7 / 18;1248722;2018-11-09 17:58:26:771
1.972;3.658;8.945;747.0;1.0;56.11;48.15573;11.51347;455.2;NaN;39.1;6.4;270.0;7 / 18;1248822;2018-11-09 17:58:26:871
1.752;3.371;8.992;734.0;1.0;55.34;48.15573;11.51347;455.2;NaN;39.1;6.4;270.0;7 / 18;1248922;2018-11-09 17:58:26:971
1.896;3.466;8.648;747.0;1.0;55.34;48.15573;11.51347;455.2;NaN;39.1;6.4;270.0;7 / 18;1249021;2018-11-09 17:58:27:070
1.647;3.438;9.155;735.0;1.0;55.34;48.15571;11.51334;456.3;NaN;38.4;6.2;271.4;7 / 18;1249123;2018-11-09 17:58:27:172
1.446;3.543;8.791;756.0;1.0;55.39;48.15571;11.51334;456.3;NaN;38.4;6.2;271.4;7 / 18;1249222;2018-11-09 17:58:27:271
1.407;3.371;8.801;763.0;1.0;55.39;48.15571;11.51334;456.3;NaN;38.4;6.2;271.4;7 / 18;1249322;2018-11-09 17:58:27:371
1.34;3.543;9.462;767.0;1.0;55.39;48.15571;11.51334;456.3;NaN;38.4;6.2;271.4;7 / 18;1249422;2018-11-09 17:58:27:471
1.407;3.514;8.475;758.0;1.0;56.11;48.15571;11.51334;456.3;NaN;38.4;6.2;271.4;7 / 18;1249522;2018-11-09 17:58:27:571
1.637;3.792;8.973;769.0;1.0;56.11;48.15571;11.51334;456.3;NaN;38.4;6.2;271.4;7 / 18;1249622;2018-11-09 17:58:27:671
1.35;3.323;8.581;758.0;1.0;56.11;48.15571;11.51334;456.3;NaN;38.4;6.2;271.4;7 / 18;1249721;2018-11-09 17:58:27:770
1.503;3.505;8.878;754.0;1.0;54.94;48.15571;11.51334;456.3;NaN;38.4;6.2;271.4;7 / 18;1249822;2018-11-09 17:58:27:871
1.254;3.476;8.954;757.0;1.0;54.94;48.15571;11.51334;456.3;NaN;38.4;6.2;271.4;7 / 18;1249921;2018-11-09 17:58:27:970
1.321;3.399;8.571;767.0;1.0;54.94;48.15571;11.51334;456.3;NaN;38.4;6.2;271.4;7 / 18;1250022;2018-11-09 17:58:28:071
1.618;3.562;8.964;759.0;1.0;54.38;48.15571;11.5132;456.3;NaN;37.9;6.3;271.1;7 / 18;1250122;2018-11-09 17:58:28:171
1.532;3.466;8.954;712.0;1.0;54.38;48.15571;11.5132;456.3;NaN;37.9;6.3;271.1;7 / 18;1250221;2018-11-09 17:58:28:270
1.589;3.419;9.136;721.0;1.0;54.38;48.15571;11.5132;456.3;NaN;37.9;6.3;271.1;7 / 18;1250321;2018-11-09 17:58:28:370
1.503;3.466;8.791;710.0;1.0;54.38;48.15571;11.5132;456.3;NaN;37.9;6.3;271.1;7 / 18;1250423;2018-11-09 17:58:28:472
1.608;3.486;9.069;703.0;1.0;56.35;48.15571;11.5132;456.3;NaN;37.9;6.3;271.1;7 / 18;1250521;2018-11-09 17:58:28:570
1.35;3.409;9.05;725.0;1.0;56.35;48.15571;11.5132;456.3;NaN;37.9;6.3;271.1;7 / 18;1250621;2018-11-09 17:58:28:670
1.34;3.352;8.753;731.0;1.0;56.35;48.15571;11.5132;456.3;NaN;37.9;6.3;271.1;7 / 18;1250722;2018-11-09 17:58:28:771
1.436;3.39;8.849;728.0;1.0;59.14;48.15571;11.5132;456.3;NaN;37.9;6.3;271.1;7 / 18;1250821;2018-11-09 17:58:28:870
1.235;3.256;8.734;723.0;1.0;59.14;48.15571;11.5132;456.3;NaN;37.9;6.3;271.1;7 / 18;1250921;2018-11-09 17:58:28:970
1.264;3.371;8.782;728.0;1.0;59.14;48.15571;11.5132;456.3;NaN;37.9;6.3;271.1;7 / 18;1251021;2018-11-09 17:58:29:070
1.206;3.38;8.791;728.0;1.0;59.69;48.15571;11.5132;456.3;NaN;37.9;6.3;271.1;7 / 18;1251126;2018-11-09 17:58:29:175
1.417;3.533;8.801;736.0;1.0;59.69;48.15571;11.51307;458.1;NaN;36.0;6.2;272.3;7 / 18;1251222;2018-11-09 17:58:29:271
1.417;3.553;9.031;722.0;1.0;59.69;48.15571;11.51307;458.1;NaN;36.0;6.2;272.3;7 / 18;1251322;2018-11-09 17:58:29:371
1.359;3.438;8.858;679.0;1.0;59.42;48.15571;11.51307;458.1;NaN;36.0;6.2;272.3;7 / 18;1251422;2018-11-09 17:58:29:471
1.494;3.601;8.667;686.0;1.0;59.42;48.15571;11.51307;458.1;NaN;36.0;6.2;272.3;7 / 18;1251522;2018-11-09 17:58:29:571
1.331;3.342;8.858;687.0;1.0;59.42;48.15571;11.51307;458.1;NaN;36.0;6.2;272.3;7 / 18;1251622;2018-11-09 17:58:29:671
1.446;3.38;8.791;678.0;1.0;56.19;48.15571;11.51307;458.1;NaN;36.0;6.2;272.3;7 / 18;1251721;2018-11-09 17:58:29:770
1.35;3.352;8.724;712.0;1.0;56.19;48.15571;11.51307;458.1;NaN;36.0;6.2;272.3;7 / 18;1251821;2018-11-09 17:58:29:870
1.494;3.514;8.983;695.0;1.0;56.19;48.15571;11.51307;458.1;NaN;36.0;6.2;272.3;7 / 18;1251921;2018-11-09 17:58:29:970
1.407;3.553;9.031;694.0;1.0;54.13;48.15571;11.51307;458.1;NaN;36.0;6.2;272.3;7 / 18;1252022;2018-11-09 17:58:30:071
1.503;3.572;8.906;703.0;1.0;54.13;48.15571;11.51295;458.9;NaN;34.0;6.2;274.5;7 / 18;1252122;2018-11-09 17:58:30:171
1.302;3.524;8.734;703.0;1.0;54.13;48.15571;11.51295;458.9;NaN;34.0;6.2;274.5;7 / 18;1252221;2018-11-09 17:58:30:270
1.379;3.61;8.897;685.0;1.0;54.41;48.15571;11.51295;458.9;NaN;34.0;6.2;274.5;7 / 18;1252321;2018-11-09 17:58:30:370
1.417;3.629;8.887;699.0;1.0;54.41;48.15571;11.51295;458.9;NaN;34.0;6.2;274.5;7 / 18;1252421;2018-11-09 17:58:30:470
1.388;3.562;8.925;705.0;1.0;54.41;48.15571;11.51295;458.9;NaN;34.0;6.2;274.5;7 / 18;1252522;2018-11-09 17:58:30:571
1.426;3.639;8.839;684.0;1.0;54.14;48.15571;11.51295;458.9;NaN;34.0;6.2;274.5;7 / 18;1252622;2018-11-09 17:58:30:671
1.455;3.524;8.734;698.0;1.0;54.14;48.15571;11.51295;458.9;NaN;34.0;6.2;274.5;7 / 18;1252721;2018-11-09 17:58:30:770
1.446;3.61;9.098;687.0;1.0;54.14;48.15571;11.51295;458.9;NaN;34.0;6.2;274.5;7 / 18;1252821;2018-11-09 17:58:30:870
1.484;3.629;8.763;694.0;1.0;54.9;48.15571;11.51295;458.9;NaN;34.0;6.2;274.5;7 / 18;1252922;2018-11-09 17:58:30:971
1.647;3.773;8.676;694.0;1.0;54.9;48.15571;11.51295;458.9;NaN;34.0;6.2;274.5;7 / 18;1253022;2018-11-09 17:58:31:071
1.379;3.476;8.629;670.0;1.0;54.9;48.15572;11.51286;458.7;NaN;32.6;6.0;273.5;7 / 18;1253122;2018-11-09 17:58:31:171
1.57;3.409;8.743;702.0;1.0;55.0;48.15572;11.51286;458.7;NaN;32.6;6.0;273.5;7 / 18;1253222;2018-11-09 17:58:31:271
1.503;3.476;8.878;689.0;1.0;55.0;48.15572;11.51286;458.7;NaN;32.6;6.0;273.5;7 / 18;1253322;2018-11-09 17:58:31:371
1.465;3.562;8.839;669.0;1.0;55.0;48.15572;11.51286;458.7;NaN;32.6;6.0;273.5;7 / 18;1253422;2018-11-09 17:58:31:471
1.369;3.38;8.667;684.0;1.0;54.11;48.15572;11.51286;458.7;NaN;32.6;6.0;273.5;7 / 18;1253522;2018-11-09 17:58:31:571
1.484;3.754;9.012;686.0;1.0;54.11;48.15572;11.51286;458.7;NaN;32.6;6.0;273.5;7 / 18;1253622;2018-11-09 17:58:31:671
1.292;3.562;8.609;680.0;1.0;54.11;48.15572;11.51286;458.7;NaN;32.6;6.0;273.5;7 / 18;1253722;2018-11-09 17:58:31:771
1.474;3.811;9.031;675.0;1.0;57.94;48.15572;11.51286;458.7;NaN;32.6;6.0;273.5;7 / 18;1253822;2018-11-09 17:58:31:871
1.072;3.419;9.289;629.0;1.0;57.94;48.15572;11.51286;458.7;NaN;32.6;6.0;273.5;7 / 18;1253922;2018-11-09 17:58:31:971
1.58;3.677;9.088;619.0;1.0;57.94;48.15572;11.51286;458.7;NaN;32.6;6.0;273.5;7 / 18;1254022;2018-11-09 17:58:32:071
1.063;3.629;8.638;611.0;1.0;55.61;48.15571;11.51276;458.8;NaN;30.6;5.9;273.0;7 / 18;1254122;2018-11-09 17:58:32:171
0.766;3.505;8.763;600.0;1.0;55.61;48.15571;11.51276;458.8;NaN;30.6;5.9;273.0;7 / 18;1254222;2018-11-09 17:58:32:271
0.354;3.735;8.6;572.0;1.0;55.61;48.15571;11.51276;458.8;NaN;30.6;5.9;273.0;7 / 18;1254322;2018-11-09 17:58:32:371
0.823;3.773;8.533;527.0;1.0;54.53;48.15571;11.51276;458.8;NaN;30.6;5.9;273.0;7 / 18;1254422;2018-11-09 17:58:32:471
0.555;3.495;8.858;515.0;1.0;54.53;48.15571;11.51276;458.8;NaN;30.6;5.9;273.0;7 / 18;1254522;2018-11-09 17:58:32:571
1.091;3.888;9.222;507.0;1.0;54.53;48.15571;11.51276;458.8;NaN;30.6;5.9;273.0;7 / 18;1254622;2018-11-09 17:58:32:671
1.235;4.022;8.552;431.0;1.0;53.68;48.15571;11.51276;458.8;NaN;30.6;5.9;273.0;7 / 18;1254722;2018-11-09 17:58:32:771
2.068;4.664;8.063;369.0;1.0;53.68;48.15571;11.51276;458.8;NaN;30.6;5.9;273.0;7 / 18;1254822;2018-11-09 17:58:32:871
0.909;3.744;10.649;359.0;1.0;53.68;48.15571;11.51276;458.8;NaN;30.6;5.9;273.0;7 / 18;1254921;2018-11-09 17:58:32:970
0.9;4.175;7.747;436.0;1.0;57.38;48.15571;11.51276;458.8;NaN;30.6;5.9;273.0;7 / 18;1255021;2018-11-09 17:58:33:070
1.225;3.754;8.504;426.0;1.0;57.38;48.1557;11.51267;458.6;NaN;28.9;5.9;274.0;7 / 18;1255121;2018-11-09 17:58:33:170
1.436;4.051;8.753;433.0;1.0;57.38;48.1557;11.51267;458.6;NaN;28.9;5.9;274.0;7 / 18;1255221;2018-11-09 17:58:33:270
1.187;4.012;8.839;423.0;1.0;53.98;48.1557;11.51267;458.6;NaN;28.9;5.9;274.0;7 / 18;1255322;2018-11-09 17:58:33:371
1.321;4.06;8.743;433.0;1.0;53.98;48.1557;11.51267;458.6;NaN;28.9;5.9;274.0;7 / 18;1255422;2018-11-09 17:58:33:471
1.273;3.993;8.839;442.0;1.0;53.98;48.1557;11.51267;458.6;NaN;28.9;5.9;274.0;7 / 18;1255522;2018-11-09 17:58:33:571
1.216;4.06;8.389;445.0;1.0;53.36;48.1557;11.51267;458.6;NaN;28.9;5.9;274.0;7 / 18;1255622;2018-11-09 17:58:33:671
1.273;3.945;8.475;452.0;1.0;53.36;48.1557;11.51267;458.6;NaN;28.9;5.9;274.0;7 / 18;1255721;2018-11-09 17:58:33:770
1.254;4.185;8.772;453.0;1.0;53.36;48.1557;11.51267;458.6;NaN;28.9;5.9;274.0;7 / 18;1255821;2018-11-09 17:58:33:870
1.091;3.974;8.715;444.0;1.0;52.48;48.1557;11.51267;458.6;NaN;28.9;5.9;274.0;7 / 18;1255922;2018-11-09 17:58:33:971
1.139;3.936;9.05;438.0;1.0;52.48;48.1557;11.51267;458.6;NaN;28.9;5.9;274.0;7 / 18;1256022;2018-11-09 17:58:34:071
1.245;4.204;8.964;430.0;1.0;52.48;48.15571;11.51258;458.5;NaN;27.5;5.9;279.6;7 / 18;1256122;2018-11-09 17:58:34:171
0.948;3.993;8.14;423.0;1.0;53.04;48.15571;11.51258;458.5;NaN;27.5;5.9;279.6;7 / 18;1256221;2018-11-09 17:58:34:270
1.082;4.051;8.408;428.0;1.0;53.04;48.15571;11.51258;458.5;NaN;27.5;5.9;279.6;7 / 18;1256321;2018-11-09 17:58:34:370
0.996;4.118;8.849;441.0;1.0;53.04;48.15571;11.51258;458.5;NaN;27.5;5.9;279.6;7 / 18;1256422;2018-11-09 17:58:34:471
1.072;3.897;7.939;441.0;1.0;54.43;48.15571;11.51258;458.5;NaN;27.5;5.9;279.6;7 / 18;1256522;2018-11-09 17:58:34:571
1.158;4.137;8.408;427.0;1.0;54.43;48.15571;11.51258;458.5;NaN;27.5;5.9;279.6;7 / 18;1256621;2018-11-09 17:58:34:670
1.053;3.782;9.012;427.0;1.0;54.43;48.15571;11.51258;458.5;NaN;27.5;5.9;279.6;7 / 18;1256721;2018-11-09 17:58:34:770
1.216;4.07;7.872;445.0;1.0;52.69;48.15571;11.51258;458.5;NaN;27.5;5.9;279.6;7 / 18;1256822;2018-11-09 17:58:34:871
1.532;4.213;8.447;431.0;1.0;52.69;48.15571;11.51258;458.5;NaN;27.5;5.9;279.6;7 / 18;1256922;2018-11-09 17:58:34:971
0.986;3.878;9.481;423.0;1.0;52.69;48.15571;11.51258;458.5;NaN;27.5;5.9;279.6;7 / 18;1257022;2018-11-09 17:58:35:071
1.369;4.003;8.629;431.0;1.0;54.39;48.15573;11.51249;458.2;NaN;25.5;5.9;285.8;7 / 18;1257122;2018-11-09 17:58:35:171
1.043;3.859;8.887;453.0;1.0;54.39;48.15573;11.51249;458.2;NaN;25.5;5.9;285.8;7 / 18;1257221;2018-11-09 17:58:35:270
2.097;4.443;7.891;451.0;1.0;54.39;48.15573;11.51249;458.2;NaN;25.5;5.9;285.8;7 / 18;1257321;2018-11-09 17:58:35:370
0.976;3.342;8.006;576.0;1.0;51.6;48.15573;11.51249;458.2;NaN;25.5;5.9;285.8;7 / 18;1257421;2018-11-09 17:58:35:470
0.22;4.166;9.031;484.0;1.0;51.6;48.15573;11.51249;458.2;NaN;25.5;5.9;285.8;7 / 18;1257521;2018-11-09 17:58:35:570
0.727;3.179;8.629;600.0;1.0;51.6;48.15573;11.51249;458.2;NaN;25.5;5.9;285.8;7 / 18;1257621;2018-11-09 17:58:35:670
0.478;3.62;9.423;647.0;1.0;54.12;48.15573;11.51249;458.2;NaN;25.5;5.9;285.8;7 / 18;1257722;2018-11-09 17:58:35:771
0.861;3.677;8.542;560.0;1.0;54.12;48.15573;11.51249;458.2;NaN;25.5;5.9;285.8;7 / 18;1257822;2018-11-09 17:58:35:871
1.522;4.166;8.906;486.0;1.0;54.12;48.15573;11.51249;458.2;NaN;25.5;5.9;285.8;7 / 18;1257922;2018-11-09 17:58:35:971
1.101;4.051;10.774;449.0;1.0;53.07;48.15573;11.51249;458.2;NaN;25.5;5.9;285.8;7 / 18;1258021;2018-11-09 17:58:36:070
1.781;4.482;9.462;434.0;1.0;53.07;48.15573;11.51242;457.8;NaN;24.1;5.9;287.1;7 / 18;1258121;2018-11-09 17:58:36:170
1.187;4.204;8.418;460.0;1.0;53.07;48.15573;11.51242;457.8;NaN;24.1;5.9;287.1;7 / 18;1258221;2018-11-09 17:58:36:270
0.967;3.917;8.408;510.0;1.0;53.07;48.15573;11.51242;457.8;NaN;24.1;5.9;287.1;7 / 18;1258321;2018-11-09 17:58:36:370
1.043;3.964;8.466;502.0;1.0;53.07;48.15573;11.51242;457.8;NaN;24.1;5.9;287.1;7 / 18;1258421;2018-11-09 17:58:36:470
0.928;3.964;8.906;499.0;1.0;52.33;48.15573;11.51242;457.8;NaN;24.1;5.9;287.1;7 / 18;1258521;2018-11-09 17:58:36:570
0.928;3.83;8.571;575.0;1.0;52.33;48.15573;11.51242;457.8;NaN;24.1;5.9;287.1;7 / 18;1258622;2018-11-09 17:58:36:671
0.909;3.601;8.274;578.0;1.0;52.33;48.15573;11.51242;457.8;NaN;24.1;5.9;287.1;7 / 18;1258721;2018-11-09 17:58:36:770
0.909;3.505;9.337;595.0;1.0;53.44;48.15573;11.51242;457.8;NaN;24.1;5.9;287.1;7 / 18;1258822;2018-11-09 17:58:36:871
0.718;3.505;8.868;605.0;1.0;53.44;48.15573;11.51242;457.8;NaN;24.1;5.9;287.1;7 / 18;1258921;2018-11-09 17:58:36:970
0.948;3.61;8.849;612.0;1.0;53.44;48.15573;11.51242;457.8;NaN;24.1;5.9;287.1;7 / 18;1259021;2018-11-09 17:58:37:070
0.526;3.572;9.117;627.0;1.0;51.65;48.15574;11.51233;457.5;NaN;23.5;6.0;287.9;7 / 18;1259122;2018-11-09 17:58:37:171
0.823;3.782;9.299;650.0;1.0;51.65;48.15574;11.51233;457.5;NaN;23.5;6.0;287.9;7 / 18;1259221;2018-11-09 17:58:37:270
0.785;3.696;8.533;649.0;1.0;51.65;48.15574;11.51233;457.5;NaN;23.5;6.0;287.9;7 / 18;1259321;2018-11-09 17:58:37:370
0.928;3.696;8.849;655.0;1.0;51.33;48.15574;11.51233;457.5;NaN;23.5;6.0;287.9;7 / 18;1259422;2018-11-09 17:58:37:471
0.383;3.428;9.05;640.0;1.0;51.33;48.15574;11.51233;457.5;NaN;23.5;6.0;287.9;7 / 18;1259522;2018-11-09 17:58:37:571
0.948;3.84;8.983;652.0;1.0;51.33;48.15574;11.51233;457.5;NaN;23.5;6.0;287.9;7 / 18;1259622;2018-11-09 17:58:37:671
0.363;3.352;8.447;637.0;1.0;51.33;48.15574;11.51233;457.5;NaN;23.5;6.0;287.9;7 / 18;1259721;2018-11-09 17:58:37:770
0.459;3.466;9.557;654.0;1.0;52.65;48.15574;11.51233;457.5;NaN;23.5;6.0;287.9;7 / 18;1259821;2018-11-09 17:58:37:870
0.325;3.438;9.423;636.0;1.0;52.65;48.15574;11.51233;457.5;NaN;23.5;6.0;287.9;7 / 18;1259921;2018-11-09 17:58:37:970
0.708;3.601;8.676;671.0;1.0;52.65;48.15574;11.51233;457.5;NaN;23.5;6.0;287.9;7 / 18;1260022;2018-11-09 17:58:38:071
0.306;3.629;9.194;661.0;1.0;52.14;48.15575;11.51226;457.3;NaN;22.7;6.0;286.6;7 / 18;1260122;2018-11-09 17:58:38:171
0.45;3.648;8.973;655.0;1.0;52.14;48.15575;11.51226;457.3;NaN;22.7;6.0;286.6;7 / 18;1260222;2018-11-09 17:58:38:271
0.296;3.495;8.657;659.0;1.0;52.14;48.15575;11.51226;457.3;NaN;22.7;6.0;286.6;7 / 18;1260321;2018-11-09 17:58:38:370
0.277;3.706;9.241;665.0;1.0;52.03;48.15575;11.51226;457.3;NaN;22.7;6.0;286.6;7 / 18;1260421;2018-11-09 17:58:38:470
0.181;3.735;8.581;690.0;1.0;52.03;48.15575;11.51226;457.3;NaN;22.7;6.0;286.6;7 / 18;1260521;2018-11-09 17:58:38:570
0.306;3.696;9.031;680.0;1.0;52.03;48.15575;11.51226;457.3;NaN;22.7;6.0;286.6;7 / 18;1260622;2018-11-09 17:58:38:671
0.067;3.687;9.404;666.0;1.0;52.01;48.15575;11.51226;457.3;NaN;22.7;6.0;286.6;7 / 18;1260722;2018-11-09 17:58:38:771
0.421;3.696;9.414;661.0;1.0;52.01;48.15575;11.51226;457.3;NaN;22.7;6.0;286.6;7 / 18;1260821;2018-11-09 17:58:38:870
0.028;3.859;8.916;671.0;1.0;52.01;48.15575;11.51226;457.3;NaN;22.7;6.0;286.6;7 / 18;1260921;2018-11-09 17:58:38:970
-0.047;3.955;8.83;688.0;1.0;51.33;48.15575;11.51226;457.3;NaN;22.7;6.0;286.6;7 / 18;1261021;2018-11-09 17:58:39:070
0.067;3.802;8.351;672.0;1.0;51.33;48.15574;11.51219;457.0;NaN;21.6;6.0;284.6;7 / 18;1261121;2018-11-09 17:58:39:170
-0.632;4.003;9.241;673.0;1.0;51.33;48.15574;11.51219;457.0;NaN;21.6;6.0;284.6;7 / 18;1261222;2018-11-09 17:58:39:271
-0.622;4.185;10.027;662.0;1.0;51.33;48.15574;11.51219;457.0;NaN;21.6;6.0;284.6;7 / 18;1261322;2018-11-09 17:58:39:371
-0.325;4.089;8.676;661.0;1.0;51.4;48.15574;11.51219;457.0;NaN;21.6;6.0;284.6;7 / 18;1261422;2018-11-09 17:58:39:471
-0.392;4.137;9.146;643.0;1.0;51.4;48.15574;11.51219;457.0;NaN;21.6;6.0;284.6;7 / 18;1261522;2018-11-09 17:58:39:571
-0.44;4.271;9.261;652.0;1.0;51.4;48.15574;11.51219;457.0;NaN;21.6;6.0;284.6;7 / 18;1261622;2018-11-09 17:58:39:671
0.21;4.146;7.92;639.0;1.0;50.05;48.15574;11.51219;457.0;NaN;21.6;6.0;284.6;7 / 18;1261722;2018-11-09 17:58:39:771
-0.459;4.443;9.5;642.0;1.0;50.05;48.15574;11.51219;457.0;NaN;21.6;6.0;284.6;7 / 18;1261821;2018-11-09 17:58:39:870
0.067;4.51;7.996;664.0;1.0;50.05;48.15574;11.51219;457.0;NaN;21.6;6.0;284.6;7 / 18;1261921;2018-11-09 17:58:39:970
-0.392;4.175;8.964;624.0;1.0;55.6;48.15574;11.51219;457.0;NaN;21.6;6.0;284.6;7 / 18;1262022;2018-11-09 17:58:40:071
-0.325;4.213;9.021;641.0;1.0;55.6;48.15574;11.51213;456.7;NaN;20.2;6.0;283.9;7 / 18;1262122;2018-11-09 17:58:40:171
-0.383;4.031;8.552;653.0;1.0;55.6;48.15574;11.51213;456.7;NaN;20.2;6.0;283.9;8 / 18;1262222;2018-11-09 17:58:40:271
-0.45;4.175;9.366;633.0;1.0;51.35;48.15574;11.51213;456.7;NaN;20.2;6.0;283.9;8 / 18;1262322;2018-11-09 17:58:40:371
-0.603;4.127;9.739;653.0;1.0;51.35;48.15574;11.51213;456.7;NaN;20.2;6.0;283.9;8 / 18;1262422;2018-11-09 17:58:40:471
-0.277;4.185;8.83;668.0;1.0;51.35;48.15574;11.51213;456.7;NaN;20.2;6.0;283.9;8 / 18;1262522;2018-11-09 17:58:40:571
-0.249;3.974;9.002;659.0;1.0;47.98;48.15574;11.51213;456.7;NaN;20.2;6.0;283.9;8 / 18;1262621;2018-11-09 17:58:40:670
0.067;4.271;9.289;642.0;1.0;47.98;48.15574;11.51213;456.7;NaN;20.2;6.0;283.9;8 / 18;1262722;2018-11-09 17:58:40:771
-0.526;3.926;8.715;659.0;1.0;47.98;48.15574;11.51213;456.7;NaN;20.2;6.0;283.9;8 / 18;1262822;2018-11-09 17:58:40:871
-0.268;4.328;8.954;659.0;1.0;50.16;48.15574;11.51213;456.7;NaN;20.2;6.0;283.9;8 / 18;1262922;2018-11-09 17:58:40:971
0.22;3.878;8.839;647.0;1.0;50.16;48.15574;11.51213;456.7;NaN;20.2;6.0;283.9;8 / 18;1263022;2018-11-09 17:58:41:071
0.708;3.553;8.801;633.0;1.0;50.16;48.15573;11.51208;456.4;NaN;18.6;6.1;279.3;8 / 18;1263122;2018-11-09 17:58:41:171
0.737;3.409;9.356;625.0;1.0;50.21;48.15573;11.51208;456.4;NaN;18.6;6.1;279.3;8 / 18;1263221;2018-11-09 17:58:41:270
1.254;3.677;8.897;638.0;1.0;50.21;48.15573;11.51208;456.4;NaN;18.6;6.1;279.3;8 / 18;1263321;2018-11-09 17:58:41:370
1.695;3.782;8.839;628.0;1.0;50.21;48.15573;11.51208;456.4;NaN;18.6;6.1;279.3;8 / 18;1263421;2018-11-09 17:58:41:470
1.446;3.677;9.289;652.0;1.0;45.97;48.15573;11.51208;456.4;NaN;18.6;6.1;279.3;8 / 18;1263521;2018-11-09 17:58:41:570
1.608;3.754;8.858;654.0;1.0;45.97;48.15573;11.51208;456.4;NaN;18.6;6.1;279.3;8 / 18;1263622;2018-11-09 17:58:41:671
0.938;3.409;8.245;657.0;1.0;45.97;48.15573;11.51208;456.4;NaN;18.6;6.1;279.3;8 / 18;1263722;2018-11-09 17:58:41:771
0.919;3.476;9.107;670.0;1.0;45.97;48.15573;11.51208;456.4;NaN;18.6;6.1;279.3;8 / 18;1263822;2018-11-09 17:58:41:871
1.618;3.792;8.303;646.0;1.0;45.82;48.15573;11.51208;456.4;NaN;18.6;6.1;279.3;8 / 18;1263922;2018-11-09 17:58:41:971
1.676;3.869;8.887;619.0;1.0;45.82;48.15573;11.51208;456.4;NaN;18.6;6.1;279.3;8 / 18;1264022;2018-11-09 17:58:42:071
1.771;3.859;8.878;638.0;1.0;45.82;48.15571;11.51203;456.2;NaN;16.6;6.1;275.3;8 / 18;1264122;2018-11-09 17:58:42:171
1.484;3.61;8.763;653.0;1.0;45.31;48.15571;11.51203;456.2;NaN;16.6;6.1;275.3;8 / 18;1264221;2018-11-09 17:58:42:270
1.292;3.562;9.098;622.0;1.0;45.31;48.15571;11.51203;456.2;NaN;16.6;6.1;275.3;8 / 18;1264321;2018-11-09 17:58:42:370
1.426;4.06;8.648;625.0;1.0;45.31;48.15571;11.51203;456.2;NaN;16.6;6.1;275.3;8 / 18;1264422;2018-11-09 17:58:42:471
1.091;3.591;8.485;618.0;1.0;45.89;48.15571;11.51203;456.2;NaN;16.6;6.1;275.3;8 / 18;1264522;2018-11-09 17:58:42:571
1.005;3.677;9.031;620.0;1.0;45.89;48.15571;11.51203;456.2;NaN;16.6;6.1;275.3;8 / 18;1264622;2018-11-09 17:58:42:671
1.168;3.735;8.782;577.0;1.0;45.89;48.15571;11.51203;456.2;NaN;16.6;6.1;275.3;8 / 18;1264722;2018-11-09 17:58:42:771
1.283;3.782;8.753;574.0;1.0;45.23;48.15571;11.51203;456.2;NaN;16.6;6.1;275.3;8 / 18;1264822;2018-11-09 17:58:42:871
1.35;3.84;8.466;589.0;1.0;45.23;48.15571;11.51203;456.2;NaN;16.6;6.1;275.3;8 / 18;1264922;2018-11-09 17:58:42:971
1.35;3.869;8.887;571.0;1.0;45.23;48.15571;11.51203;456.2;NaN;16.6;6.1;275.3;8 / 18;1265022;2018-11-09 17:58:43:071
0.775;3.304;8.791;626.0;1.0;52.98;48.15569;11.51199;455.9;NaN;13.5;6.0;274.6;8 / 18;1265122;2018-11-09 17:58:43:171
1.13;4.118;8.284;586.0;1.0;52.98;48.15569;11.51199;455.9;NaN;13.5;6.0;274.6;8 / 18;1265222;2018-11-09 17:58:43:271
-0.009;3.553;8.887;639.0;1.0;52.98;48.15569;11.51199;455.9;NaN;13.5;6.0;274.6;8 / 18;1265322;2018-11-09 17:58:43:371
1.321;3.744;8.581;633.0;1.0;49.81;48.15569;11.51199;455.9;NaN;13.5;6.0;274.6;8 / 18;1265422;2018-11-09 17:58:43:471
0.363;3.083;9.634;662.0;1.0;49.81;48.15569;11.51199;455.9;NaN;13.5;6.0;274.6;8 / 18;1265522;2018-11-09 17:58:43:571
1.407;4.28;7.594;584.0;1.0;49.81;48.15569;11.51199;455.9;NaN;13.5;6.0;274.6;8 / 18;1265622;2018-11-09 17:58:43:671
0.689;3.179;9.423;692.0;1.0;49.81;48.15569;11.51199;455.9;NaN;13.5;6.0;274.6;8 / 18;1265722;2018-11-09 17:58:43:771
0.852;3.38;8.648;755.0;1.0;50.92;48.15569;11.51199;455.9;NaN;13.5;6.0;274.6;8 / 18;1265822;2018-11-09 17:58:43:871
0.976;3.466;8.906;755.0;1.0;50.92;48.15569;11.51199;455.9;NaN;13.5;6.0;274.6;8 / 18;1265922;2018-11-09 17:58:43:971
0.249;3.591;8.609;852.0;1.0;50.92;48.15569;11.51199;455.9;NaN;13.5;6.0;274.6;8 / 18;1266022;2018-11-09 17:58:44:071
0.181;3.476;9.222;953.0;1.0;46.98;48.15569;11.51199;455.9;NaN;13.5;6.0;274.6;8 / 18;1266122;2018-11-09 17:58:44:171
-0.028;3.744;9.577;1062.0;1.0;46.98;48.15567;11.51196;455.6;NaN;11.0;6.0;272.7;8 / 18;1266221;2018-11-09 17:58:44:270
0.392;3.227;9.031;1073.0;1.0;46.98;48.15567;11.51196;455.6;NaN;11.0;6.0;272.7;8 / 18;1266321;2018-11-09 17:58:44:370
0.43;3.696;8.14;941.0;1.0;45.62;48.15567;11.51196;455.6;NaN;11.0;6.0;272.7;8 / 18;1266422;2018-11-09 17:58:44:471
-0.201;3.869;8.657;811.0;1.0;45.62;48.15567;11.51196;455.6;NaN;11.0;6.0;272.7;8 / 18;1266522;2018-11-09 17:58:44:571
0.086;4.07;10.008;395.0;1.0;45.62;48.15567;11.51196;455.6;NaN;11.0;6.0;272.7;8 / 18;1266622;2018-11-09 17:58:44:671
1.168;3.945;7.594;200.0;1.0;47.76;48.15567;11.51196;455.6;NaN;11.0;6.0;272.7;8 / 18;1266721;2018-11-09 17:58:44:770
0.775;3.093;6.981;154.0;1.0;47.76;48.15567;11.51196;455.6;NaN;11.0;6.0;272.7;8 / 18;1266821;2018-11-09 17:58:44:870
2.03;2.384;10.774;177.0;1.0;47.76;48.15567;11.51196;455.6;NaN;11.0;6.0;272.7;8 / 18;1266922;2018-11-09 17:58:44:971
1.628;1.053;10.965;224.0;1.0;47.59;48.15567;11.51196;455.6;NaN;11.0;6.0;272.7;8 / 18;1267022;2018-11-09 17:58:45:071
1.082;0.201;9.807;498.0;1.0;47.59;48.15566;11.51196;455.3;NaN;8.0;6.0;270.4;8 / 18;1267122;2018-11-09 17:58:45:171
3.141;-0.536;10.697;377.0;1.0;47.59;48.15566;11.51196;455.3;NaN;8.0;6.0;270.4;8 / 18;1267222;2018-11-09 17:58:45:271
2.308;-2.403;11.674;396.0;1.0;46.48;48.15566;11.51196;455.3;NaN;8.0;6.0;270.4;8 / 18;1267322;2018-11-09 17:58:45:371
-0.9;-2.193;10.352;257.0;1.0;46.48;48.15566;11.51196;455.3;NaN;8.0;6.0;270.4;8 / 18;1267421;2018-11-09 17:58:45:470
-0.344;-0.785;10.295;227.0;1.0;46.48;48.15566;11.51196;455.3;NaN;8.0;6.0;270.4;8 / 18;1267522;2018-11-09 17:58:45:571
-2.03;0.392;9.96;307.0;1.0;46.48;48.15566;11.51196;455.3;NaN;8.0;6.0;270.4;8 / 18;1267623;2018-11-09 17:58:45:672
-2.921;-2.355;7.451;447.0;1.0;52.16;48.15566;11.51196;455.3;NaN;8.0;6.0;270.4;8 / 18;1267722;2018-11-09 17:58:45:771
-3.17;-1.608;8.073;591.0;1.0;52.16;48.15566;11.51196;455.3;NaN;8.0;6.0;270.4;8 / 18;1267822;2018-11-09 17:58:45:871
-2.078;1.034;8.935;731.0;1.0;52.16;48.15566;11.51196;455.3;NaN;8.0;6.0;270.4;8 / 18;1267922;2018-11-09 17:58:45:971
-2.049;1.446;9.682;819.0;1.0;44.79;48.15566;11.51196;455.3;NaN;8.0;6.0;270.4;8 / 18;1268022;2018-11-09 17:58:46:071
-2.921;1.877;7.881;952.0;1.0;44.79;48.15562;11.51196;455.3;NaN;5.1;5.9;270.4;8 / 18;1268122;2018-11-09 17:58:46:171
-3.917;2.643;9.845;835.0;1.0;44.79;48.15562;11.51196;455.3;NaN;5.1;5.9;270.4;8 / 18;1268222;2018-11-09 17:58:46:271
-1.197;4.338;10.697;565.0;1.0;43.8;48.15562;11.51196;455.3;NaN;5.1;5.9;270.4;8 / 18;1268321;2018-11-09 17:58:46:370
0.603;3.189;10.668;393.0;1.0;43.8;48.15562;11.51196;455.3;NaN;5.1;5.9;270.4;8 / 18;1268421;2018-11-09 17:58:46:470
1.331;2.279;7.326;312.0;1.0;43.8;48.15562;11.51196;455.3;NaN;5.1;5.9;270.4;8 / 18;1268521;2018-11-09 17:58:46:570
-1.522;3.591;5.19;139.0;1.0;43.49;48.15562;11.51196;455.3;NaN;5.1;5.9;270.4;8 / 18;1268622;2018-11-09 17:58:46:671
-2.815;4.079;7.269;126.0;1.0;43.49;48.15562;11.51196;455.3;NaN;5.1;5.9;270.4;8 / 18;1268722;2018-11-09 17:58:46:771
-2.193;5.248;8.494;97.0;1.0;43.49;48.15562;11.51196;455.3;NaN;5.1;5.9;270.4;8 / 18;1268822;2018-11-09 17:58:46:871
0.105;5.717;8.13;112.0;1.0;43.64;48.15562;11.51196;455.3;NaN;5.1;5.9;270.4;8 / 18;1268922;2018-11-09 17:58:46:971
3.677;5.363;8.111;112.0;1.0;43.64;48.15562;11.51196;455.3;NaN;5.1;5.9;270.4;8 / 18;1269022;2018-11-09 17:58:47:071
1.072;3.045;8.025;132.0;1.0;43.64;48.15562;11.51196;455.0;NaN;4.1;5.9;270.4;8 / 18;1269122;2018-11-09 17:58:47:171
0.689;3.792;7.594;139.0;1.0;46.45;48.15562;11.51196;455.0;NaN;4.1;5.9;270.4;8 / 18;1269222;2018-11-09 17:58:47:271
1.015;3.524;8.494;176.0;1.0;46.45;48.15562;11.51196;455.0;NaN;4.1;5.9;270.4;8 / 18;1269322;2018-11-09 17:58:47:371
0.775;3.486;8.226;217.0;1.0;46.45;48.15562;11.51196;455.0;NaN;4.1;5.9;270.4;8 / 18;1269422;2018-11-09 17:58:47:471
1.063;3.342;10.362;271.0;1.0;45.52;48.15562;11.51196;455.0;NaN;4.1;5.9;270.4;8 / 18;1269521;2018-11-09 17:58:47:570
1.982;3.323;9.931;297.0;1.0;45.52;48.15562;11.51196;455.0;NaN;4.1;5.9;270.4;8 / 18;1269622;2018-11-09 17:58:47:671
1.139;3.792;7.01;317.0;1.0;45.52;48.15562;11.51196;455.0;NaN;4.1;5.9;270.4;8 / 18;1269722;2018-11-09 17:58:47:771
2.537;7.087;9.653;296.0;1.0;45.52;48.15562;11.51196;455.0;NaN;4.1;5.9;270.4;8 / 18;1269821;2018-11-09 17:58:47:870
0.871;4.51;9.893;358.0;1.0;46.03;48.15562;11.51196;455.0;NaN;4.1;5.9;270.4;8 / 18;1269921;2018-11-09 17:58:47:970
1.245;2.442;7.24;470.0;1.0;46.03;48.15562;11.51196;455.0;NaN;4.1;5.9;270.4;8 / 18;1270022;2018-11-09 17:58:48:071
-1.331;-0.114;11.913;544.0;1.0;46.03;48.1556;11.51196;454.8;NaN;0.0;5.9;270.4;8 / 18;1270121;2018-11-09 17:58:48:170
0.21;1.79;8.322;487.0;1.0;43.93;48.1556;11.51196;454.8;NaN;0.0;5.9;270.4;8 / 18;1270221;2018-11-09 17:58:48:270
0.086;3.869;7.642;462.0;1.0;43.93;48.1556;11.51196;454.8;NaN;0.0;5.9;270.4;8 / 18;1270322;2018-11-09 17:58:48:371
-2.212;4.367;7.47;432.0;1.0;43.93;48.1556;11.51196;454.8;NaN;0.0;5.9;270.4;8 / 18;1270422;2018-11-09 17:58:48:471
-1.867;4.989;8.265;468.0;1.0;45.31;48.1556;11.51196;454.8;NaN;0.0;5.9;270.4;8 / 18;1270522;2018-11-09 17:58:48:571
-2.231;3.572;10.123;574.0;1.0;45.31;48.1556;11.51196;454.8;NaN;0.0;5.9;270.4;8 / 18;1270622;2018-11-09 17:58:48:671
-1.637;3.696;10.247;555.0;1.0;45.31;48.1556;11.51196;454.8;NaN;0.0;5.9;270.4;8 / 18;1270722;2018-11-09 17:58:48:771
-2.403;4.376;9.711;442.0;1.0;42.58;48.1556;11.51196;454.8;NaN;0.0;5.9;270.4;8 / 18;1270822;2018-11-09 17:58:48:871
0.976;4.233;9.854;347.0;1.0;42.58;48.1556;11.51196;454.8;NaN;0.0;5.9;270.4;8 / 18;1270922;2018-11-09 17:58:48:971
0.986;3.668;7.738;280.0;1.0;42.58;48.1556;11.51196;454.8;NaN;0.0;5.9;270.4;8 / 18;1271022;2018-11-09 17:58:49:071
0.335;5.554;7.326;284.0;1.0;42.38;48.15559;11.51196;454.7;NaN;0.0;5.9;270.4;8 / 18;1271124;2018-11-09 17:58:49:173
-0.316;5.315;7.249;319.0;1.0;42.38;48.15559;11.51196;454.7;NaN;0.0;5.9;270.4;8 / 18;1271222;2018-11-09 17:58:49:271
0.411;4.874;6.933;363.0;1.0;42.38;48.15559;11.51196;454.7;NaN;0.0;5.9;270.4;8 / 18;1271321;2018-11-09 17:58:49:370
0.172;5.008;8.025;409.0;1.0;46.93;48.15559;11.51196;454.7;NaN;0.0;5.9;270.4;8 / 18;1271421;2018-11-09 17:58:49:470
-0.392;5.755;6.914;508.0;1.0;46.93;48.15559;11.51196;454.7;NaN;0.0;5.9;270.4;8 / 18;1271522;2018-11-09 17:58:49:571
1.139;6.062;10.017;567.0;1.0;46.93;48.15559;11.51196;454.7;NaN;0.0;5.9;270.4;8 / 18;1271622;2018-11-09 17:58:49:671
2.269;5.851;7.7;446.0;1.0;43.39;48.15559;11.51196;454.7;NaN;0.0;5.9;270.4;8 / 18;1271722;2018-11-09 17:58:49:771
2.145;2.509;8.044;390.0;1.0;43.39;48.15559;11.51196;454.7;NaN;0.0;5.9;270.4;8 / 18;1271822;2018-11-09 17:58:49:871
0.794;3.15;10.075;352.0;1.0;43.39;48.15559;11.51196;454.7;NaN;0.0;5.9;270.4;8 / 18;1271921;2018-11-09 17:58:49:970
0.287;3.744;7.632;429.0;1.0;43.39;48.15559;11.51196;454.7;NaN;0.0;5.9;270.4;8 / 18;1272021;2018-11-09 17:58:50:070
-0.019;4.376;7.862;577.0;1.0;43.72;48.15558;11.51196;454.4;NaN;0.0;5.9;270.4;8 / 18;1272122;2018-11-09 17:58:50:171
-2.509;4.491;9.634;714.0;1.0;43.72;48.15558;11.51196;454.4;NaN;0.0;5.9;270.4;8 / 18;1272222;2018-11-09 17:58:50:271
-1.417;4.051;10.64;1043.0;1.0;43.72;48.15558;11.51196;454.4;NaN;0.0;5.9;270.4;8 / 18;1272322;2018-11-09 17:58:50:371
-0.21;5.755;9.232;1251.0;1.0;43.89;48.15558;11.51196;454.4;NaN;0.0;5.9;270.4;8 / 18;1272421;2018-11-09 17:58:50:470
3.591;3.083;11.147;6418.0;1.0;43.89;48.15558;11.51196;454.4;NaN;0.0;5.9;270.4;8 / 18;1272521;2018-11-09 17:58:50:570
1.158;2.691;5.66;855.0;1.0;43.89;48.15558;11.51196;454.4;NaN;0.0;5.9;270.4;8 / 18;1272622;2018-11-09 17:58:50:671
-1.024;4.108;8.686;820.0;1.0;48.42;48.15558;11.51196;454.4;NaN;0.0;5.9;270.4;8 / 18;1272722;2018-11-09 17:58:50:771
-0.028;3.84;7.853;705.0;1.0;48.42;48.15558;11.51196;454.4;NaN;0.0;5.9;270.4;8 / 18;1272822;2018-11-09 17:58:50:871
-0.153;3.035;7.91;357.0;1.0;48.42;48.15558;11.51196;454.4;NaN;0.0;5.9;270.4;8 / 18;1272922;2018-11-09 17:58:50:971
-0.114;3.792;6.435;182.0;1.0;45.7;48.15558;11.51196;454.4;NaN;0.0;5.9;270.4;8 / 18;1273022;2018-11-09 17:58:51:071
-0.861;4.922;9.51;111.0;1.0;45.7;48.15558;11.51196;454.4;NaN;0.0;5.9;270.4;8 / 18;1273121;2018-11-09 17:58:51:170
2.221;3.438;13.503;82.0;1.0;45.7;48.15558;11.51196;454.4;NaN;0.0;5.9;270.4;8 / 18;1273222;2018-11-09 17:58:51:271
-1.647;2.834;9.96;55.0;1.0;45.76;48.15558;11.51196;454.4;NaN;0.0;5.9;270.4;8 / 18;1273322;2018-11-09 17:58:51:371
-2.001;2.624;6.292;47.0;1.0;45.76;48.15558;11.51196;454.4;NaN;0.0;5.9;270.4;8 / 18;1273424;2018-11-09 17:58:51:473
-1.245;3.802;8.13;52.0;1.0;45.76;48.15558;11.51196;454.4;NaN;0.0;5.9;270.4;8 / 18;1273522;2018-11-09 17:58:51:571
-0.363;4.185;9.222;32.0;1.0;47.04;48.15558;11.51196;454.4;NaN;0.0;5.9;270.4;8 / 18;1273622;2018-11-09 17:58:51:671
-1.398;4.051;10.151;36.0;1.0;47.04;48.15558;11.51196;454.4;NaN;0.0;5.9;270.4;8 / 18;1273722;2018-11-09 17:58:51:771
0.632;3.131;11.885;47.0;1.0;47.04;48.15558;11.51196;454.4;NaN;0.0;5.9;270.4;8 / 18;1273822;2018-11-09 17:58:51:871
0.919;1.254;8.648;36.0;1.0;47.04;48.15558;11.51196;454.4;NaN;0.0;5.9;270.4;8 / 18;1273921;2018-11-09 17:58:51:970
1.225;2.48;6.32;69.0;1.0;45.92;48.15558;11.51196;454.4;NaN;0.0;5.9;270.4;8 / 18;1274021;2018-11-09 17:58:52:070
-0.478;3.926;7.853;67.0;1.0;45.92;48.15548;11.51191;453.9;NaN;12.1;5.8;215.8;8 / 18;1274121;2018-11-09 17:58:52:170
1.273;3.821;7.805;60.0;1.0;45.92;48.15548;11.51191;453.9;NaN;12.1;5.8;215.8;8 / 18;1274221;2018-11-09 17:58:52:270
-0.373;4.826;9.682;59.0;1.0;45.08;48.15548;11.51191;453.9;NaN;12.1;5.8;215.8;8 / 18;1274322;2018-11-09 17:58:52:371
-0.469;5.324;9.941;60.0;1.0;45.08;48.15548;11.51191;453.9;NaN;12.1;5.8;215.8;8 / 18;1274422;2018-11-09 17:58:52:471
1.034;4.702;7.996;79.0;1.0;45.08;48.15548;11.51191;453.9;NaN;12.1;5.8;215.8;8 / 18;1274521;2018-11-09 17:58:52:570
-0.392;3.581;9.376;75.0;1.0;45.14;48.15548;11.51191;453.9;NaN;12.1;5.8;215.8;8 / 18;1274622;2018-11-09 17:58:52:671
-1.034;3.581;8.054;70.0;1.0;45.14;48.15548;11.51191;453.9;NaN;12.1;5.8;215.8;8 / 18;1274722;2018-11-09 17:58:52:771
-1.426;3.131;8.054;58.0;1.0;45.14;48.15548;11.51191;453.9;NaN;12.1;5.8;215.8;8 / 18;1274822;2018-11-09 17:58:52:871
-1.819;2.03;7.805;57.0;1.0;44.71;48.15548;11.51191;453.9;NaN;12.1;5.8;215.8;8 / 18;1274922;2018-11-09 17:58:52:971
-0.095;4.089;10.391;48.0;1.0;44.71;48.15548;11.51191;453.9;NaN;12.1;5.8;215.8;8 / 18;1275022;2018-11-09 17:58:53:071
-0.392;3.84;11.281;54.0;1.0;44.71;48.15543;11.51192;455.8;NaN;11.0;5.7;210.8;8 / 18;1275121;2018-11-09 17:58:53:170
1.063;2.662;9.184;49.0;1.0;43.85;48.15543;11.51192;455.8;NaN;11.0;5.7;210.8;9 / 18;1275221;2018-11-09 17:58:53:270
1.848;2.26;7.671;56.0;1.0;43.85;48.15543;11.51192;455.8;NaN;11.0;5.7;210.8;9 / 18;1275322;2018-11-09 17:58:53:371
-0.478;3.629;6.627;45.0;1.0;43.85;48.15543;11.51192;455.8;NaN;11.0;5.7;210.8;9 / 18;1275422;2018-11-09 17:58:53:471
-0.498;4.482;8.427;31.0;1.0;47.71;48.15543;11.51192;455.8;NaN;11.0;5.7;210.8;9 / 18;1275522;2018-11-09 17:58:53:571
-1.541;4.079;11.636;44.0;1.0;47.71;48.15543;11.51192;455.8;NaN;11.0;5.7;210.8;9 / 18;1275622;2018-11-09 17:58:53:671
-0.354;5.401;11.186;37.0;1.0;47.71;48.15543;11.51192;455.8;NaN;11.0;5.7;210.8;9 / 18;1275721;2018-11-09 17:58:53:770
-0.354;1.953;8.897;44.0;1.0;45.96;48.15543;11.51192;455.8;NaN;11.0;5.7;210.8;9 / 18;1275822;2018-11-09 17:58:53:871
-1.12;2.193;7.134;45.0;1.0;45.96;48.15543;11.51192;455.8;NaN;11.0;5.7;210.8;9 / 18;1275922;2018-11-09 17:58:53:971
-2.231;2.806;7.7;25.0;1.0;45.96;48.15543;11.51192;455.8;NaN;11.0;5.7;210.8;9 / 18;1276022;2018-11-09 17:58:54:071
-1.225;4.223;8.83;55.0;1.0;45.96;48.15543;11.51192;455.8;NaN;11.0;5.7;210.8;9 / 18;1276122;2018-11-09 17:58:54:171
-1.312;4.28;8.38;44.0;1.0;48.01;48.1554;11.51195;455.5;NaN;7.4;5.6;212.6;9 / 18;1276222;2018-11-09 17:58:54:271
-2.403;3.668;10.87;37.0;1.0;48.01;48.1554;11.51195;455.5;NaN;7.4;5.6;212.6;9 / 18;1276322;2018-11-09 17:58:54:371
-0.076;2.796;10.209;45.0;1.0;48.01;48.1554;11.51195;455.5;NaN;7.4;5.6;212.6;9 / 18;1276422;2018-11-09 17:58:54:471
0.612;1.886;7.23;50.0;1.0;44.64;48.1554;11.51195;455.5;NaN;7.4;5.6;212.6;9 / 18;1276522;2018-11-09 17:58:54:571
-0.967;3.15;7.891;42.0;1.0;44.64;48.1554;11.51195;455.5;NaN;7.4;5.6;212.6;9 / 18;1276622;2018-11-09 17:58:54:671
-0.536;4.089;8.437;28.0;1.0;44.64;48.1554;11.51195;455.5;NaN;7.4;5.6;212.6;9 / 18;1276721;2018-11-09 17:58:54:770
-0.584;4.261;10.036;42.0;1.0;43.64;48.1554;11.51195;455.5;NaN;7.4;5.6;212.6;9 / 18;1276821;2018-11-09 17:58:54:870
-0.114;3.85;10.563;24.0;1.0;43.64;48.1554;11.51195;455.5;NaN;7.4;5.6;212.6;9 / 18;1276922;2018-11-09 17:58:54:971
-0.593;2.394;10.161;48.0;1.0;43.64;48.1554;11.51195;455.5;NaN;7.4;5.6;212.6;9 / 18;1277022;2018-11-09 17:58:55:071
0.239;2.547;7.115;49.0;1.0;43.65;48.15539;11.51197;458.1;NaN;5.6;5.5;222.9;9 / 18;1277122;2018-11-09 17:58:55:171
-0.804;3.447;8.217;46.0;1.0;43.65;48.15539;11.51197;458.1;NaN;5.6;5.5;222.9;9 / 18;1277222;2018-11-09 17:58:55:271
-0.584;3.83;8.121;56.0;1.0;43.65;48.15539;11.51197;458.1;NaN;5.6;5.5;222.9;9 / 18;1277322;2018-11-09 17:58:55:371
0.076;4.213;9.27;53.0;1.0;44.7;48.15539;11.51197;458.1;NaN;5.6;5.5;222.9;9 / 18;1277422;2018-11-09 17:58:55:471
-0.191;3.955;10.965;61.0;1.0;44.7;48.15539;11.51197;458.1;NaN;5.6;5.5;222.9;9 / 18;1277522;2018-11-09 17:58:55:571
1.005;2.078;10.429;32.0;1.0;44.7;48.15539;11.51197;458.1;NaN;5.6;5.5;222.9;9 / 18;1277622;2018-11-09 17:58:55:671
1.628;2.461;7.594;62.0;1.0;44.26;48.15539;11.51197;458.1;NaN;5.6;5.5;222.9;9 / 18;1277721;2018-11-09 17:58:55:770
-0.201;3.802;6.081;55.0;1.0;44.26;48.15539;11.51197;458.1;NaN;5.6;5.5;222.9;9 / 18;1277821;2018-11-09 17:58:55:870
-1.206;4.415;8.533;58.0;1.0;44.26;48.15539;11.51197;458.1;NaN;5.6;5.5;222.9;9 / 18;1277921;2018-11-09 17:58:55:970
-0.363;4.491;11.473;43.0;1.0;44.26;48.15539;11.51197;458.1;NaN;5.6;5.5;222.9;9 / 18;1278022;2018-11-09 17:58:56:071
-0.057;4.06;8.82;47.0;1.0;42.95;48.15537;11.51201;461.6;NaN;3.6;5.4;222.9;9 / 18;1278123;2018-11-09 17:58:56:172
-0.823;1.513;11.186;47.0;1.0;42.95;48.15537;11.51201;461.6;NaN;3.6;5.4;222.9;9 / 18;1278222;2018-11-09 17:58:56:271
-0.919;2.193;6.972;51.0;1.0;42.95;48.15537;11.51201;461.6;NaN;3.6;5.4;222.9;9 / 18;1278322;2018-11-09 17:58:56:371
-1.877;0.948;6.205;58.0;1.0;43.88;48.15537;11.51201;461.6;NaN;3.6;5.4;222.9;9 / 18;1278422;2018-11-09 17:58:56:471
-2.135;2.595;8.648;46.0;1.0;43.88;48.15537;11.51201;461.6;NaN;3.6;5.4;222.9;9 / 18;1278522;2018-11-09 17:58:56:571
-1.532;3.917;8.801;52.0;1.0;43.88;48.15537;11.51201;461.6;NaN;3.6;5.4;222.9;9 / 18;1278622;2018-11-09 17:58:56:671
-2.087;3.648;10.621;59.0;1.0;43.83;48.15537;11.51201;461.6;NaN;3.6;5.4;222.9;9 / 18;1278722;2018-11-09 17:58:56:771
-0.593;2.49;10.889;63.0;1.0;43.83;48.15537;11.51201;461.6;NaN;3.6;5.4;222.9;9 / 18;1278822;2018-11-09 17:58:56:871
-0.526;1.838;7.786;53.0;1.0;43.83;48.15537;11.51201;461.6;NaN;3.6;5.4;222.9;9 / 18;1278922;2018-11-09 17:58:56:971
-1.733;2.94;7.403;54.0;1.0;42.2;48.15537;11.51201;461.6;NaN;3.6;5.4;222.9;9 / 18;1279022;2018-11-09 17:58:57:071
-1.877;3.323;8.226;56.0;1.0;42.2;48.15537;11.51202;462.6;NaN;0.0;5.3;222.9;9 / 18;1279122;2018-11-09 17:58:57:171
-1.992;4.003;9.807;39.0;1.0;42.2;48.15537;11.51202;462.6;NaN;0.0;5.3;222.9;9 / 18;1279222;2018-11-09 17:58:57:271
-2.154;4.185;10.496;42.0;1.0;41.88;48.15537;11.51202;462.6;NaN;0.0;5.3;222.9;9 / 18;1279322;2018-11-09 17:58:57:371
-2.853;2.566;10.247;42.0;1.0;41.88;48.15537;11.51202;462.6;NaN;0.0;5.3;222.9;9 / 18;1279422;2018-11-09 17:58:57:471
-1.513;1.905;8.552;52.0;1.0;41.88;48.15537;11.51202;462.6;NaN;0.0;5.3;222.9;9 / 18;1279522;2018-11-09 17:58:57:571
-2.451;2.643;7.546;64.0;1.0;43.62;48.15537;11.51202;462.6;NaN;0.0;5.3;222.9;9 / 18;1279622;2018-11-09 17:58:57:671
-2.643;3.227;7.182;54.0;1.0;43.62;48.15537;11.51202;462.6;NaN;0.0;5.3;222.9;9 / 18;1279721;2018-11-09 17:58:57:770
-2.432;3.984;8.092;57.0;1.0;43.62;48.15537;11.51202;462.6;NaN;0.0;5.3;222.9;9 / 18;1279822;2018-11-09 17:58:57:871
-2.672;4.204;9.538;58.0;1.0;42.96;48.15537;11.51202;462.6;NaN;0.0;5.3;222.9;9 / 18;1279922;2018-11-09 17:58:57:971
-3.735;4.348;6.071;42.0;1.0;42.96;48.15537;11.51202;462.6;NaN;0.0;5.3;222.9;9 / 18;1280021;2018-11-09 17:58:58:070
-2.758;2.47;10.027;66.0;1.0;42.96;48.15536;11.51205;465.7;NaN;0.0;5.2;222.9;9 / 18;1280122;2018-11-09 17:58:58:171